-118.647 34.4782
-118.658 34.4827
-118.673 34.4906
-118.682 34.4979
-118.692 34.5063
-118.699 34.5163
-118.707 34.5261
-118.717 34.5386
-118.729 34.5478
-118.742 34.5555
-118.750 34.5619
-118.757 34.5687
-118.760 34.5724
-118.760 34.5786
-118.764 34.5808
-118.770 34.5830
-118.776 34.5862
-118.786 34.5853
-118.795 34.5832
-118.801 34.5823
-118.805 34.5826
-118.807 34.5858
-118.809 34.5880
-118.811 34.5895
-118.823 34.5897
-118.831 34.5896
-118.835 34.5907
-118.841 34.5943
-118.845 34.5978
-118.848 34.5974
-118.854 34.6024
-118.854 34.6041
-118.857 34.6072
-118.863 34.6098
-118.865 34.6121
-118.870 34.6165
-118.862 34.6182
-118.853 34.6178
-118.838 34.6170
-118.818 34.6169
-118.799 34.6168
-118.780 34.6157
-118.768 34.6136
-118.763 34.6116
-118.747 34.5976
-118.734 34.5873
-118.718 34.5752
-118.705 34.5634
-118.693 34.5525
-118.680 34.5400
-118.677 34.5362
-118.669 34.5291
-118.655 34.5157
-118.641 34.5019
-118.625 34.4883
-118.607 34.4731
-118.594 34.4616
-118.585 34.4550
-118.570 34.4476
-118.560 34.4411
-118.555 34.4392
-118.546 34.4344
-118.534 34.4272
-118.522 34.4210
-118.511 34.4142
-118.497 34.4078
-118.485 34.4016
-118.472 34.3966
-118.457 34.3922
-118.446 34.3876
-118.437 34.3843
-118.435 34.3817
-118.434 34.3752
-118.432 34.3741
-118.423 34.3700
-118.416 34.3687
-118.414 34.3698
-118.413 34.3695
-118.412 34.3706
-118.412 34.3723
-118.408 34.3731
-118.404 34.3737
-118.405 34.3784
-118.406 34.3814
-118.405 34.3840
-118.402 34.3873
-118.398 34.3922
-118.398 34.3967
-118.396 34.4006
-118.394 34.4032
-118.393 34.4047
-118.391 34.4083
-118.387 34.4115
-118.386 34.4143
-118.385 34.4163
-118.378 34.4206
-118.374 34.4236
-118.372 34.4275
-118.369 34.4317
-118.364 34.4357
-118.355 34.4365
-118.346 34.4384
-118.337 34.4410
-118.323 34.4430
-118.309 34.4444
-118.300 34.4475
-118.292 34.4506
-118.286 34.4555
-118.283 34.4519
-118.278 34.4497
-118.267 34.4451
-118.255 34.4423
-118.245 34.4414
-118.236 34.4424
-118.221 34.4430
-118.216 34.4374
-118.207 34.4269
-118.197 34.4154
-118.185 34.4009
-118.175 34.3894
-118.172 34.3738
-118.163 34.3509
-118.156 34.3274
-118.151 34.2999
-118.148 34.2778
-118.146 34.2562
-118.145 34.2390
-118.143 34.2255
-118.142 34.2145
-118.145 34.2126
-118.147 34.2121
-118.152 34.2124
-118.155 34.2130
-118.158 34.2145
-118.160 34.2166
-118.162 34.2155
-118.164 34.2160
-118.168 34.2166
-118.169 34.2149
-118.170 34.2119
-118.173 34.2118
-118.175 34.2144
-118.177 34.2157
-118.181 34.2172
-118.183 34.2178
-118.186 34.2188
-118.188 34.2179
-118.192 34.2170
-118.194 34.2193
-118.196 34.2213
-118.193 34.2222
-118.191 34.2235
-118.189 34.2256
-118.193 34.2249
-118.196 34.2238
-118.198 34.2242
-118.201 34.2245
-118.205 34.2257
-118.207 34.2277
-118.209 34.2292
-118.211 34.2284
-118.215 34.2286
-118.218 34.2307
-118.221 34.2333
-118.222 34.2366
-118.226 34.2378
-118.230 34.2389
-118.230 34.2407
-118.233 34.2406
-118.235 34.2404
-118.236 34.2412
-118.236 34.2425
-118.236 34.2447
-118.239 34.2447
-118.242 34.2460
-118.245 34.2471
-118.247 34.2470
-118.248 34.2482
-118.248 34.2508
-118.248 34.2541
-118.252 34.2515
-118.255 34.2496
-118.256 34.2508
-118.257 34.2521
-118.258 34.2544
-118.261 34.2522
-118.265 34.2528
-118.268 34.2538
-118.268 34.2565
-118.270 34.2560
-118.272 34.2554
-118.274 34.2569
-118.277 34.2585
-118.277 34.2601
-118.276 34.2608
-118.276 34.2619
-118.280 34.2617
-118.283 34.2629
-118.285 34.2664
-118.285 34.2705
-118.282 34.2730
-118.278 34.2761
-118.282 34.2770
-118.284 34.2777
-118.286 34.2801
-118.284 34.2826
-118.282 34.2852
-118.281 34.2890
-118.284 34.2915
-118.289 34.2923
-118.292 34.2902
-118.296 34.2866
-118.300 34.2851
-118.302 34.2859
-118.307 34.2871
-118.313 34.2898
-118.321 34.2932
-118.326 34.2939
-118.332 34.2940
-118.334 34.2961
-118.338 34.2986
-118.341 34.3018
-118.341 34.3055
-118.344 34.3081
-118.347 34.3112
-118.352 34.3140
-118.356 34.3153
-118.359 34.3155
-118.362 34.3166
-118.366 34.3167
-118.367 34.3162
-118.370 34.3157
-118.370 34.3177
-118.371 34.3199
-118.372 34.3219
-118.375 34.3215
-118.381 34.3219
-118.383 34.3226
-118.386 34.3242
-118.388 34.3257
-118.388 34.3272
-118.390 34.3276
-118.392 34.3270
-118.394 34.3274
-118.395 34.3274
-118.398 34.3283
-118.398 34.3293
-118.399 34.3313
-118.404 34.3319
-118.410 34.3319
-118.411 34.3327
-118.413 34.3341
-118.418 34.3340
-118.424 34.3341
-118.426 34.3356
-118.435 34.3373
-118.441 34.3367
-118.449 34.3353
-118.451 34.3330
-118.453 34.3329
-118.455 34.3339
-118.456 34.3358
-118.454 34.3382
-118.454 34.3413
-118.452 34.3453
-118.454 34.3466
-118.458 34.3428
-118.462 34.3443
-118.464 34.3411
-118.464 34.3363
-118.468 34.3346
-118.471 34.3359
-118.475 34.3346
-118.479 34.3332
-118.482 34.3332
-118.484 34.3320
-118.489 34.3325
-118.502 34.3348
-118.513 34.3368
-118.523 34.3389
-118.526 34.3408
-118.533 34.3506
-118.539 34.3602
-118.546 34.3717
-118.553 34.3859
-118.560 34.4002
-118.565 34.4115
-118.568 34.4245
-118.572 34.4308
-118.575 34.4337
-118.576 34.4353
-118.591 34.4463
-118.598 34.4518
-118.610 34.4568
-118.622 34.4656
-118.635 34.4714
-118.642 34.4742
