   -119.191    34.0710
   -119.219    34.0701
   -119.256    34.0687
   -119.288    34.0688
   -119.315    34.0680
   -119.340    34.0690
   -119.357    34.0698
   -119.363    34.0692
   -119.370    34.0932
   -119.379    34.1250
   -119.390    34.1565
   -119.398    34.1844
   -119.405    34.2135
   -119.413    34.2432
   -119.418    34.2658
   -119.423    34.2832
   -119.427    34.2934
   -119.403    34.2940
   -119.379    34.2959
   -119.353    34.2953
   -119.319    34.2947
   -119.291    34.2957
   -119.264    34.2967
   -119.238    34.2995
   -119.220    34.3010
   -119.211    34.3024
   -119.204    34.2936
   -119.198    34.2826
   -119.191    34.2736
   -119.182    34.2648
   -119.177    34.2593
   -119.171    34.2566
   -119.166    34.2565
   -119.154    34.2654
   -119.141    34.2817
   -119.129    34.2943
   -119.116    34.3055
   -119.101    34.3138
   -119.083    34.3219
   -119.065    34.3271
   -119.051    34.3324
   -119.033    34.3380
   -119.013    34.3451
   -118.987    34.3552
   -118.964    34.3657
   -118.949    34.3730
   -118.927    34.3806
   -118.909    34.3874
   -118.893    34.3900
   -118.881    34.3895
   -118.875    34.3875
   -118.875    34.3818
   -118.876    34.3764
   -118.874    34.3696
   -118.868    34.3651
   -118.852    34.3615
   -118.827    34.3601
   -118.805    34.3578
   -118.792    34.3533
   -118.772    34.3451
   -118.753    34.3424
   -118.733    34.3376
   -118.722    34.3368
   -118.714    34.3409
   -118.694    34.3488
   -118.682    34.3544
   -118.675    34.3554
   -118.655    34.3507
   -118.631    34.3443
   -118.612    34.3385
   -118.600    34.3327
   -118.587    34.3250
   -118.579    34.3192
   -118.567    34.3119
   -118.556    34.3052
   -118.550    34.3008
   -118.547    34.2959
   -118.546    34.2930
   -118.553    34.2918
   -118.560    34.2915
   -118.567    34.2904
   -118.569    34.2882
   -118.570    34.2848
   -118.574    34.2823
   -118.579    34.2812
   -118.581    34.2815
   -118.583    34.2846
   -118.586    34.2834
   -118.583    34.2771
   -118.589    34.2758
   -118.596    34.2753
   -118.605    34.2707
   -118.610    34.2705
   -118.612    34.2661
   -118.617    34.2605
   -118.621    34.2537
   -118.621    34.2491
   -118.623    34.2451
   -118.623    34.2411
   -118.629    34.2384
   -118.635    34.2370
   -118.639    34.2374
   -118.648    34.2307
   -118.658    34.2235
   -118.669    34.2163
   -118.680    34.2092
   -118.690    34.2034
   -118.694    34.2019
   -118.697    34.2018
   -118.699    34.2034
   -118.701    34.2045
   -118.708    34.2037
   -118.709    34.2000
   -118.710    34.1976
   -118.713    34.1956
   -118.716    34.1969
   -118.720    34.1977
   -118.727    34.1965
   -118.732    34.1941
   -118.737    34.1958
   -118.745    34.1936
   -118.751    34.1923
   -118.758    34.1930
   -118.763    34.1944
   -118.766    34.1953
   -118.772    34.1915
   -118.782    34.1863
   -118.798    34.1715
   -118.814    34.1591
   -118.834    34.1456
   -118.852    34.1326
   -118.872    34.1180
   -118.890    34.1067
   -118.908    34.0966
   -118.926    34.0886
   -118.956    34.0755
   -118.969    34.0693
   -118.978    34.0648
   -119.004    34.0660
   -119.035    34.0683
   -119.070    34.0695
   -119.092    34.0703
   -119.122    34.0714
   -119.148    34.0712
   -119.167    34.0716
   -119.182    34.0709
