   -119.198    34.4333
   -119.212    34.4294
   -119.224    34.4257
   -119.234    34.4232
   -119.247    34.4224
   -119.258    34.4265
   -119.269    34.4351
   -119.276    34.4468
   -119.280    34.4619
   -119.280    34.4789
   -119.277    34.4943
   -119.271    34.5031
   -119.262    34.5090
   -119.249    34.5120
   -119.231    34.5142
   -119.211    34.5159
   -119.193    34.5161
   -119.173    34.5168
   -119.154    34.5170
   -119.130    34.5190
   -119.107    34.5196
   -119.087    34.5206
   -119.066    34.5216
   -119.048    34.5238
   -119.022    34.5272
   -119.003    34.5309
   -118.983    34.5345
   -118.969    34.5352
   -118.955    34.5297
   -118.943    34.5228
   -118.937    34.5125
   -118.935    34.4991
   -118.937    34.4863
   -118.944    34.4764
   -118.951    34.4689
   -118.957    34.4653
   -118.982    34.4655
   -119.002    34.4662
   -119.019    34.4670
   -119.038    34.4691
   -119.058    34.4703
   -119.073    34.4711
   -119.085    34.4709
   -119.101    34.4660
   -119.120    34.4586
   -119.136    34.4527
   -119.151    34.4470
   -119.166    34.4424
   -119.179    34.4390
   -119.193    34.4354
