   -119.272    34.5172
   -119.278    34.5192
   -119.282    34.5213
   -119.283    34.5242
   -119.282    34.5288
   -119.278    34.5321
   -119.271    34.5342
   -119.259    34.5326
   -119.243    34.5292
   -119.227    34.5271
   -119.214    34.5247
   -119.198    34.5220
   -119.186    34.5190
   -119.170    34.5167
   -119.154    34.5144
   -119.134    34.5109
   -119.118    34.5081
   -119.100    34.5053
   -119.082    34.5026
   -119.062    34.4986
   -119.050    34.4965
   -119.044    34.4945
   -119.039    34.4914
   -119.037    34.4885
   -119.037    34.4849
   -119.040    34.4830
   -119.052    34.4840
   -119.067    34.4861
   -119.081    34.4873
   -119.095    34.4891
   -119.112    34.4920
   -119.126    34.4944
   -119.141    34.4960
   -119.162    34.4991
   -119.183    34.5015
   -119.202    34.5047
   -119.221    34.5073
   -119.238    34.5099
   -119.255    34.5128
   -119.265    34.5158
