   -119.176    34.4927
   -119.201    34.4951
   -119.220    34.4968
   -119.232    34.4986
   -119.253    34.5008
   -119.267    34.5044
   -119.280    34.5069
   -119.295    34.5075
   -119.321    34.5066
   -119.346    34.5046
   -119.373    34.5022
   -119.402    34.4996
   -119.432    34.4976
   -119.466    34.4972
   -119.489    34.4957
   -119.501    34.4955
   -119.510    34.4980
   -119.514    34.5051
   -119.514    34.5355
   -119.513    34.5647
   -119.514    34.5899
   -119.516    34.6172
   -119.517    34.6438
   -119.514    34.6717
   -119.514    34.7005
   -119.512    34.7188
   -119.509    34.7323
   -119.503    34.7395
   -119.478    34.7376
   -119.443    34.7357
   -119.411    34.7330
   -119.374    34.7330
   -119.337    34.7334
   -119.293    34.7364
   -119.267    34.7367
   -119.237    34.7351
   -119.218    34.7357
   -119.198    34.7347
   -119.192    34.7306
   -119.176    34.7115
   -119.165    34.6986
   -119.151    34.6830
   -119.141    34.6704
   -119.131    34.6546
   -119.119    34.6387
   -119.108    34.6262
   -119.098    34.6135
   -119.089    34.6035
   -119.085    34.5985
   -119.069    34.5971
   -119.050    34.5969
   -119.028    34.5979
   -119.007    34.6008
   -118.987    34.6039
   -118.965    34.6094
   -118.940    34.6153
   -118.909    34.6239
   -118.886    34.6307
   -118.866    34.6372
   -118.846    34.6431
   -118.832    34.6466
   -118.820    34.6485
   -118.812    34.6492
   -118.798    34.6370
   -118.793    34.6186
   -118.793    34.6003
   -118.792    34.5841
   -118.792    34.5701
   -118.791    34.5662
   -118.807    34.5601
   -118.849    34.5499
   -118.880    34.5415
   -118.917    34.5314
   -118.948    34.5240
   -118.964    34.5183
   -118.982    34.5122
   -119.001    34.5066
   -119.020    34.5011
   -119.040    34.4956
   -119.058    34.4895
   -119.070    34.4862
   -119.080    34.4832
   -119.099    34.4849
   -119.120    34.4873
   -119.141    34.4893
   -119.158    34.4908
   -119.166    34.4918
