 34.54610 -119.28300    -999.93
 34.54610 -119.27968    -999.75
 34.54610 -119.27636    -999.31
 34.54610 -119.27304    -998.55
 34.54610 -119.26972    -997.54
 34.54610 -119.26640    -996.47
 34.54610 -119.26308    -995.59
 34.54610 -119.25977    -995.02
 34.54610 -119.25645    -994.74
 34.54610 -119.25313    -994.64
 34.54610 -119.24981    -994.61
 34.54610 -119.24649    -994.61
 34.54610 -119.24317    -994.61
 34.54610 -119.23985    -994.61
 34.54610 -119.23653    -994.63
 34.54610 -119.23322    -994.74
 34.54610 -119.22990    -995.07
 34.54610 -119.22658    -995.74
 34.54610 -119.22326    -996.74
 34.54610 -119.21994    -997.87
 34.54610 -119.21662    -998.87
 34.54610 -119.21330    -999.53
 34.54610 -119.20998    -999.87
 34.54610 -119.20667    -999.98
 34.54610 -119.20335   -1000.00
 34.54610 -119.20003   -1000.00
 34.54610 -119.19671   -1000.00
 34.54610 -119.19339   -1000.00
 34.54610 -119.19007   -1000.00
 34.54610 -119.18675   -1000.00
 34.54610 -119.18343   -1000.00
 34.54610 -119.18011   -1000.00
 34.54610 -119.17680   -1000.00
 34.54610 -119.17348   -1000.00
 34.54610 -119.17016   -1000.00
 34.54610 -119.16684   -1000.00
 34.54610 -119.16352   -1000.00
 34.54610 -119.16020   -1000.00
 34.54610 -119.15688   -1000.00
 34.54610 -119.15356   -1000.00
 34.54610 -119.15025   -1000.00
 34.54610 -119.14693   -1000.00
 34.54610 -119.14361   -1000.00
 34.54610 -119.14029   -1000.00
 34.54610 -119.13697   -1000.00
 34.54610 -119.13365   -1000.00
 34.54610 -119.13033   -1000.00
 34.54610 -119.12701    -999.95
 34.54610 -119.12370    -999.61
 34.54610 -119.12038    -998.47
 34.54610 -119.11706    -995.81
 34.54610 -119.11374    -991.23
 34.54610 -119.11042    -985.12
 34.54610 -119.10710    -978.86
 34.54610 -119.10378    -974.21
 34.54610 -119.10046    -972.76
 34.54610 -119.09715    -975.04
 34.54610 -119.09383    -980.45
 34.54610 -119.09051    -987.13
 34.54610 -119.08719    -993.15
 34.54610 -119.08387    -997.18
 34.54610 -119.08055    -999.20
 34.54610 -119.07723    -999.87
 34.54610 -119.07391   -1000.00
 34.54610 -119.07059   -1000.00
 34.54610 -119.06728   -1000.00
 34.54610 -119.06396   -1000.00
 34.54610 -119.06064   -1000.00
 34.54610 -119.05732   -1000.00
 34.54610 -119.05400   -1000.00
 34.54328 -119.28300    -999.94
 34.54328 -119.27968    -999.79
 34.54328 -119.27636    -999.40
 34.54328 -119.27304    -998.71
 34.54328 -119.26972    -997.75
 34.54328 -119.26640    -996.70
 34.54328 -119.26308    -995.78
 34.54328 -119.25977    -995.14
 34.54328 -119.25645    -994.80
 34.54328 -119.25313    -994.66
 34.54328 -119.24981    -994.62
 34.54328 -119.24649    -994.61
 34.54328 -119.24317    -994.61
 34.54328 -119.23985    -994.61
 34.54328 -119.23653    -994.63
 34.54328 -119.23322    -994.74
 34.54328 -119.22990    -995.07
 34.54328 -119.22658    -995.74
 34.54328 -119.22326    -996.74
 34.54328 -119.21994    -997.87
 34.54328 -119.21662    -998.87
 34.54328 -119.21330    -999.53
 34.54328 -119.20998    -999.87
 34.54328 -119.20667    -999.98
 34.54328 -119.20335   -1000.00
 34.54328 -119.20003   -1000.00
 34.54328 -119.19671   -1000.00
 34.54328 -119.19339   -1000.00
 34.54328 -119.19007   -1000.00
 34.54328 -119.18675   -1000.00
 34.54328 -119.18343   -1000.00
 34.54328 -119.18011   -1000.00
 34.54328 -119.17680   -1000.00
 34.54328 -119.17348   -1000.00
 34.54328 -119.17016   -1000.00
 34.54328 -119.16684   -1000.00
 34.54328 -119.16352   -1000.00
 34.54328 -119.16020   -1000.00
 34.54328 -119.15688   -1000.00
 34.54328 -119.15356   -1000.00
 34.54328 -119.15025   -1000.00
 34.54328 -119.14693   -1000.00
 34.54328 -119.14361   -1000.00
 34.54328 -119.14029   -1000.00
 34.54328 -119.13697   -1000.00
 34.54328 -119.13365   -1000.00
 34.54328 -119.13033   -1000.00
 34.54328 -119.12701    -999.96
 34.54328 -119.12370    -999.69
 34.54328 -119.12038    -998.72
 34.54328 -119.11706    -996.41
 34.54328 -119.11374    -992.30
 34.54328 -119.11042    -986.63
 34.54328 -119.10710    -980.55
 34.54328 -119.10378    -975.80
 34.54328 -119.10046    -974.01
 34.54328 -119.09715    -975.92
 34.54328 -119.09383    -981.01
 34.54328 -119.09051    -987.48
 34.54328 -119.08719    -993.34
 34.54328 -119.08387    -997.27
 34.54328 -119.08055    -999.22
 34.54328 -119.07723    -999.87
 34.54328 -119.07391   -1000.00
 34.54328 -119.07059   -1000.00
 34.54328 -119.06728   -1000.00
 34.54328 -119.06396   -1000.00
 34.54328 -119.06064   -1000.00
 34.54328 -119.05732   -1000.00
 34.54328 -119.05400   -1000.00
 34.54045 -119.28300    -999.96
 34.54045 -119.27968    -999.85
 34.54045 -119.27636    -999.55
 34.54045 -119.27304    -998.98
 34.54045 -119.26972    -998.11
 34.54045 -119.26640    -997.09
 34.54045 -119.26308    -996.11
 34.54045 -119.25977    -995.37
 34.54045 -119.25645    -994.91
 34.54045 -119.25313    -994.70
 34.54045 -119.24981    -994.63
 34.54045 -119.24649    -994.61
 34.54045 -119.24317    -994.61
 34.54045 -119.23985    -994.61
 34.54045 -119.23653    -994.63
 34.54045 -119.23322    -994.74
 34.54045 -119.22990    -995.07
 34.54045 -119.22658    -995.74
 34.54045 -119.22326    -996.74
 34.54045 -119.21994    -997.87
 34.54045 -119.21662    -998.87
 34.54045 -119.21330    -999.53
 34.54045 -119.20998    -999.87
 34.54045 -119.20667    -999.98
 34.54045 -119.20335   -1000.00
 34.54045 -119.20003   -1000.00
 34.54045 -119.19671   -1000.00
 34.54045 -119.19339   -1000.00
 34.54045 -119.19007   -1000.00
 34.54045 -119.18675   -1000.00
 34.54045 -119.18343   -1000.00
 34.54045 -119.18011   -1000.00
 34.54045 -119.17680   -1000.00
 34.54045 -119.17348   -1000.00
 34.54045 -119.17016   -1000.00
 34.54045 -119.16684   -1000.00
 34.54045 -119.16352   -1000.00
 34.54045 -119.16020   -1000.00
 34.54045 -119.15688   -1000.00
 34.54045 -119.15356   -1000.00
 34.54045 -119.15025   -1000.00
 34.54045 -119.14693   -1000.00
 34.54045 -119.14361   -1000.00
 34.54045 -119.14029   -1000.00
 34.54045 -119.13697   -1000.00
 34.54045 -119.13365   -1000.00
 34.54045 -119.13033   -1000.00
 34.54045 -119.12701    -999.98
 34.54045 -119.12370    -999.79
 34.54045 -119.12038    -999.11
 34.54045 -119.11706    -997.37
 34.54045 -119.11374    -994.08
 34.54045 -119.11042    -989.23
 34.54045 -119.10710    -983.66
 34.54045 -119.10378    -978.93
 34.54045 -119.10046    -976.76
 34.54045 -119.09715    -978.11
 34.54045 -119.09383    -982.62
 34.54045 -119.09051    -988.56
 34.54045 -119.08719    -993.97
 34.54045 -119.08387    -997.56
 34.54045 -119.08055    -999.32
 34.54045 -119.07723    -999.89
 34.54045 -119.07391   -1000.00
 34.54045 -119.07059   -1000.00
 34.54045 -119.06728   -1000.00
 34.54045 -119.06396   -1000.00
 34.54045 -119.06064   -1000.00
 34.54045 -119.05732   -1000.00
 34.54045 -119.05400   -1000.00
 34.53764 -119.28300    -999.98
 34.53764 -119.27968    -999.91
 34.53764 -119.27636    -999.70
 34.53764 -119.27304    -999.26
 34.53764 -119.26972    -998.53
 34.53764 -119.26640    -997.57
 34.53764 -119.26308    -996.55
 34.53764 -119.25977    -995.69
 34.53764 -119.25645    -995.10
 34.53764 -119.25313    -994.78
 34.53764 -119.24981    -994.65
 34.53764 -119.24649    -994.62
 34.53764 -119.24317    -994.61
 34.53764 -119.23985    -994.61
 34.53764 -119.23653    -994.63
 34.53764 -119.23322    -994.74
 34.53764 -119.22990    -995.07
 34.53764 -119.22658    -995.74
 34.53764 -119.22326    -996.74
 34.53764 -119.21994    -997.87
 34.53764 -119.21662    -998.87
 34.53764 -119.21330    -999.53
 34.53764 -119.20998    -999.87
 34.53764 -119.20667    -999.98
 34.53764 -119.20335   -1000.00
 34.53764 -119.20003   -1000.00
 34.53764 -119.19671   -1000.00
 34.53764 -119.19339   -1000.00
 34.53764 -119.19007   -1000.00
 34.53764 -119.18675   -1000.00
 34.53764 -119.18343   -1000.00
 34.53764 -119.18011   -1000.00
 34.53764 -119.17680   -1000.00
 34.53764 -119.17348   -1000.00
 34.53764 -119.17016   -1000.00
 34.53764 -119.16684   -1000.00
 34.53764 -119.16352   -1000.00
 34.53764 -119.16020   -1000.00
 34.53764 -119.15688   -1000.00
 34.53764 -119.15356   -1000.00
 34.53764 -119.15025   -1000.00
 34.53764 -119.14693   -1000.00
 34.53764 -119.14361   -1000.00
 34.53764 -119.14029   -1000.00
 34.53764 -119.13697   -1000.00
 34.53764 -119.13365   -1000.00
 34.53764 -119.13033   -1000.00
 34.53764 -119.12701    -999.99
 34.53764 -119.12370    -999.89
 34.53764 -119.12038    -999.49
 34.53764 -119.11706    -998.35
 34.53764 -119.11374    -996.02
 34.53764 -119.11042    -992.28
 34.53764 -119.10710    -987.66
 34.53764 -119.10378    -983.45
 34.53764 -119.10046    -981.35
 34.53764 -119.09715    -982.42
 34.53764 -119.09383    -986.36
 34.53764 -119.09051    -991.53
 34.53764 -119.08719    -996.08
 34.53764 -119.08387    -998.91
 34.53764 -119.08055   -1000.09
 34.53764 -119.07723   -1000.30
 34.53764 -119.07391   -1000.19
 34.53764 -119.07059   -1000.08
 34.53764 -119.06728   -1000.02
 34.53764 -119.06396   -1000.00
 34.53764 -119.06064   -1000.00
 34.53764 -119.05732   -1000.00
 34.53764 -119.05400   -1000.00
 34.53481 -119.28300    -999.99
 34.53481 -119.27968    -999.96
 34.53481 -119.27636    -999.83
 34.53481 -119.27304    -999.51
 34.53481 -119.26972    -998.92
 34.53481 -119.26640    -998.06
 34.53481 -119.26308    -997.05
 34.53481 -119.25977    -996.09
 34.53481 -119.25645    -995.36
 34.53481 -119.25313    -994.91
 34.53481 -119.24981    -994.70
 34.53481 -119.24649    -994.63
 34.53481 -119.24317    -994.61
 34.53481 -119.23985    -994.61
 34.53481 -119.23653    -994.63
 34.53481 -119.23322    -994.74
 34.53481 -119.22990    -995.08
 34.53481 -119.22658    -995.74
 34.53481 -119.22326    -996.74
 34.53481 -119.21994    -997.87
 34.53481 -119.21662    -998.87
 34.53481 -119.21330    -999.54
 34.53481 -119.20998    -999.87
 34.53481 -119.20667    -999.98
 34.53481 -119.20335   -1000.00
 34.53481 -119.20003   -1000.00
 34.53481 -119.19671   -1000.00
 34.53481 -119.19339   -1000.00
 34.53481 -119.19007   -1000.00
 34.53481 -119.18675   -1000.00
 34.53481 -119.18343   -1000.00
 34.53481 -119.18011   -1000.00
 34.53481 -119.17680   -1000.00
 34.53481 -119.17348   -1000.00
 34.53481 -119.17016   -1000.00
 34.53481 -119.16684   -1000.00
 34.53481 -119.16352   -1000.00
 34.53481 -119.16020   -1000.00
 34.53481 -119.15688   -1000.00
 34.53481 -119.15356   -1000.00
 34.53481 -119.15025   -1000.00
 34.53481 -119.14693   -1000.00
 34.53481 -119.14361   -1000.00
 34.53481 -119.14029   -1000.00
 34.53481 -119.13697   -1000.00
 34.53481 -119.13365   -1000.00
 34.53481 -119.13033   -1000.00
 34.53481 -119.12701   -1000.00
 34.53481 -119.12370    -999.95
 34.53481 -119.12038    -999.76
 34.53481 -119.11706    -999.13
 34.53481 -119.11374    -997.70
 34.53481 -119.11042    -995.24
 34.53481 -119.10710    -992.06
 34.53481 -119.10378    -989.26
 34.53481 -119.10046    -988.32
 34.53481 -119.09715    -990.13
 34.53481 -119.09383    -994.16
 34.53481 -119.09051    -998.75
 34.53481 -119.08719   -1002.16
 34.53481 -119.08387   -1003.63
 34.53481 -119.08055   -1003.48
 34.53481 -119.07723   -1002.53
 34.53481 -119.07391   -1001.51
 34.53481 -119.07059   -1000.75
 34.53481 -119.06728   -1000.30
 34.53481 -119.06396   -1000.10
 34.53481 -119.06064   -1000.02
 34.53481 -119.05732   -1000.00
 34.53481 -119.05400   -1000.00
 34.53199 -119.28300   -1000.00
 34.53199 -119.27968    -999.98
 34.53199 -119.27636    -999.91
 34.53199 -119.27304    -999.70
 34.53199 -119.26972    -999.25
 34.53199 -119.26640    -998.52
 34.53199 -119.26308    -997.56
 34.53199 -119.25977    -996.55
 34.53199 -119.25645    -995.69
 34.53199 -119.25313    -995.10
 34.53199 -119.24981    -994.78
 34.53199 -119.24649    -994.65
 34.53199 -119.24317    -994.62
 34.53199 -119.23985    -994.61
 34.53199 -119.23653    -994.63
 34.53199 -119.23322    -994.75
 34.53199 -119.22990    -995.09
 34.53199 -119.22658    -995.77
 34.53199 -119.22326    -996.77
 34.53199 -119.21994    -997.89
 34.53199 -119.21662    -998.89
 34.53199 -119.21330    -999.54
 34.53199 -119.20998    -999.87
 34.53199 -119.20667    -999.98
 34.53199 -119.20335   -1000.00
 34.53199 -119.20003   -1000.00
 34.53199 -119.19671   -1000.00
 34.53199 -119.19339   -1000.00
 34.53199 -119.19007   -1000.00
 34.53199 -119.18675   -1000.00
 34.53199 -119.18343   -1000.00
 34.53199 -119.18011   -1000.00
 34.53199 -119.17680   -1000.00
 34.53199 -119.17348   -1000.00
 34.53199 -119.17016   -1000.00
 34.53199 -119.16684   -1000.00
 34.53199 -119.16352   -1000.00
 34.53199 -119.16020   -1000.00
 34.53199 -119.15688   -1000.00
 34.53199 -119.15356   -1000.00
 34.53199 -119.15025   -1000.00
 34.53199 -119.14693   -1000.00
 34.53199 -119.14361   -1000.00
 34.53199 -119.14029   -1000.00
 34.53199 -119.13697   -1000.00
 34.53199 -119.13365   -1000.00
 34.53199 -119.13033   -1000.00
 34.53199 -119.12701   -1000.00
 34.53199 -119.12370    -999.99
 34.53199 -119.12038    -999.91
 34.53199 -119.11706    -999.63
 34.53199 -119.11374    -998.95
 34.53199 -119.11042    -997.83
 34.53199 -119.10710    -996.67
 34.53199 -119.10378    -996.52
 34.53199 -119.10046    -998.51
 34.53199 -119.09715   -1003.00
 34.53199 -119.09383   -1008.81
 34.53199 -119.09051   -1013.89
 34.53199 -119.08719   -1016.48
 34.53199 -119.08387   -1016.12
 34.53199 -119.08055   -1013.50
 34.53199 -119.07723   -1009.88
 34.53199 -119.07391   -1006.31
 34.53199 -119.07059   -1003.49
 34.53199 -119.06728   -1001.64
 34.53199 -119.06396   -1000.63
 34.53199 -119.06064   -1000.19
 34.53199 -119.05732   -1000.04
 34.53199 -119.05400   -1000.00
 34.52917 -119.28300   -1000.00
 34.52917 -119.27968    -999.99
 34.52917 -119.27636    -999.96
 34.52917 -119.27304    -999.83
 34.52917 -119.26972    -999.51
 34.52917 -119.26640    -998.92
 34.52917 -119.26308    -998.06
 34.52917 -119.25977    -997.05
 34.52917 -119.25645    -996.09
 34.52917 -119.25313    -995.36
 34.52917 -119.24981    -994.91
 34.52917 -119.24649    -994.70
 34.52917 -119.24317    -994.63
 34.52917 -119.23985    -994.61
 34.52917 -119.23653    -994.64
 34.52917 -119.23322    -994.77
 34.52917 -119.22990    -995.13
 34.52917 -119.22658    -995.83
 34.52917 -119.22326    -996.84
 34.52917 -119.21994    -997.96
 34.52917 -119.21662    -998.93
 34.52917 -119.21330    -999.56
 34.52917 -119.20998    -999.88
 34.52917 -119.20667    -999.98
 34.52917 -119.20335   -1000.00
 34.52917 -119.20003   -1000.00
 34.52917 -119.19671   -1000.00
 34.52917 -119.19339   -1000.00
 34.52917 -119.19007   -1000.00
 34.52917 -119.18675   -1000.00
 34.52917 -119.18343   -1000.00
 34.52917 -119.18011   -1000.00
 34.52917 -119.17680   -1000.00
 34.52917 -119.17348   -1000.00
 34.52917 -119.17016   -1000.00
 34.52917 -119.16684   -1000.00
 34.52917 -119.16352   -1000.00
 34.52917 -119.16020   -1000.00
 34.52917 -119.15688   -1000.00
 34.52917 -119.15356   -1000.00
 34.52917 -119.15025   -1000.00
 34.52917 -119.14693   -1000.00
 34.52917 -119.14361   -1000.00
 34.52917 -119.14029   -1000.00
 34.52917 -119.13697   -1000.00
 34.52917 -119.13365   -1000.00
 34.52917 -119.13033   -1000.00
 34.52917 -119.12701   -1000.00
 34.52917 -119.12370   -1000.00
 34.52917 -119.12038    -999.97
 34.52917 -119.11706    -999.91
 34.52917 -119.11374    -999.87
 34.52917 -119.11042   -1000.21
 34.52917 -119.10710   -1001.76
 34.52917 -119.10378   -1005.73
 34.52917 -119.10046   -1012.83
 34.52917 -119.09715   -1022.46
 34.52917 -119.09383   -1032.36
 34.52917 -119.09051   -1039.74
 34.52917 -119.08719   -1042.55
 34.52917 -119.08387   -1040.49
 34.52917 -119.08055   -1034.57
 34.52917 -119.07723   -1026.60
 34.52917 -119.07391   -1018.29
 34.52917 -119.07059   -1011.12
 34.52917 -119.06728   -1005.83
 34.52917 -119.06396   -1002.58
 34.52917 -119.06064   -1000.91
 34.52917 -119.05732   -1000.24
 34.52917 -119.05400   -1000.04
 34.52634 -119.28300   -1000.00
 34.52634 -119.27968   -1000.00
 34.52634 -119.27636    -999.98
 34.52634 -119.27304    -999.91
 34.52634 -119.26972    -999.70
 34.52634 -119.26640    -999.25
 34.52634 -119.26308    -998.52
 34.52634 -119.25977    -997.56
 34.52634 -119.25645    -996.55
 34.52634 -119.25313    -995.69
 34.52634 -119.24981    -995.10
 34.52634 -119.24649    -994.78
 34.52634 -119.24317    -994.65
 34.52634 -119.23985    -994.62
 34.52634 -119.23653    -994.65
 34.52634 -119.23322    -994.81
 34.52634 -119.22990    -995.21
 34.52634 -119.22658    -995.95
 34.52634 -119.22326    -996.98
 34.52634 -119.21994    -998.08
 34.52634 -119.21662    -999.01
 34.52634 -119.21330    -999.60
 34.52634 -119.20998    -999.89
 34.52634 -119.20667    -999.98
 34.52634 -119.20335   -1000.00
 34.52634 -119.20003   -1000.00
 34.52634 -119.19671   -1000.00
 34.52634 -119.19339   -1000.00
 34.52634 -119.19007   -1000.00
 34.52634 -119.18675   -1000.00
 34.52634 -119.18343   -1000.00
 34.52634 -119.18011   -1000.00
 34.52634 -119.17680   -1000.00
 34.52634 -119.17348   -1000.00
 34.52634 -119.17016   -1000.00
 34.52634 -119.16684   -1000.00
 34.52634 -119.16352   -1000.00
 34.52634 -119.16020   -1000.00
 34.52634 -119.15688   -1000.00
 34.52634 -119.15356   -1000.00
 34.52634 -119.15025   -1000.00
 34.52634 -119.14693   -1000.00
 34.52634 -119.14361   -1000.00
 34.52634 -119.14029   -1000.00
 34.52634 -119.13697   -1000.00
 34.52634 -119.13365   -1000.00
 34.52634 -119.13033   -1000.00
 34.52634 -119.12701   -1000.00
 34.52634 -119.12370   -1000.00
 34.52634 -119.12038    -999.99
 34.52634 -119.11706   -1000.08
 34.52634 -119.11374   -1000.64
 34.52634 -119.11042   -1002.70
 34.52634 -119.10710   -1007.76
 34.52634 -119.10378   -1017.30
 34.52634 -119.10046   -1031.46
 34.52634 -119.09715   -1048.36
 34.52634 -119.09383   -1064.37
 34.52634 -119.09051   -1075.79
 34.52634 -119.08719   -1080.21
 34.52634 -119.08387   -1077.33
 34.52634 -119.08055   -1068.29
 34.52634 -119.07723   -1055.27
 34.52634 -119.07391   -1040.60
 34.52634 -119.07059   -1026.75
 34.52634 -119.06728   -1015.46
 34.52634 -119.06396   -1007.67
 34.52634 -119.06064   -1003.14
 34.52634 -119.05732   -1001.03
 34.52634 -119.05400   -1000.29
 34.52352 -119.28300   -1000.00
 34.52352 -119.27968   -1000.00
 34.52352 -119.27636    -999.99
 34.52352 -119.27304    -999.96
 34.52352 -119.26972    -999.83
 34.52352 -119.26640    -999.51
 34.52352 -119.26308    -998.92
 34.52352 -119.25977    -998.06
 34.52352 -119.25645    -997.05
 34.52352 -119.25313    -996.09
 34.52352 -119.24981    -995.36
 34.52352 -119.24649    -994.91
 34.52352 -119.24317    -994.70
 34.52352 -119.23985    -994.64
 34.52352 -119.23653    -994.68
 34.52352 -119.23322    -994.88
 34.52352 -119.22990    -995.34
 34.52352 -119.22658    -996.14
 34.52352 -119.22326    -997.19
 34.52352 -119.21994    -998.27
 34.52352 -119.21662    -999.13
 34.52352 -119.21330    -999.67
 34.52352 -119.20998    -999.91
 34.52352 -119.20667    -999.99
 34.52352 -119.20335   -1000.00
 34.52352 -119.20003   -1000.00
 34.52352 -119.19671   -1000.00
 34.52352 -119.19339   -1000.00
 34.52352 -119.19007   -1000.00
 34.52352 -119.18675   -1000.00
 34.52352 -119.18343   -1000.00
 34.52352 -119.18011   -1000.00
 34.52352 -119.17680   -1000.00
 34.52352 -119.17348   -1000.00
 34.52352 -119.17016   -1000.00
 34.52352 -119.16684   -1000.00
 34.52352 -119.16352   -1000.00
 34.52352 -119.16020   -1000.00
 34.52352 -119.15688   -1000.00
 34.52352 -119.15356   -1000.00
 34.52352 -119.15025   -1000.00
 34.52352 -119.14693   -1000.00
 34.52352 -119.14361   -1000.00
 34.52352 -119.14029   -1000.00
 34.52352 -119.13697   -1000.00
 34.52352 -119.13365   -1000.00
 34.52352 -119.13033   -1000.00
 34.52352 -119.12701   -1000.00
 34.52352 -119.12370   -1000.00
 34.52352 -119.12038   -1000.00
 34.52352 -119.11706   -1000.22
 34.52352 -119.11374   -1001.45
 34.52352 -119.11042   -1005.52
 34.52352 -119.10710   -1014.75
 34.52352 -119.10378   -1030.85
 34.52352 -119.10046   -1053.04
 34.52352 -119.09715   -1077.91
 34.52352 -119.09383   -1100.42
 34.52352 -119.09051   -1116.27
 34.52352 -119.08719   -1123.09
 34.52352 -119.08387   -1120.72
 34.52352 -119.08055   -1110.25
 34.52352 -119.07723   -1093.65
 34.52352 -119.07391   -1073.24
 34.52352 -119.07059   -1052.03
 34.52352 -119.06728   -1032.89
 34.52352 -119.06396   -1018.15
 34.52352 -119.06064   -1008.51
 34.52352 -119.05732   -1003.35
 34.52352 -119.05400   -1001.27
 34.52070 -119.28300   -1000.00
 34.52070 -119.27968   -1000.00
 34.52070 -119.27636   -1000.00
 34.52070 -119.27304    -999.98
 34.52070 -119.26972    -999.91
 34.52070 -119.26640    -999.70
 34.52070 -119.26308    -999.25
 34.52070 -119.25977    -998.52
 34.52070 -119.25645    -997.55
 34.52070 -119.25313    -996.50
 34.52070 -119.24981    -995.58
 34.52070 -119.24649    -994.89
 34.52070 -119.24317    -994.47
 34.52070 -119.23985    -994.29
 34.52070 -119.23653    -994.34
 34.52070 -119.23322    -994.65
 34.52070 -119.22990    -995.29
 34.52070 -119.22658    -996.26
 34.52070 -119.22326    -997.40
 34.52070 -119.21994    -998.48
 34.52070 -119.21662    -999.28
 34.52070 -119.21330    -999.74
 34.52070 -119.20998    -999.93
 34.52070 -119.20667    -999.99
 34.52070 -119.20335   -1000.00
 34.52070 -119.20003   -1000.00
 34.52070 -119.19671   -1000.00
 34.52070 -119.19339   -1000.00
 34.52070 -119.19007   -1000.00
 34.52070 -119.18675   -1000.00
 34.52070 -119.18343   -1000.00
 34.52070 -119.18011   -1000.00
 34.52070 -119.17680   -1000.00
 34.52070 -119.17348   -1000.00
 34.52070 -119.17016   -1000.00
 34.52070 -119.16684   -1000.00
 34.52070 -119.16352   -1000.00
 34.52070 -119.16020   -1000.00
 34.52070 -119.15688   -1000.00
 34.52070 -119.15356   -1000.00
 34.52070 -119.15025   -1000.00
 34.52070 -119.14693   -1000.00
 34.52070 -119.14361   -1000.00
 34.52070 -119.14029   -1000.00
 34.52070 -119.13697   -1000.00
 34.52070 -119.13365   -1000.00
 34.52070 -119.13033   -1000.00
 34.52070 -119.12701   -1000.00
 34.52070 -119.12370   -1000.00
 34.52070 -119.12038   -1000.00
 34.52070 -119.11706   -1000.38
 34.52070 -119.11374   -1002.38
 34.52070 -119.11042   -1008.70
 34.52070 -119.10710   -1022.42
 34.52070 -119.10378   -1045.24
 34.52070 -119.10046   -1075.12
 34.52070 -119.09715   -1106.94
 34.52070 -119.09383   -1134.46
 34.52070 -119.09051   -1153.45
 34.52070 -119.08719   -1162.23
 34.52070 -119.08387   -1161.32
 34.52070 -119.08055   -1151.72
 34.52070 -119.07723   -1134.71
 34.52070 -119.07391   -1111.68
 34.52070 -119.07059   -1085.21
 34.52070 -119.06728   -1058.71
 34.52070 -119.06396   -1035.90
 34.52070 -119.06064   -1019.14
 34.52070 -119.05732   -1008.94
 34.52070 -119.05400   -1004.33
 34.51788 -119.28300   -1000.00
 34.51788 -119.27968   -1000.00
 34.51788 -119.27636   -1000.00
 34.51788 -119.27304    -999.99
 34.51788 -119.26972    -999.96
 34.51788 -119.26640    -999.83
 34.51788 -119.26308    -999.51
 34.51788 -119.25977    -998.91
 34.51788 -119.25645    -998.00
 34.51788 -119.25313    -996.81
 34.51788 -119.24981    -995.46
 34.51788 -119.24649    -994.14
 34.51788 -119.24317    -993.03
 34.51788 -119.23985    -992.38
 34.51788 -119.23653    -992.36
 34.51788 -119.23322    -993.05
 34.51788 -119.22990    -994.32
 34.51788 -119.22658    -995.90
 34.51788 -119.22326    -997.42
 34.51788 -119.21994    -998.64
 34.51788 -119.21662    -999.41
 34.51788 -119.21330    -999.81
 34.51788 -119.20998    -999.96
 34.51788 -119.20667   -1000.00
 34.51788 -119.20335   -1000.00
 34.51788 -119.20003   -1000.00
 34.51788 -119.19671   -1000.00
 34.51788 -119.19339   -1000.00
 34.51788 -119.19007   -1000.00
 34.51788 -119.18675   -1000.00
 34.51788 -119.18343   -1000.00
 34.51788 -119.18011   -1000.00
 34.51788 -119.17680   -1000.00
 34.51788 -119.17348   -1000.00
 34.51788 -119.17016   -1000.00
 34.51788 -119.16684   -1000.00
 34.51788 -119.16352   -1000.00
 34.51788 -119.16020   -1000.00
 34.51788 -119.15688   -1000.00
 34.51788 -119.15356   -1000.00
 34.51788 -119.15025   -1000.00
 34.51788 -119.14693   -1000.00
 34.51788 -119.14361   -1000.00
 34.51788 -119.14029   -1000.00
 34.51788 -119.13697   -1000.00
 34.51788 -119.13365   -1000.00
 34.51788 -119.13033   -1000.00
 34.51788 -119.12701   -1000.00
 34.51788 -119.12370   -1000.00
 34.51788 -119.12038   -1000.02
 34.51788 -119.11706   -1000.62
 34.51788 -119.11374   -1003.53
 34.51788 -119.11042   -1012.27
 34.51788 -119.10710   -1030.44
 34.51788 -119.10378   -1059.36
 34.51788 -119.10046   -1095.41
 34.51788 -119.09715   -1131.81
 34.51788 -119.09383   -1161.56
 34.51788 -119.09051   -1181.21
 34.51788 -119.08719   -1190.52
 34.51788 -119.08387   -1191.14
 34.51788 -119.08055   -1184.22
 34.51788 -119.07723   -1170.13
 34.51788 -119.07391   -1148.85
 34.51788 -119.07059   -1121.50
 34.51788 -119.06728   -1090.89
 34.51788 -119.06396   -1061.37
 34.51788 -119.06064   -1036.98
 34.51788 -119.05732   -1020.29
 34.51788 -119.05400   -1012.00
 34.51506 -119.28300   -1000.00
 34.51506 -119.27968   -1000.00
 34.51506 -119.27636   -1000.00
 34.51506 -119.27304   -1000.00
 34.51506 -119.26972    -999.98
 34.51506 -119.26640    -999.91
 34.51506 -119.26308    -999.70
 34.51506 -119.25977    -999.23
 34.51506 -119.25645    -998.32
 34.51506 -119.25313    -996.79
 34.51506 -119.24981    -994.50
 34.51506 -119.24649    -991.62
 34.51506 -119.24317    -988.71
 34.51506 -119.23985    -986.72
 34.51506 -119.23653    -986.45
 34.51506 -119.23322    -988.10
 34.51506 -119.22990    -991.05
 34.51506 -119.22658    -994.29
 34.51506 -119.22326    -996.92
 34.51506 -119.21994    -998.63
 34.51506 -119.21662    -999.50
 34.51506 -119.21330    -999.86
 34.51506 -119.20998    -999.97
 34.51506 -119.20667   -1000.00
 34.51506 -119.20335   -1000.00
 34.51506 -119.20003   -1000.00
 34.51506 -119.19671   -1000.00
 34.51506 -119.19339   -1000.00
 34.51506 -119.19007   -1000.00
 34.51506 -119.18675   -1000.00
 34.51506 -119.18343   -1000.00
 34.51506 -119.18011   -1000.00
 34.51506 -119.17680   -1000.00
 34.51506 -119.17348   -1000.00
 34.51506 -119.17016   -1000.00
 34.51506 -119.16684   -1000.00
 34.51506 -119.16352   -1000.00
 34.51506 -119.16020   -1000.00
 34.51506 -119.15688   -1000.00
 34.51506 -119.15356   -1000.00
 34.51506 -119.15025   -1000.00
 34.51506 -119.14693   -1000.00
 34.51506 -119.14361   -1000.00
 34.51506 -119.14029   -1000.00
 34.51506 -119.13697   -1000.00
 34.51506 -119.13365   -1000.00
 34.51506 -119.13033   -1000.00
 34.51506 -119.12701   -1000.00
 34.51506 -119.12370   -1000.00
 34.51506 -119.12038   -1000.08
 34.51506 -119.11706   -1001.03
 34.51506 -119.11374   -1005.14
 34.51506 -119.11042   -1016.56
 34.51506 -119.10710   -1039.05
 34.51506 -119.10378   -1073.04
 34.51506 -119.10046   -1113.23
 34.51506 -119.09715   -1151.45
 34.51506 -119.09383   -1180.64
 34.51506 -119.09051   -1198.62
 34.51506 -119.08719   -1206.90
 34.51506 -119.08387   -1208.35
 34.51506 -119.08055   -1204.41
 34.51506 -119.07723   -1194.93
 34.51506 -119.07391   -1178.66
 34.51506 -119.07059   -1155.01
 34.51506 -119.06728   -1125.19
 34.51506 -119.06396   -1092.78
 34.51506 -119.06064   -1062.74
 34.51506 -119.05732   -1039.87
 34.51506 -119.05400   -1027.60
 34.51223 -119.28300   -1000.00
 34.51223 -119.27968   -1000.00
 34.51223 -119.27636   -1000.00
 34.51223 -119.27304   -1000.00
 34.51223 -119.26972    -999.99
 34.51223 -119.26640    -999.96
 34.51223 -119.26308    -999.83
 34.51223 -119.25977    -999.46
 34.51223 -119.25645    -998.51
 34.51223 -119.25313    -996.40
 34.51223 -119.24981    -992.53
 34.51223 -119.24649    -986.91
 34.51223 -119.24317    -980.71
 34.51223 -119.23985    -976.14
 34.51223 -119.23653    -975.24
 34.51223 -119.23322    -978.58
 34.51223 -119.22990    -984.61
 34.51223 -119.22658    -990.96
 34.51223 -119.22326    -995.72
 34.51223 -119.21994    -998.42
 34.51223 -119.21662    -999.55
 34.51223 -119.21330    -999.91
 34.51223 -119.20998    -999.98
 34.51223 -119.20667   -1000.00
 34.51223 -119.20335   -1000.00
 34.51223 -119.20003   -1000.00
 34.51223 -119.19671   -1000.00
 34.51223 -119.19339   -1000.00
 34.51223 -119.19007   -1000.00
 34.51223 -119.18675   -1000.00
 34.51223 -119.18343   -1000.00
 34.51223 -119.18011   -1000.00
 34.51223 -119.17680   -1000.00
 34.51223 -119.17348   -1000.00
 34.51223 -119.17016   -1000.00
 34.51223 -119.16684   -1000.00
 34.51223 -119.16352   -1000.00
 34.51223 -119.16020   -1000.00
 34.51223 -119.15688   -1000.00
 34.51223 -119.15356   -1000.00
 34.51223 -119.15025   -1000.00
 34.51223 -119.14693   -1000.00
 34.51223 -119.14361   -1000.00
 34.51223 -119.14029   -1000.00
 34.51223 -119.13697   -1000.00
 34.51223 -119.13365   -1000.00
 34.51223 -119.13033   -1000.00
 34.51223 -119.12701   -1000.00
 34.51223 -119.12370   -1000.00
 34.51223 -119.12038   -1000.19
 34.51223 -119.11706   -1001.70
 34.51223 -119.11374   -1007.42
 34.51223 -119.11042   -1021.94
 34.51223 -119.10710   -1048.68
 34.51223 -119.10378   -1086.66
 34.51223 -119.10046   -1128.95
 34.51223 -119.09715   -1166.56
 34.51223 -119.09383   -1193.12
 34.51223 -119.09051   -1208.05
 34.51223 -119.08719   -1214.39
 34.51223 -119.08387   -1215.85
 34.51223 -119.08055   -1214.15
 34.51223 -119.07723   -1209.02
 34.51223 -119.07391   -1198.75
 34.51223 -119.07059   -1181.55
 34.51223 -119.06728   -1156.85
 34.51223 -119.06396   -1126.49
 34.51223 -119.06064   -1095.01
 34.51223 -119.05732   -1068.71
 34.51223 -119.05400   -1053.69
 34.50941 -119.28300   -1000.00
 34.50941 -119.27968   -1000.00
 34.50941 -119.27636   -1000.00
 34.50941 -119.27304   -1000.00
 34.50941 -119.26972   -1000.00
 34.50941 -119.26640    -999.98
 34.50941 -119.26308    -999.91
 34.50941 -119.25977    -999.62
 34.50941 -119.25645    -998.61
 34.50941 -119.25313    -995.84
 34.50941 -119.24981    -990.12
 34.50941 -119.24649    -981.18
 34.50941 -119.24317    -970.83
 34.50941 -119.23985    -962.95
 34.50941 -119.23653    -961.17
 34.50941 -119.23322    -966.57
 34.50941 -119.22990    -976.49
 34.50941 -119.22658    -986.77
 34.50941 -119.22326    -994.18
 34.50941 -119.21994    -998.11
 34.50941 -119.21662    -999.57
 34.50941 -119.21330    -999.94
 34.50941 -119.20998    -999.99
 34.50941 -119.20667   -1000.00
 34.50941 -119.20335   -1000.00
 34.50941 -119.20003   -1000.00
 34.50941 -119.19671   -1000.00
 34.50941 -119.19339   -1000.00
 34.50941 -119.19007   -1000.00
 34.50941 -119.18675   -1000.00
 34.50941 -119.18343   -1000.00
 34.50941 -119.18011   -1000.00
 34.50941 -119.17680   -1000.00
 34.50941 -119.17348   -1000.00
 34.50941 -119.17016   -1000.00
 34.50941 -119.16684   -1000.00
 34.50941 -119.16352   -1000.00
 34.50941 -119.16020   -1000.00
 34.50941 -119.15688   -1000.00
 34.50941 -119.15356   -1000.00
 34.50941 -119.15025   -1000.00
 34.50941 -119.14693   -1000.00
 34.50941 -119.14361   -1000.00
 34.50941 -119.14029   -1000.00
 34.50941 -119.13697   -1000.00
 34.50941 -119.13365   -1000.00
 34.50941 -119.13033   -1000.00
 34.50941 -119.12701   -1000.00
 34.50941 -119.12370   -1000.00
 34.50941 -119.12038   -1000.36
 34.50941 -119.11706   -1002.61
 34.50941 -119.11374   -1010.34
 34.50941 -119.11042   -1028.33
 34.50941 -119.10710   -1059.25
 34.50941 -119.10378   -1100.29
 34.50941 -119.10046   -1143.10
 34.50941 -119.09715   -1178.46
 34.50941 -119.09383   -1201.41
 34.50941 -119.09051   -1212.97
 34.50941 -119.08719   -1217.31
 34.50941 -119.08387   -1218.32
 34.50941 -119.08055   -1217.77
 34.50941 -119.07723   -1215.53
 34.50941 -119.07391   -1210.17
 34.50941 -119.07059   -1199.66
 34.50941 -119.06728   -1182.24
 34.50941 -119.06396   -1157.96
 34.50941 -119.06064   -1130.00
 34.50941 -119.05732   -1104.68
 34.50941 -119.05400   -1089.47
 34.50659 -119.28300   -1000.00
 34.50659 -119.27968   -1000.00
 34.50659 -119.27636   -1000.00
 34.50659 -119.27304   -1000.00
 34.50659 -119.26972   -1000.00
 34.50659 -119.26640    -999.99
 34.50659 -119.26308    -999.96
 34.50659 -119.25977    -999.74
 34.50659 -119.25645    -998.74
 34.50659 -119.25313    -995.64
 34.50659 -119.24981    -988.73
 34.50659 -119.24649    -977.49
 34.50659 -119.24317    -964.14
 34.50659 -119.23985    -953.84
 34.50659 -119.23653    -951.45
 34.50659 -119.23322    -958.47
 34.50659 -119.22990    -971.25
 34.50659 -119.22658    -984.30
 34.50659 -119.22326    -993.44
 34.50659 -119.21994    -998.08
 34.50659 -119.21662    -999.64
 34.50659 -119.21330    -999.98
 34.50659 -119.20998   -1000.00
 34.50659 -119.20667   -1000.00
 34.50659 -119.20335   -1000.00
 34.50659 -119.20003   -1000.00
 34.50659 -119.19671   -1000.00
 34.50659 -119.19339   -1000.00
 34.50659 -119.19007   -1000.00
 34.50659 -119.18675   -1000.00
 34.50659 -119.18343   -1000.00
 34.50659 -119.18011   -1000.00
 34.50659 -119.17680   -1000.00
 34.50659 -119.17348   -1000.00
 34.50659 -119.17016   -1000.00
 34.50659 -119.16684   -1000.00
 34.50659 -119.16352   -1000.00
 34.50659 -119.16020   -1000.00
 34.50659 -119.15688   -1000.00
 34.50659 -119.15356   -1000.00
 34.50659 -119.15025   -1000.00
 34.50659 -119.14693   -1000.00
 34.50659 -119.14361   -1000.00
 34.50659 -119.14029   -1000.00
 34.50659 -119.13697   -1000.00
 34.50659 -119.13365   -1000.00
 34.50659 -119.13033   -1000.00
 34.50659 -119.12701   -1000.00
 34.50659 -119.12370   -1000.00
 34.50659 -119.12038   -1000.55
 34.50659 -119.11706   -1003.60
 34.50659 -119.11374   -1013.43
 34.50659 -119.11042   -1034.79
 34.50659 -119.10710   -1069.47
 34.50659 -119.10378   -1112.71
 34.50659 -119.10046   -1155.08
 34.50659 -119.09715   -1187.57
 34.50659 -119.09383   -1206.92
 34.50659 -119.09051   -1215.58
 34.50659 -119.08719   -1218.35
 34.50659 -119.08387   -1218.90
 34.50659 -119.08055   -1218.77
 34.50659 -119.07723   -1218.01
 34.50659 -119.07391   -1215.73
 34.50659 -119.07059   -1210.34
 34.50659 -119.06728   -1199.93
 34.50659 -119.06396   -1183.49
 34.50659 -119.06064   -1162.62
 34.50659 -119.05732   -1142.41
 34.50659 -119.05400   -1129.77
 34.50377 -119.28300   -1000.00
 34.50377 -119.27968   -1000.00
 34.50377 -119.27636   -1000.00
 34.50377 -119.27304   -1000.00
 34.50377 -119.26972   -1000.00
 34.50377 -119.26640   -1000.00
 34.50377 -119.26308    -999.98
 34.50377 -119.25977    -999.84
 34.50377 -119.25645    -998.99
 34.50377 -119.25313    -996.15
 34.50377 -119.24981    -989.56
 34.50377 -119.24649    -978.64
 34.50377 -119.24317    -965.62
 34.50377 -119.23985    -955.75
 34.50377 -119.23653    -953.91
 34.50377 -119.23322    -961.33
 34.50377 -119.22990    -974.08
 34.50377 -119.22658    -986.56
 34.50377 -119.22326    -994.84
 34.50377 -119.21994    -998.73
 34.50377 -119.21662    -999.86
 34.50377 -119.21330   -1000.02
 34.50377 -119.20998   -1000.00
 34.50377 -119.20667   -1000.00
 34.50377 -119.20335   -1000.00
 34.50377 -119.20003   -1000.00
 34.50377 -119.19671   -1000.00
 34.50377 -119.19339   -1000.00
 34.50377 -119.19007   -1000.00
 34.50377 -119.18675   -1000.00
 34.50377 -119.18343   -1000.00
 34.50377 -119.18011   -1000.00
 34.50377 -119.17680   -1000.00
 34.50377 -119.17348   -1000.00
 34.50377 -119.17016   -1000.00
 34.50377 -119.16684   -1000.00
 34.50377 -119.16352   -1000.00
 34.50377 -119.16020   -1000.00
 34.50377 -119.15688   -1000.00
 34.50377 -119.15356   -1000.00
 34.50377 -119.15025   -1000.00
 34.50377 -119.14693   -1000.00
 34.50377 -119.14361   -1000.00
 34.50377 -119.14029   -1000.00
 34.50377 -119.13697   -1000.00
 34.50377 -119.13365   -1000.00
 34.50377 -119.13033   -1000.00
 34.50377 -119.12701   -1000.00
 34.50377 -119.12370   -1000.00
 34.50377 -119.12038   -1000.71
 34.50377 -119.11706   -1004.45
 34.50377 -119.11374   -1016.05
 34.50377 -119.11042   -1040.16
 34.50377 -119.10710   -1077.74
 34.50377 -119.10378   -1122.42
 34.50377 -119.10046   -1164.05
 34.50377 -119.09715   -1193.97
 34.50377 -119.09383   -1210.46
 34.50377 -119.09051   -1217.01
 34.50377 -119.08719   -1218.78
 34.50377 -119.08387   -1219.01
 34.50377 -119.08055   -1218.99
 34.50377 -119.07723   -1218.79
 34.50377 -119.07391   -1218.01
 34.50377 -119.07059   -1215.73
 34.50377 -119.06728   -1210.53
 34.50377 -119.06396   -1201.24
 34.50377 -119.06064   -1188.38
 34.50377 -119.05732   -1175.20
 34.50377 -119.05400   -1166.68
 34.50095 -119.28300   -1000.00
 34.50095 -119.27968   -1000.00
 34.50095 -119.27636   -1000.00
 34.50095 -119.27304   -1000.00
 34.50095 -119.26972   -1000.00
 34.50095 -119.26640   -1000.00
 34.50095 -119.26308   -1000.00
 34.50095 -119.25977    -999.91
 34.50095 -119.25645    -999.35
 34.50095 -119.25313    -997.37
 34.50095 -119.24981    -992.69
 34.50095 -119.24649    -984.99
 34.50095 -119.24317    -976.15
 34.50095 -119.23985    -970.15
 34.50095 -119.23653    -970.33
 34.50095 -119.23322    -976.90
 34.50095 -119.22990    -986.27
 34.50095 -119.22658    -994.30
 34.50095 -119.22326    -998.73
 34.50095 -119.21994   -1000.20
 34.50095 -119.21662   -1000.24
 34.50095 -119.21330   -1000.07
 34.50095 -119.20998   -1000.00
 34.50095 -119.20667   -1000.00
 34.50095 -119.20335   -1000.00
 34.50095 -119.20003   -1000.00
 34.50095 -119.19671   -1000.00
 34.50095 -119.19339   -1000.00
 34.50095 -119.19007   -1000.00
 34.50095 -119.18675   -1000.00
 34.50095 -119.18343   -1000.00
 34.50095 -119.18011   -1000.00
 34.50095 -119.17680   -1000.00
 34.50095 -119.17348   -1000.00
 34.50095 -119.17016   -1000.00
 34.50095 -119.16684   -1000.00
 34.50095 -119.16352   -1000.00
 34.50095 -119.16020   -1000.00
 34.50095 -119.15688   -1000.00
 34.50095 -119.15356   -1000.00
 34.50095 -119.15025   -1000.00
 34.50095 -119.14693   -1000.00
 34.50095 -119.14361   -1000.00
 34.50095 -119.14029   -1000.00
 34.50095 -119.13697   -1000.00
 34.50095 -119.13365   -1000.00
 34.50095 -119.13033   -1000.00
 34.50095 -119.12701   -1000.00
 34.50095 -119.12370   -1000.00
 34.50095 -119.12038   -1000.82
 34.50095 -119.11706   -1005.02
 34.50095 -119.11374   -1017.75
 34.50095 -119.11042   -1043.61
 34.50095 -119.10710   -1082.98
 34.50095 -119.10378   -1128.46
 34.50095 -119.10046   -1169.48
 34.50095 -119.09715   -1197.70
 34.50095 -119.09383   -1212.41
 34.50095 -119.09051   -1217.72
 34.50095 -119.08719   -1218.95
 34.50095 -119.08387   -1219.03
 34.50095 -119.08055   -1219.03
 34.50095 -119.07723   -1218.99
 34.50095 -119.07391   -1218.79
 34.50095 -119.07059   -1218.01
 34.50095 -119.06728   -1215.89
 34.50095 -119.06396   -1211.64
 34.50095 -119.06064   -1205.30
 34.50095 -119.05732   -1198.47
 34.50095 -119.05400   -1193.95
 34.49812 -119.28300   -1000.00
 34.49812 -119.27968   -1000.00
 34.49812 -119.27636   -1000.00
 34.49812 -119.27304   -1000.00
 34.49812 -119.26972   -1000.00
 34.49812 -119.26640   -1000.00
 34.49812 -119.26308   -1000.00
 34.49812 -119.25977    -999.96
 34.49812 -119.25645    -999.70
 34.49812 -119.25313    -998.75
 34.49812 -119.24981    -996.61
 34.49812 -119.24649    -993.43
 34.49812 -119.24317    -990.60
 34.49812 -119.23985    -990.19
 34.49812 -119.23653    -993.19
 34.49812 -119.23322    -998.34
 34.49812 -119.22990   -1002.76
 34.49812 -119.22658   -1004.53
 34.49812 -119.22326   -1003.72
 34.49812 -119.21994   -1002.01
 34.49812 -119.21662   -1000.69
 34.49812 -119.21330   -1000.13
 34.49812 -119.20998   -1000.00
 34.49812 -119.20667   -1000.00
 34.49812 -119.20335   -1000.00
 34.49812 -119.20003   -1000.00
 34.49812 -119.19671   -1000.00
 34.49812 -119.19339   -1000.00
 34.49812 -119.19007   -1000.00
 34.49812 -119.18675   -1000.00
 34.49812 -119.18343   -1000.00
 34.49812 -119.18011   -1000.00
 34.49812 -119.17680   -1000.00
 34.49812 -119.17348   -1000.00
 34.49812 -119.17016   -1000.00
 34.49812 -119.16684   -1000.00
 34.49812 -119.16352   -1000.00
 34.49812 -119.16020   -1000.00
 34.49812 -119.15688   -1000.00
 34.49812 -119.15356   -1000.00
 34.49812 -119.15025   -1000.00
 34.49812 -119.14693   -1000.00
 34.49812 -119.14361   -1000.00
 34.49812 -119.14029   -1000.00
 34.49812 -119.13697   -1000.00
 34.49812 -119.13365   -1000.00
 34.49812 -119.13033   -1000.00
 34.49812 -119.12701   -1000.00
 34.49812 -119.12370   -1000.00
 34.49812 -119.12038   -1000.88
 34.49812 -119.11706   -1005.30
 34.49812 -119.11374   -1018.59
 34.49812 -119.11042   -1045.30
 34.49812 -119.10710   -1085.53
 34.49812 -119.10378   -1131.36
 34.49812 -119.10046   -1172.06
 34.49812 -119.09715   -1199.43
 34.49812 -119.09383   -1213.29
 34.49812 -119.09051   -1218.02
 34.49812 -119.08719   -1219.01
 34.49812 -119.08387   -1219.03
 34.49812 -119.08055   -1219.03
 34.49812 -119.07723   -1219.03
 34.49812 -119.07391   -1218.99
 34.49812 -119.07059   -1218.79
 34.49812 -119.06728   -1218.12
 34.49812 -119.06396   -1216.62
 34.49812 -119.06064   -1214.22
 34.49812 -119.05732   -1211.53
 34.49812 -119.05400   -1209.72
 34.49530 -119.28300   -1000.00
 34.49530 -119.27968   -1000.00
 34.49530 -119.27636   -1000.00
 34.49530 -119.27304   -1000.00
 34.49530 -119.26972   -1000.00
 34.49530 -119.26640   -1000.00
 34.49530 -119.26308   -1000.00
 34.49530 -119.25977    -999.99
 34.49530 -119.25645    -999.91
 34.49530 -119.25313    -999.66
 34.49530 -119.24981    -999.30
 34.49530 -119.24649    -999.34
 34.49530 -119.24317   -1000.83
 34.49530 -119.23985   -1004.48
 34.49530 -119.23653   -1009.54
 34.49530 -119.23322   -1013.65
 34.49530 -119.22990   -1014.51
 34.49530 -119.22658   -1011.77
 34.49530 -119.22326   -1007.24
 34.49530 -119.21994   -1003.27
 34.49530 -119.21662   -1000.99
 34.49530 -119.21330   -1000.17
 34.49530 -119.20998   -1000.00
 34.49530 -119.20667   -1000.00
 34.49530 -119.20335   -1000.00
 34.49530 -119.20003   -1000.00
 34.49530 -119.19671   -1000.00
 34.49530 -119.19339   -1000.00
 34.49530 -119.19007   -1000.00
 34.49530 -119.18675   -1000.00
 34.49530 -119.18343   -1000.00
 34.49530 -119.18011   -1000.00
 34.49530 -119.17680   -1000.00
 34.49530 -119.17348   -1000.00
 34.49530 -119.17016   -1000.00
 34.49530 -119.16684   -1000.00
 34.49530 -119.16352   -1000.00
 34.49530 -119.16020   -1000.00
 34.49530 -119.15688   -1000.00
 34.49530 -119.15356   -1000.00
 34.49530 -119.15025   -1000.00
 34.49530 -119.14693   -1000.00
 34.49530 -119.14361   -1000.00
 34.49530 -119.14029   -1000.00
 34.49530 -119.13697   -1000.00
 34.49530 -119.13365   -1000.00
 34.49530 -119.13033   -1000.00
 34.49530 -119.12701   -1000.00
 34.49530 -119.12370   -1000.00
 34.49530 -119.12038   -1000.90
 34.49530 -119.11706   -1005.39
 34.49530 -119.11374   -1018.87
 34.49530 -119.11042   -1045.86
 34.49530 -119.10710   -1086.36
 34.49530 -119.10378   -1132.31
 34.49530 -119.10046   -1172.89
 34.49530 -119.09715   -1199.99
 34.49530 -119.09383   -1213.57
 34.49530 -119.09051   -1218.11
 34.49530 -119.08719   -1219.03
 34.49530 -119.08387   -1219.03
 34.49530 -119.08055   -1219.03
 34.49530 -119.07723   -1219.03
 34.49530 -119.07391   -1219.03
 34.49530 -119.07059   -1218.99
 34.49530 -119.06728   -1218.82
 34.49530 -119.06396   -1218.40
 34.49530 -119.06064   -1217.68
 34.49530 -119.05732   -1216.84
 34.49530 -119.05400   -1216.26
