-117.783 34.220
-117.785 34.1558
-117.792 34.1174
-117.797 34.0851
-117.795 34.0503
-117.793 34.0232
-117.80085 33.95027
-117.72580 33.89740
-117.735 33.829
-117.794 33.876
-117.794 33.777
-117.775 33.764
-117.775 33.688
-117.832 33.663
-117.884 33.607
-117.884 33.558
-118.247 33.558
-118.287 33.721
-118.400 33.800
-118.436 33.800
-118.570 33.910
-118.571 33.9725
-118.571 33.9853
-118.571 34.0012
-118.571 34.0198
-118.571 34.0375
-118.571 34.0501
-118.572 34.0577
-118.552 34.0589
-118.526 34.0597
-118.503 34.0590
-118.492 34.0602
-118.473 34.0644
-118.455 34.0716
-118.436 34.0786
-118.418 34.0858
-118.409 34.0904
-118.408 34.0885
-118.407 34.0898
-118.404 34.0896
-118.402 34.0902
-118.399 34.0925
-118.397 34.0954
-118.395 34.0953
-118.393 34.0934
-118.392 34.0910
-118.390 34.0930
-118.389 34.0935
-118.386 34.0935
-118.383 34.0925
-118.377 34.0940
-118.372 34.0959
-118.365 34.0983
-118.363 34.1016
-118.360 34.1017
-118.356 34.1034
-118.347 34.1058
-118.340 34.1070
-118.331 34.1064
-118.319 34.1065
-118.309 34.1065
-118.306 34.1081
-118.302 34.1096
-118.301 34.1118
-118.297 34.1136
-118.293 34.1159
-118.290 34.1163
-118.287 34.1170
-118.284 34.1162
-118.283 34.1153
-118.282 34.1149
-118.278 34.1142
-118.281 34.1121
-118.282 34.1098
-118.277 34.1091
-118.269 34.1107
-118.258 34.1131
-118.244 34.1163
-118.229 34.1195
-118.210 34.1229
-118.193 34.1258
-118.175 34.1277
-118.154 34.1297
-118.140 34.1300
-118.139 34.1364
-118.140 34.1456
-118.140 34.1592
-118.141 34.1711
-118.141 34.1832
-118.142 34.1938
-118.143 34.2027
-118.143 34.2200
-117.783 34.220
