-117.80085  33.95027
-117.72580  33.89740
-117.66054  33.88384
-117.65075  33.87570
   -117.636    33.8750
   -117.628    33.8742
   -117.623    33.8688
   -117.618    33.8651
   -117.610    33.8615
   -117.604    33.8571
   -117.601    33.8535
   -117.595    33.8466
   -117.588    33.8406
   -117.583    33.8342
   -117.573    33.8291
   -117.563    33.8249
   -117.556    33.8182
   -117.547    33.8084
   -117.532    33.8022
   -117.523    33.8027
   -117.513    33.7963
   -117.505    33.7883
   -117.492    33.7956
   -117.498    33.8099
   -117.501    33.8186
   -117.497    33.8442
   -117.496    33.8745
   -117.412    33.8787
   -117.366    33.8947
   -117.360    33.9317
   -117.297    33.9784
   -117.272    33.9987
   -117.187    33.9980
   -117.112    33.9963
   -117.047    33.9967
   -117.001    34.0000
   -116.995    34.0314
   -116.978    34.0652
   -117.021    34.0927
   -117.096    34.1121
   -117.160    34.1394
   -117.210    34.1604
   -117.261    34.1793
   -117.307    34.1989
   -117.348    34.2186
   -117.378    34.2358
   -117.401    34.2505
   -117.417    34.2539
   -117.469    34.2554
   -117.454    34.2348
   -117.430    34.2164
   -117.414    34.2067
   -117.448    34.1968
   -117.506    34.1831
   -117.559    34.1792
   -117.602    34.1748
   -117.632    34.1706
   -117.679    34.1617
   -117.710    34.1456
   -117.753    34.1480
   -117.785    34.1558
   -117.792    34.1174
   -117.797    34.0851
   -117.795    34.0503
   -117.793    34.0232
