   -119.325    34.1551
   -119.344    34.1633
   -119.366    34.1720
   -119.396    34.1827
   -119.425    34.1931
   -119.453    34.2021
   -119.475    34.2098
   -119.493    34.2147
   -119.500    34.2188
   -119.501    34.2328
   -119.501    34.2539
   -119.501    34.2836
   -119.502    34.3195
   -119.502    34.3531
   -119.503    34.3778
   -119.503    34.3925
   -119.487    34.3951
   -119.471    34.3975
   -119.459    34.4000
   -119.444    34.4004
   -119.423    34.4003
   -119.402    34.4001
   -119.392    34.3991
   -119.370    34.3964
   -119.348    34.3950
   -119.325    34.3942
   -119.297    34.3923
   -119.285    34.3914
   -119.271    34.3899
   -119.260    34.3899
   -119.244    34.3914
   -119.232    34.3948
   -119.223    34.3967
   -119.210    34.3981
   -119.191    34.3983
   -119.175    34.3991
   -119.159    34.4015
   -119.147    34.4040
   -119.135    34.4060
   -119.123    34.4095
   -119.111    34.4127
   -119.099    34.4151
   -119.095    34.4163
   -119.077    34.4135
   -119.064    34.4116
   -119.047    34.4096
   -119.037    34.4080
   -119.024    34.4052
   -119.011    34.4066
   -118.999    34.4111
   -118.992    34.4177
   -118.988    34.4282
   -118.989    34.4367
   -118.990    34.4392
   -118.993    34.4421
   -118.987    34.4542
   -118.981    34.4666
   -118.977    34.4732
   -118.974    34.4806
   -118.971    34.4879
   -118.961    34.4847
   -118.937    34.4818
   -118.914    34.4782
   -118.894    34.4767
   -118.875    34.4755
   -118.855    34.4731
   -118.845    34.4729
   -118.827    34.4719
   -118.821    34.4672
   -118.812    34.4578
   -118.803    34.4489
   -118.793    34.4411
   -118.784    34.4323
   -118.777    34.4278
   -118.765    34.4391
   -118.750    34.4538
   -118.736    34.4668
   -118.723    34.4766
   -118.711    34.4846
   -118.702    34.4900
   -118.690    34.5003
   -118.678    34.5061
   -118.670    34.5071
   -118.660    34.5033
   -118.640    34.4929
   -118.622    34.4837
   -118.601    34.4733
   -118.590    34.4683
   -118.580    34.4603
   -118.568    34.4518
   -118.551    34.4408
   -118.535    34.4296
   -118.520    34.4180
   -118.507    34.4081
   -118.495    34.3996
   -118.480    34.3886
   -118.476    34.3838
   -118.479    34.3756
   -118.484    34.3669
   -118.487    34.3600
   -118.494    34.3575
   -118.499    34.3540
   -118.498    34.3485
   -118.499    34.3462
   -118.501    34.3456
   -118.507    34.3378
   -118.512    34.3327
   -118.519    34.3319
   -118.529    34.3359
   -118.539    34.3406
   -118.552    34.3467
   -118.562    34.3508
   -118.580    34.3567
   -118.590    34.3638
   -118.597    34.3692
   -118.604    34.3729
   -118.611    34.3757
   -118.617    34.3769
   -118.628    34.3777
   -118.640    34.3779
   -118.647    34.3772
   -118.649    34.3720
   -118.652    34.3688
   -118.659    34.3726
   -118.663    34.3754
   -118.671    34.3801
   -118.679    34.3800
   -118.689    34.3790
   -118.702    34.3814
   -118.720    34.3843
   -118.736    34.3861
   -118.746    34.3875
   -118.753    34.3869
   -118.776    34.3826
   -118.789    34.3812
   -118.804    34.3784
   -118.826    34.3734
   -118.850    34.3675
   -118.875    34.3618
   -118.893    34.3576
   -118.906    34.3544
   -118.926    34.3534
   -118.947    34.3510
   -118.973    34.3484
   -118.997    34.3436
   -119.018    34.3388
   -119.034    34.3348
   -119.050    34.3291
   -119.063    34.3253
   -119.079    34.3203
   -119.086    34.3180
   -119.092    34.3151
   -119.096    34.3133
   -119.098    34.3089
   -119.100    34.3052
   -119.105    34.3030
   -119.111    34.3003
   -119.117    34.2941
   -119.122    34.2897
   -119.127    34.2867
   -119.128    34.2828
   -119.125    34.2771
   -119.121    34.2739
   -119.120    34.2710
   -119.119    34.2666
   -119.116    34.2635
   -119.113    34.2612
   -119.110    34.2594
   -119.111    34.2560
   -119.112    34.2527
   -119.109    34.2495
   -119.105    34.2489
   -119.101    34.2481
   -119.100    34.2448
   -119.102    34.2422
   -119.101    34.2393
   -119.099    34.2371
   -119.100    34.2350
   -119.105    34.2321
   -119.108    34.2301
   -119.110    34.2262
   -119.107    34.2209
   -119.105    34.2176
   -119.100    34.2148
   -119.092    34.2157
   -119.084    34.2180
   -119.074    34.2222
   -119.068    34.2269
   -119.059    34.2335
   -119.047    34.2407
   -119.038    34.2428
   -119.030    34.2435
   -119.021    34.2446
   -119.015    34.2441
   -119.012    34.2410
   -119.012    34.2343
   -119.017    34.2254
   -119.020    34.2129
   -119.019    34.2041
   -119.026    34.1972
   -119.030    34.1892
   -119.032    34.1829
   -119.034    34.1811
   -119.040    34.1793
   -119.043    34.1800
   -119.047    34.1773
   -119.047    34.1731
   -119.046    34.1685
   -119.049    34.1662
   -119.057    34.1656
   -119.063    34.1654
   -119.066    34.1629
   -119.068    34.1588
   -119.066    34.1555
   -119.063    34.1523
   -119.062    34.1497
   -119.061    34.1449
   -119.061    34.1413
   -119.060    34.1350
   -119.062    34.1330
   -119.066    34.1313
   -119.074    34.1305
   -119.078    34.1297
   -119.082    34.1237
   -119.086    34.1168
   -119.086    34.1095
   -119.086    34.1047
   -119.084    34.0984
   -119.082    34.0931
   -119.087    34.0890
   -119.095    34.0872
