   -119.002    34.2507
   -119.012    34.2488
   -119.028    34.2448
   -119.041    34.2414
   -119.052    34.2354
   -119.061    34.2287
   -119.071    34.2219
   -119.079    34.2180
   -119.090    34.2162
   -119.100    34.2162
   -119.104    34.2175
   -119.106    34.2228
   -119.108    34.2281
   -119.104    34.2318
   -119.100    34.2349
   -119.098    34.2365
   -119.099    34.2391
   -119.100    34.2412
   -119.099    34.2451
   -119.100    34.2468
   -119.101    34.2490
   -119.105    34.2499
   -119.108    34.2503
   -119.109    34.2530
   -119.108    34.2556
   -119.108    34.2586
   -119.109    34.2610
   -119.113    34.2627
   -119.117    34.2656
   -119.119    34.2706
   -119.120    34.2752
   -119.123    34.2781
   -119.125    34.2812
   -119.125    34.2849
   -119.123    34.2883
   -119.117    34.2934
   -119.109    34.2988
   -119.103    34.3032
   -119.099    34.3054
   -119.096    34.3086
   -119.094    34.3117
   -119.092    34.3140
   -119.086    34.3152
   -119.080    34.3162
   -119.074    34.3174
   -119.071    34.3179
   -119.068    34.3174
   -119.066    34.3159
   -119.063    34.3136
   -119.060    34.3142
   -119.057    34.3154
   -119.050    34.3151
   -119.043    34.3162
   -119.036    34.3178
   -119.031    34.3207
   -119.029    34.3247
   -119.027    34.3268
   -119.024    34.3290
   -119.020    34.3282
   -119.014    34.3284
   -119.003    34.3307
   -118.992    34.3338
   -118.986    34.3363
   -118.976    34.3393
   -118.972    34.3412
   -118.966    34.3433
   -118.964    34.3421
   -118.955    34.3422
   -118.946    34.3425
   -118.940    34.3439
   -118.934    34.3458
   -118.930    34.3487
   -118.928    34.3506
   -118.926    34.3506
   -118.922    34.3483
   -118.921    34.3472
   -118.915    34.3473
   -118.908    34.3484
   -118.902    34.3502
   -118.895    34.3518
   -118.893    34.3533
   -118.890    34.3555
   -118.883    34.3555
   -118.875    34.3550
   -118.870    34.3545
   -118.868    34.3533
   -118.865    34.3524
   -118.859    34.3541
   -118.850    34.3561
   -118.845    34.3582
   -118.842    34.3599
   -118.835    34.3612
   -118.825    34.3624
   -118.819    34.3627
   -118.812    34.3618
   -118.806    34.3608
   -118.802    34.3595
   -118.797    34.3564
   -118.791    34.3550
   -118.786    34.3541
   -118.783    34.3535
   -118.782    34.3555
   -118.782    34.3575
   -118.779    34.3589
   -118.776    34.3591
   -118.768    34.3571
   -118.761    34.3569
   -118.756    34.3546
   -118.753    34.3538
   -118.747    34.3532
   -118.742    34.3507
   -118.734    34.3476
   -118.728    34.3470
   -118.722    34.3472
   -118.717    34.3475
   -118.712    34.3471
   -118.708    34.3474
   -118.710    34.3448
   -118.706    34.3407
   -118.700    34.3376
   -118.693    34.3339
   -118.687    34.3316
   -118.681    34.3292
   -118.678    34.3282
   -118.676    34.3269
   -118.674    34.3251
   -118.674    34.3234
   -118.675    34.3223
   -118.678    34.3231
   -118.682    34.3227
   -118.687    34.3237
   -118.696    34.3245
   -118.703    34.3255
   -118.718    34.3281
   -118.726    34.3317
   -118.731    34.3339
   -118.737    34.3335
   -118.741    34.3311
   -118.742    34.3271
   -118.745    34.3265
   -118.748    34.3270
   -118.754    34.3311
   -118.760    34.3348
   -118.771    34.3387
   -118.777    34.3410
   -118.784    34.3411
   -118.787    34.3429
   -118.794    34.3438
   -118.799    34.3446
   -118.807    34.3436
   -118.813    34.3418
   -118.814    34.3404
   -118.821    34.3394
   -118.829    34.3384
   -118.840    34.3400
   -118.847    34.3409
   -118.855    34.3412
   -118.861    34.3416
   -118.867    34.3407
   -118.870    34.3397
   -118.869    34.3373
   -118.867    34.3371
   -118.864    34.3340
   -118.858    34.3296
   -118.854    34.3248
   -118.852    34.3238
   -118.847    34.3215
   -118.840    34.3201
   -118.832    34.3188
   -118.827    34.3169
   -118.822    34.3156
   -118.816    34.3122
   -118.819    34.3090
   -118.823    34.3068
   -118.824    34.3054
   -118.833    34.3019
   -118.841    34.2992
   -118.848    34.2954
   -118.854    34.2917
   -118.858    34.2883
   -118.861    34.2849
   -118.859    34.2839
   -118.856    34.2831
   -118.852    34.2835
   -118.853    34.2801
   -118.854    34.2769
   -118.861    34.2728
   -118.870    34.2672
   -118.878    34.2638
   -118.889    34.2602
   -118.902    34.2571
   -118.913    34.2551
   -118.924    34.2549
   -118.928    34.2555
   -118.937    34.2568
   -118.943    34.2585
   -118.951    34.2583
   -118.959    34.2578
   -118.964    34.2574
   -118.971    34.2558
   -118.979    34.2547
   -118.986    34.2539
   -118.993    34.2527
   -118.997    34.2519
