   -118.620    34.3315
   -118.627    34.3372
   -118.635    34.3438
   -118.641    34.3493
   -118.649    34.3534
   -118.659    34.3592
   -118.670    34.3649
   -118.678    34.3689
   -118.684    34.3703
   -118.688    34.3751
   -118.688    34.3795
   -118.684    34.3830
   -118.679    34.3844
   -118.674    34.3853
   -118.666    34.3823
   -118.657    34.3777
   -118.648    34.3727
   -118.637    34.3671
   -118.628    34.3620
   -118.617    34.3543
   -118.609    34.3489
   -118.603    34.3435
   -118.598    34.3387
   -118.592    34.3342
   -118.584    34.3317
   -118.575    34.3302
   -118.564    34.3283
   -118.555    34.3276
   -118.550    34.3231
   -118.545    34.3148
   -118.543    34.3084
   -118.542    34.3022
   -118.542    34.2984
   -118.540    34.2958
   -118.541    34.2937
   -118.544    34.2923
   -118.548    34.2927
   -118.552    34.2935
   -118.556    34.2922
   -118.560    34.2921
   -118.565    34.2917
   -118.569    34.2920
   -118.577    34.2913
   -118.582    34.2901
   -118.585    34.2894
   -118.590    34.2904
   -118.592    34.2885
   -118.598    34.2882
   -118.604    34.2909
   -118.608    34.2933
   -118.608    34.2972
   -118.608    34.3005
   -118.612    34.3024
   -118.616    34.3041
   -118.620    34.3078
   -118.618    34.3096
   -118.621    34.3123
   -118.623    34.3159
   -118.621    34.3218
   -118.619    34.3248
   -118.618    34.3272
   -118.619    34.3289
