   -118.617    34.3079
   -118.613    34.3075
   -118.610    34.3075
   -118.607    34.3084
   -118.608    34.3107
   -118.605    34.3125
   -118.601    34.3135
   -118.597    34.3146
   -118.595    34.3139
   -118.592    34.3103
   -118.590    34.3081
   -118.588    34.3073
   -118.586    34.3083
   -118.583    34.3109
   -118.582    34.3139
   -118.580    34.3137
   -118.579    34.3122
   -118.577    34.3110
   -118.574    34.3105
   -118.572    34.3105
   -118.567    34.3105
   -118.560    34.3100
   -118.551    34.3093
   -118.542    34.3094
   -118.532    34.3100
   -118.526    34.3118
   -118.515    34.3191
   -118.507    34.3243
   -118.497    34.3296
   -118.484    34.3372
   -118.476    34.3455
   -118.470    34.3513
   -118.467    34.3543
   -118.461    34.3548
   -118.445    34.3519
   -118.433    34.3491
   -118.421    34.3449
   -118.406    34.3405
   -118.390    34.3371
   -118.373    34.3326
   -118.361    34.3299
   -118.354    34.3293
   -118.340    34.3254
   -118.330    34.3211
   -118.323    34.3163
   -118.309    34.3101
   -118.295    34.3045
   -118.284    34.2989
   -118.273    34.2941
   -118.265    34.2895
   -118.261    34.2867
   -118.263    34.2802
   -118.268    34.2710
   -118.272    34.2638
   -118.275    34.2606
   -118.280    34.2614
   -118.288    34.2653
   -118.290    34.2688
   -118.291    34.2703
   -118.289    34.2744
   -118.291    34.2778
   -118.297    34.2789
   -118.304    34.2796
   -118.308    34.2815
   -118.316    34.2808
   -118.324    34.2806
   -118.329    34.2812
   -118.336    34.2846
   -118.344    34.2903
   -118.350    34.2944
   -118.356    34.2966
   -118.365    34.2971
   -118.372    34.2966
   -118.382    34.2987
   -118.394    34.3009
   -118.401    34.3022
   -118.416    34.3013
   -118.431    34.3003
   -118.446    34.2982
   -118.456    34.2967
   -118.467    34.2957
   -118.480    34.2957
   -118.488    34.2952
   -118.492    34.2959
   -118.501    34.2959
   -118.512    34.2953
   -118.517    34.2953
   -118.523    34.2968
   -118.526    34.2987
   -118.528    34.2997
   -118.532    34.2980
   -118.535    34.2961
   -118.538    34.2946
   -118.532    34.2917
   -118.528    34.2891
   -118.527    34.2858
   -118.527    34.2831
   -118.528    34.2829
   -118.529    34.2842
   -118.533    34.2838
   -118.535    34.2835
   -118.535    34.2820
   -118.537    34.2820
   -118.539    34.2821
   -118.543    34.2832
   -118.548    34.2854
   -118.551    34.2867
   -118.553    34.2873
   -118.555    34.2887
   -118.556    34.2893
   -118.556    34.2883
   -118.557    34.2874
   -118.561    34.2873
   -118.565    34.2875
   -118.568    34.2875
   -118.569    34.2902
   -118.572    34.2918
   -118.573    34.2925
   -118.576    34.2917
   -118.580    34.2905
   -118.583    34.2895
   -118.585    34.2882
   -118.587    34.2877
   -118.589    34.2878
   -118.590    34.2872
   -118.592    34.2865
   -118.594    34.2872
   -118.597    34.2874
   -118.600    34.2878
   -118.602    34.2895
   -118.602    34.2906
   -118.603    34.2913
   -118.605    34.2913
   -118.607    34.2934
   -118.608    34.2972
   -118.608    34.2994
   -118.610    34.3013
   -118.614    34.3021
   -118.616    34.3039
   -118.617    34.3049
   -118.617    34.3071
