   -118.517    34.2761
   -118.512    34.2769
   -118.506    34.2770
   -118.504    34.2758
   -118.497    34.2757
   -118.491    34.2760
   -118.485    34.2763
   -118.479    34.2790
   -118.474    34.2844
   -118.469    34.2872
   -118.464    34.2879
   -118.458    34.2846
   -118.452    34.2805
   -118.447    34.2766
   -118.441    34.2707
   -118.432    34.2649
   -118.425    34.2618
   -118.416    34.2607
   -118.413    34.2614
   -118.410    34.2615
   -118.409    34.2593
   -118.413    34.2561
   -118.419    34.2543
   -118.426    34.2555
   -118.431    34.2582
   -118.440    34.2624
   -118.446    34.2683
   -118.453    34.2733
   -118.460    34.2773
   -118.466    34.2795
   -118.473    34.2758
   -118.478    34.2720
   -118.484    34.2703
   -118.492    34.2694
   -118.501    34.2697
   -118.510    34.2705
   -118.515    34.2719
   -118.518    34.2746
