   -119.152    34.0905
   -119.184    34.1032
   -119.219    34.1181
   -119.270    34.1453
   -119.313    34.1665
   -119.365    34.1960
   -119.398    34.2158
   -119.428    34.2297
   -119.448    34.2430
   -119.455    34.2487
   -119.471    34.2489
   -119.494    34.2477
   -119.506    34.2484
   -119.507    34.2781
   -119.506    34.3107
   -119.505    34.3337
   -119.506    34.3460
   -119.470    34.3409
   -119.440    34.3352
   -119.408    34.3283
   -119.371    34.3219
   -119.334    34.3122
   -119.298    34.3025
   -119.279    34.2980
   -119.264    34.2968
   -119.235    34.2959
   -119.220    34.2950
   -119.214    34.2958
   -119.199    34.3032
   -119.183    34.3108
   -119.168    34.3193
   -119.160    34.3268
   -119.157    34.3358
   -119.160    34.3415
   -119.162    34.3447
   -119.151    34.3491
   -119.125    34.3608
   -119.084    34.3766
   -119.047    34.3905
   -119.010    34.4064
   -118.982    34.4199
   -118.961    34.4298
   -118.952    34.4341
   -118.954    34.4386
   -118.954    34.4427
   -118.939    34.4456
   -118.928    34.4471
   -118.925    34.4493
   -118.902    34.4521
   -118.864    34.4564
   -118.844    34.4590
   -118.831    34.4607
   -118.826    34.4586
   -118.809    34.4442
   -118.793    34.4315
   -118.783    34.4234
   -118.774    34.4160
   -118.763    34.4123
   -118.749    34.4125
   -118.739    34.4129
   -118.728    34.4117
   -118.726    34.4083
   -118.736    34.4026
   -118.759    34.3974
   -118.789    34.3919
   -118.821    34.3845
   -118.849    34.3783
   -118.870    34.3728
   -118.889    34.3656
   -118.903    34.3609
   -118.908    34.3591
   -118.923    34.3586
   -118.940    34.3572
   -118.954    34.3575
   -118.960    34.3582
   -118.972    34.3555
   -118.984    34.3521
   -118.993    34.3515
   -119.004    34.3530
   -119.014    34.3531
   -119.023    34.3538
   -119.028    34.3548
   -119.036    34.3488
   -119.048    34.3398
   -119.061    34.3303
   -119.070    34.3240
   -119.074    34.3212
   -119.082    34.3188
   -119.090    34.3158
   -119.095    34.3139
   -119.097    34.3098
   -119.099    34.3067
   -119.106    34.3019
   -119.111    34.2984
   -119.114    34.2958
   -119.118    34.2946
   -119.122    34.2913
   -119.125    34.2883
   -119.127    34.2868
   -119.128    34.2842
   -119.128    34.2822
   -119.127    34.2793
   -119.123    34.2766
   -119.121    34.2716
   -119.116    34.2638
   -119.110    34.2569
   -119.111    34.2536
   -119.111    34.2513
   -119.109    34.2498
   -119.104    34.2495
   -119.102    34.2487
   -119.101    34.2447
   -119.102    34.2418
   -119.101    34.2387
   -119.100    34.2356
   -119.100    34.2339
   -119.105    34.2319
   -119.109    34.2287
   -119.109    34.2232
   -119.105    34.2186
   -119.099    34.2151
   -119.091    34.2147
   -119.084    34.2164
   -119.074    34.2218
   -119.062    34.2304
   -119.051    34.2370
   -119.038    34.2408
   -119.028    34.2434
   -119.019    34.2437
   -119.013    34.2430
   -119.011    34.2379
   -119.014    34.2306
   -119.018    34.2247
   -119.020    34.2200
   -119.020    34.2108
   -119.020    34.2047
   -119.023    34.1984
   -119.028    34.1932
   -119.029    34.1881
   -119.032    34.1828
   -119.034    34.1792
   -119.038    34.1783
   -119.041    34.1801
   -119.045    34.1769
   -119.045    34.1713
   -119.045    34.1676
   -119.047    34.1652
   -119.053    34.1650
   -119.061    34.1645
   -119.066    34.1635
   -119.067    34.1589
   -119.066    34.1524
   -119.062    34.1493
   -119.061    34.1419
   -119.061    34.1343
   -119.061    34.1319
   -119.065    34.1302
   -119.071    34.1297
   -119.076    34.1283
   -119.081    34.1225
   -119.085    34.1010
   -119.082    34.0959
   -119.080    34.0926
   -119.083    34.0878
   -119.094    34.0873
   -119.106    34.0865
   -119.121    34.0866
   -119.137    34.0886
   -119.147    34.0899
