   -118.593    34.3868
   -118.601    34.3899
   -118.612    34.3960
   -118.623    34.4010
   -118.633    34.4048
   -118.638    34.4060
   -118.646    34.4129
   -118.652    34.4193
   -118.654    34.4271
   -118.653    34.4323
   -118.648    34.4354
   -118.640    34.4397
   -118.633    34.4428
   -118.634    34.4451
   -118.640    34.4466
   -118.652    34.4480
   -118.664    34.4479
   -118.676    34.4472
   -118.683    34.4471
   -118.689    34.4467
   -118.685    34.4515
   -118.681    34.4552
   -118.676    34.4598
   -118.674    34.4631
   -118.674    34.4655
   -118.672    34.4671
   -118.673    34.4691
   -118.680    34.4703
   -118.688    34.4722
   -118.691    34.4742
   -118.691    34.4789
   -118.689    34.4834
   -118.681    34.4849
   -118.678    34.4888
   -118.672    34.4918
   -118.669    34.4964
   -118.666    34.5012
   -118.661    34.5015
   -118.654    34.5035
   -118.648    34.5020
   -118.643    34.4996
   -118.639    34.4979
   -118.635    34.4955
   -118.627    34.4933
   -118.618    34.4964
   -118.615    34.4965
   -118.609    34.4966
   -118.605    34.4999
   -118.600    34.5018
   -118.596    34.5026
   -118.594    34.5005
   -118.593    34.4966
   -118.593    34.4932
   -118.589    34.4934
   -118.583    34.4939
   -118.578    34.4956
   -118.575    34.4970
   -118.573    34.4968
   -118.553    34.5004
   -118.553    34.4910
   -118.557    34.4801
   -118.540    34.4824
   -118.528    34.4773
   -118.521    34.4746
   -118.515    34.4720
   -118.511    34.4695
   -118.510    34.4681
   -118.508    34.4672
   -118.507    34.4648
   -118.505    34.4625
   -118.502    34.4615
   -118.499    34.4607
   -118.496    34.4612
   -118.488    34.4576
   -118.491    34.4567
   -118.492    34.4539
   -118.489    34.4516
   -118.484    34.4536
   -118.480    34.4563
   -118.476    34.4580
   -118.470    34.4564
   -118.467    34.4527
   -118.471    34.4486
   -118.471    34.4460
   -118.467    34.4441
   -118.461    34.4444
   -118.455    34.4455
   -118.447    34.4421
   -118.449    34.4380
   -118.457    34.4347
   -118.461    34.4349
   -118.465    34.4335
   -118.468    34.4324
   -118.468    34.4293
   -118.466    34.4275
   -118.462    34.4277
   -118.453    34.4213
   -118.449    34.4189
   -118.444    34.4192
   -118.444    34.4165
   -118.447    34.4101
   -118.455    34.4095
   -118.465    34.4058
   -118.473    34.4109
   -118.478    34.4163
   -118.480    34.4191
   -118.484    34.4198
   -118.487    34.4172
   -118.490    34.4112
   -118.493    34.4084
   -118.504    34.4115
   -118.505    34.4065
   -118.504    34.4028
   -118.495    34.3986
   -118.486    34.3946
   -118.481    34.3920
   -118.477    34.3914
   -118.469    34.3913
   -118.463    34.3921
   -118.454    34.3898
   -118.447    34.3876
   -118.444    34.3844
   -118.443    34.3819
   -118.447    34.3785
   -118.452    34.3778
   -118.458    34.3801
   -118.471    34.3831
   -118.475    34.3836
   -118.478    34.3816
   -118.481    34.3786
   -118.483    34.3755
   -118.488    34.3680
   -118.495    34.3670
   -118.500    34.3677
   -118.507    34.3603
   -118.507    34.3556
   -118.510    34.3509
   -118.513    34.3523
   -118.516    34.3534
   -118.521    34.3517
   -118.524    34.3494
   -118.530    34.3496
   -118.533    34.3523
   -118.537    34.3559
   -118.543    34.3592
   -118.548    34.3612
   -118.556    34.3629
   -118.562    34.3646
   -118.569    34.3692
   -118.577    34.3735
   -118.582    34.3783
   -118.587    34.3831
   -118.590    34.3847
