   -118.690    34.3433
   -118.696    34.3440
   -118.700    34.3437
   -118.703    34.3442
   -118.707    34.3451
   -118.709    34.3453
   -118.709    34.3420
   -118.708    34.3390
   -118.709    34.3371
   -118.711    34.3353
   -118.719    34.3356
   -118.724    34.3356
   -118.728    34.3341
   -118.732    34.3374
   -118.736    34.3410
   -118.740    34.3429
   -118.744    34.3435
   -118.747    34.3449
   -118.749    34.3462
   -118.753    34.3472
   -118.754    34.3499
   -118.752    34.3508
   -118.747    34.3508
   -118.745    34.3523
   -118.741    34.3534
   -118.733    34.3548
   -118.723    34.3554
   -118.714    34.3553
   -118.709    34.3553
   -118.702    34.3574
   -118.693    34.3597
   -118.684    34.3616
   -118.675    34.3635
   -118.665    34.3653
   -118.655    34.3657
   -118.646    34.3659
   -118.640    34.3650
   -118.635    34.3631
   -118.633    34.3595
   -118.633    34.3533
   -118.633    34.3469
   -118.634    34.3412
   -118.634    34.3374
   -118.635    34.3350
   -118.636    34.3325
   -118.640    34.3316
   -118.649    34.3317
   -118.655    34.3328
   -118.657    34.3335
   -118.660    34.3360
   -118.664    34.3373
   -118.668    34.3372
   -118.672    34.3373
   -118.676    34.3404
   -118.678    34.3421
   -118.681    34.3432
   -118.686    34.3429
