 34.36710 -118.75520    -248.49
 34.36710 -118.75180    -248.49
 34.36710 -118.74841    -248.49
 34.36710 -118.74500    -248.49
 34.36710 -118.74160    -248.49
 34.36710 -118.73820    -248.49
 34.36710 -118.73480    -248.49
 34.36710 -118.73140    -248.49
 34.36710 -118.72800    -194.89
 34.36710 -118.72460    -114.49
 34.36710 -118.72120     -34.09
 34.36710 -118.71780      -7.29
 34.36710 -118.71440      -7.29
 34.36710 -118.71100      -4.86
 34.36710 -118.70760      -2.43
 34.36710 -118.70420       0.00
 34.36710 -118.70080       0.00
 34.36710 -118.69740     111.11
 34.36710 -118.69400     277.78
 34.36710 -118.69060     444.44
 34.36710 -118.68720     500.00
 34.36710 -118.68380     500.00
 34.36710 -118.68040     500.00
 34.36710 -118.67700     500.00
 34.36710 -118.67360     500.00
 34.36710 -118.67020     500.00
 34.36710 -118.66680     500.00
 34.36710 -118.66340     500.00
 34.36710 -118.66000     500.00
 34.36710 -118.65660     500.00
 34.36710 -118.65320     500.00
 34.36710 -118.64980     500.00
 34.36710 -118.64640     500.00
 34.36710 -118.64300     585.05
 34.36710 -118.63960     641.76
 34.36710 -118.63620     641.76
 34.36710 -118.63280     556.70
 34.36404 -118.75520    -248.49
 34.36404 -118.75180    -248.49
 34.36404 -118.74841    -248.49
 34.36404 -118.74500    -248.49
 34.36404 -118.74160    -248.49
 34.36404 -118.73820    -248.49
 34.36404 -118.73480    -248.49
 34.36404 -118.73140    -248.49
 34.36404 -118.72800    -221.69
 34.36404 -118.72460    -168.09
 34.36404 -118.72120     -87.69
 34.36404 -118.71780     -34.09
 34.36404 -118.71440      -7.29
 34.36404 -118.71100      -4.86
 34.36404 -118.70760      -2.43
 34.36404 -118.70420       0.00
 34.36404 -118.70080       0.00
 34.36404 -118.69740      55.56
 34.36404 -118.69400     222.22
 34.36404 -118.69060     388.89
 34.36404 -118.68720     500.00
 34.36404 -118.68380     500.00
 34.36404 -118.68040     500.00
 34.36404 -118.67700     500.00
 34.36404 -118.67360     500.00
 34.36404 -118.67020     500.00
 34.36404 -118.66680     500.00
 34.36404 -118.66340     500.00
 34.36404 -118.66000     500.00
 34.36404 -118.65660     500.00
 34.36404 -118.65320     500.00
 34.36404 -118.64980     417.79
 34.36404 -118.64640     397.61
 34.36404 -118.64300     449.53
 34.36404 -118.63960     560.09
 34.36404 -118.63620     580.27
 34.36404 -118.63280     528.35
 34.36098 -118.75520    -248.49
 34.36098 -118.75180    -248.49
 34.36098 -118.74841    -248.49
 34.36098 -118.74500    -248.49
 34.36098 -118.74160    -248.49
 34.36098 -118.73820    -248.49
 34.36098 -118.73480    -248.49
 34.36098 -118.73140    -248.49
 34.36098 -118.72800    -248.49
 34.36098 -118.72460    -221.69
 34.36098 -118.72120    -168.09
 34.36098 -118.71780     -87.69
 34.36098 -118.71440     -34.09
 34.36098 -118.71100      -4.86
 34.36098 -118.70760      -2.43
 34.36098 -118.70420       0.00
 34.36098 -118.70080       0.00
 34.36098 -118.69740       0.00
 34.36098 -118.69400     111.11
 34.36098 -118.69060     222.22
 34.36098 -118.68720     388.89
 34.36098 -118.68380     444.44
 34.36098 -118.68040     500.00
 34.36098 -118.67700     444.44
 34.36098 -118.67360     388.89
 34.36098 -118.67020     333.33
 34.36098 -118.66680     333.33
 34.36098 -118.66340     333.33
 34.36098 -118.66000     333.33
 34.36098 -118.65660     333.33
 34.36098 -118.65320     333.33
 34.36098 -118.64980     224.47
 34.36098 -118.64640     187.05
 34.36098 -118.64300     261.39
 34.36098 -118.63960     425.81
 34.36098 -118.63620     463.23
 34.36098 -118.63280     388.89
 34.35793 -118.75520    -248.49
 34.35793 -118.75180    -248.49
 34.35793 -118.74841    -248.49
 34.35793 -118.74500    -248.49
 34.35793 -118.74160    -248.49
 34.35793 -118.73820    -248.49
 34.35793 -118.73480    -248.49
 34.35793 -118.73140    -248.49
 34.35793 -118.72800    -248.49
 34.35793 -118.72460    -248.49
 34.35793 -118.72120    -221.69
 34.35793 -118.71780    -168.09
 34.35793 -118.71440     -87.69
 34.35793 -118.71100     -31.66
 34.35793 -118.70760      -2.43
 34.35793 -118.70420       0.00
 34.35793 -118.70080       0.00
 34.35793 -118.69740       0.00
 34.35793 -118.69400      55.56
 34.35793 -118.69060     111.11
 34.35793 -118.68720     222.22
 34.35793 -118.68380     277.78
 34.35793 -118.68040     333.33
 34.35793 -118.67700     277.78
 34.35793 -118.67360     222.22
 34.35793 -118.67020     166.67
 34.35793 -118.66680     166.67
 34.35793 -118.66340     166.67
 34.35793 -118.66000     166.67
 34.35793 -118.65660     166.67
 34.35793 -118.65320     166.67
 34.35793 -118.64980      15.88
 34.35793 -118.64640     -21.54
 34.35793 -118.64300      24.45
 34.35793 -118.63960     230.79
 34.35793 -118.63620     268.21
 34.35793 -118.63280     222.22
 34.35487 -118.75520    -248.49
 34.35487 -118.75180    -248.49
 34.35487 -118.74841    -248.49
 34.35487 -118.74500    -248.49
 34.35487 -118.74160    -248.49
 34.35487 -118.73820    -248.49
 34.35487 -118.73480    -248.49
 34.35487 -118.73140    -248.49
 34.35487 -118.72800    -248.49
 34.35487 -118.72460    -248.49
 34.35487 -118.72120    -248.49
 34.35487 -118.71780    -221.69
 34.35487 -118.71440    -159.48
 34.35487 -118.71100     -76.65
 34.35487 -118.70760     -20.62
 34.35487 -118.70420       0.00
 34.35487 -118.70080       0.00
 34.35487 -118.69740       0.00
 34.35487 -118.69400     -55.56
 34.35487 -118.69060     -55.56
 34.35487 -118.68720     -55.56
 34.35487 -118.68380      55.56
 34.35487 -118.68040     111.11
 34.35487 -118.67700      55.56
 34.35487 -118.67360     -55.56
 34.35487 -118.67020    -166.67
 34.35487 -118.66680    -166.67
 34.35487 -118.66340    -166.67
 34.35487 -118.66000    -166.67
 34.35487 -118.65660    -196.95
 34.35487 -118.65320    -203.91
 34.35487 -118.64980    -258.86
 34.35487 -118.64640    -190.26
 34.35487 -118.64300     -76.97
 34.35487 -118.63960      89.09
 34.35487 -118.63620     106.33
 34.35487 -118.63280      55.56
 34.35181 -118.75520    -268.20
 34.35181 -118.75180    -268.20
 34.35181 -118.74841    -268.20
 34.35181 -118.74500    -268.20
 34.35181 -118.74160    -268.20
 34.35181 -118.73820    -268.20
 34.35181 -118.73480    -268.20
 34.35181 -118.73140    -268.20
 34.35181 -118.72800    -268.20
 34.35181 -118.72460    -268.20
 34.35181 -118.72120    -268.20
 34.35181 -118.71780    -268.20
 34.35181 -118.71440    -254.17
 34.35181 -118.71100    -220.32
 34.35181 -118.70760    -186.48
 34.35181 -118.70420    -166.67
 34.35181 -118.70080    -166.67
 34.35181 -118.69740    -166.67
 34.35181 -118.69400    -222.22
 34.35181 -118.69060    -222.22
 34.35181 -118.68720    -277.78
 34.35181 -118.68380    -222.22
 34.35181 -118.68040    -222.22
 34.35181 -118.67700    -222.22
 34.35181 -118.67360    -277.78
 34.35181 -118.67020    -333.33
 34.35181 -118.66680    -333.33
 34.35181 -118.66340    -333.33
 34.35181 -118.66000    -362.72
 34.35181 -118.65660    -423.29
 34.35181 -118.65320    -430.25
 34.35181 -118.64980    -429.16
 34.35181 -118.64640    -313.03
 34.35181 -118.64300    -250.52
 34.35181 -118.63960    -166.67
 34.35181 -118.63620    -166.67
 34.35181 -118.63280    -166.67
 34.34875 -118.75520    -343.28
 34.34875 -118.75180    -343.28
 34.34875 -118.74841    -343.28
 34.34875 -118.74500    -343.28
 34.34875 -118.74160    -343.28
 34.34875 -118.73820    -343.28
 34.34875 -118.73480    -343.28
 34.34875 -118.73140    -343.28
 34.34875 -118.72800    -343.28
 34.34875 -118.72460    -343.28
 34.34875 -118.72120    -343.28
 34.34875 -118.71780    -343.28
 34.34875 -118.71440    -358.97
 34.34875 -118.71100    -355.65
 34.34875 -118.70760    -352.34
 34.34875 -118.70420    -333.33
 34.34875 -118.70080    -333.33
 34.34875 -118.69740    -333.33
 34.34875 -118.69400    -388.89
 34.34875 -118.69060    -388.89
 34.34875 -118.68720    -444.44
 34.34875 -118.68380    -388.89
 34.34875 -118.68040    -388.89
 34.34875 -118.67700    -388.89
 34.34875 -118.67360    -444.44
 34.34875 -118.67020    -500.00
 34.34875 -118.66680    -500.00
 34.34875 -118.66340    -500.00
 34.34875 -118.66000    -558.78
 34.34875 -118.65660    -653.82
 34.34875 -118.65320    -660.78
 34.34875 -118.64980    -588.37
 34.34875 -118.64640    -437.77
 34.34875 -118.64300    -375.26
 34.34875 -118.63960    -333.33
 34.34875 -118.63620    -333.33
 34.34875 -118.63280    -333.33
 34.34569 -118.75520    -418.37
 34.34569 -118.75180    -418.37
 34.34569 -118.74841    -418.37
 34.34569 -118.74500    -418.37
 34.34569 -118.74160    -418.37
 34.34569 -118.73820    -418.37
 34.34569 -118.73480    -418.37
 34.34569 -118.73140    -418.37
 34.34569 -118.72800    -418.37
 34.34569 -118.72460    -418.37
 34.34569 -118.72120    -418.37
 34.34569 -118.71780    -418.37
 34.34569 -118.71440    -455.19
 34.34569 -118.71100    -487.24
 34.34569 -118.70760    -519.28
 34.34569 -118.70420    -509.68
 34.34569 -118.70080    -504.84
 34.34569 -118.69740    -500.00
 34.34569 -118.69400    -500.00
 34.34569 -118.69060    -500.00
 34.34569 -118.68720    -500.00
 34.34569 -118.68380    -500.00
 34.34569 -118.68040    -500.00
 34.34569 -118.67700    -500.00
 34.34569 -118.67360    -500.00
 34.34569 -118.67020    -500.00
 34.34569 -118.66680    -522.81
 34.34569 -118.66340    -545.62
 34.34569 -118.66000    -623.77
 34.34569 -118.65660    -700.19
 34.34569 -118.65320    -711.86
 34.34569 -118.64980    -633.70
 34.34569 -118.64640    -534.47
 34.34569 -118.64300    -500.00
 34.34569 -118.63960    -500.00
 34.34569 -118.63620    -500.00
 34.34569 -118.63280    -500.00
 34.34263 -118.75520    -473.73
 34.34263 -118.75180    -473.73
 34.34263 -118.74841    -473.73
 34.34263 -118.74500    -473.73
 34.34263 -118.74160    -473.73
 34.34263 -118.73820    -473.73
 34.34263 -118.73480    -473.73
 34.34263 -118.73140    -473.73
 34.34263 -118.72800    -473.73
 34.34263 -118.72460    -473.73
 34.34263 -118.72120    -483.42
 34.34263 -118.71780    -493.10
 34.34263 -118.71440    -518.23
 34.34263 -118.71100    -526.98
 34.34263 -118.70760    -535.72
 34.34263 -118.70420    -524.19
 34.34263 -118.70080    -514.51
 34.34263 -118.69740    -504.84
 34.34263 -118.69400    -500.00
 34.34263 -118.69060    -500.00
 34.34263 -118.68720    -500.00
 34.34263 -118.68380    -500.00
 34.34263 -118.68040    -500.00
 34.34263 -118.67700    -500.00
 34.34263 -118.67360    -500.00
 34.34263 -118.67020    -521.71
 34.34263 -118.66680    -566.24
 34.34263 -118.66340    -610.76
 34.34263 -118.66000    -657.19
 34.34263 -118.65660    -700.99
 34.34263 -118.65320    -725.41
 34.34263 -118.64980    -657.26
 34.34263 -118.64640    -568.94
 34.34263 -118.64300    -500.00
 34.34263 -118.63960    -500.00
 34.34263 -118.63620    -500.00
 34.34263 -118.63280    -500.00
 34.33957 -118.75520    -473.73
 34.33957 -118.75180    -473.73
 34.33957 -118.74841    -473.73
 34.33957 -118.74500    -473.73
 34.33957 -118.74160    -473.73
 34.33957 -118.73820    -473.73
 34.33957 -118.73480    -473.73
 34.33957 -118.73140    -473.73
 34.33957 -118.72800    -473.73
 34.33957 -118.72460    -483.42
 34.33957 -118.72120    -502.79
 34.33957 -118.71780    -522.15
 34.33957 -118.71440    -544.36
 34.33957 -118.71100    -548.26
 34.33957 -118.70760    -552.17
 34.33957 -118.70420    -538.70
 34.33957 -118.70080    -529.03
 34.33957 -118.69740    -514.51
 34.33957 -118.69400    -504.84
 34.33957 -118.69060    -500.00
 34.33957 -118.68720    -500.00
 34.33957 -118.68380    -500.00
 34.33957 -118.68040    -500.00
 34.33957 -118.67700    -500.00
 34.33957 -118.67360    -521.71
 34.33957 -118.67020    -565.14
 34.33957 -118.66680    -631.38
 34.33957 -118.66340    -675.90
 34.33957 -118.66000    -692.94
 34.33957 -118.65660    -699.93
 34.33957 -118.65320    -722.02
 34.33957 -118.64980    -661.55
 34.33957 -118.64640    -588.32
 34.33957 -118.64300    -500.00
 34.33957 -118.63960    -500.00
 34.33957 -118.63620    -500.00
 34.33957 -118.63280    -500.00
 34.33652 -118.75520    -473.73
 34.33652 -118.75180    -473.73
 34.33652 -118.74841    -473.73
 34.33652 -118.74500    -473.73
 34.33652 -118.74160    -473.73
 34.33652 -118.73820    -473.73
 34.33652 -118.73480    -473.73
 34.33652 -118.73140    -483.42
 34.33652 -118.72800    -493.10
 34.33652 -118.72460    -512.47
 34.33652 -118.72120    -531.84
 34.33652 -118.71780    -551.20
 34.33652 -118.71440    -560.89
 34.33652 -118.71100    -555.10
 34.33652 -118.70760    -549.32
 34.33652 -118.70420    -543.54
 34.33652 -118.70080    -538.70
 34.33652 -118.69740    -529.03
 34.33652 -118.69400    -514.51
 34.33652 -118.69060    -504.84
 34.33652 -118.68720    -500.00
 34.33652 -118.68380    -500.00
 34.33652 -118.68040    -500.00
 34.33652 -118.67700    -521.71
 34.33652 -118.67360    -565.14
 34.33652 -118.67020    -630.28
 34.33652 -118.66680    -673.71
 34.33652 -118.66340    -695.42
 34.33652 -118.66000    -693.09
 34.33652 -118.65660    -688.42
 34.33652 -118.65320    -696.50
 34.33652 -118.64980    -633.70
 34.33652 -118.64640    -573.23
 34.33652 -118.64300    -500.00
 34.33652 -118.63960    -500.00
 34.33652 -118.63620    -500.00
 34.33652 -118.63280    -500.00
 34.33346 -118.75520    -473.73
 34.33346 -118.75180    -473.73
 34.33346 -118.74841    -473.73
 34.33346 -118.74500    -473.73
 34.33346 -118.74160    -473.73
 34.33346 -118.73820    -473.73
 34.33346 -118.73480    -473.73
 34.33346 -118.73140    -493.10
 34.33346 -118.72800    -512.47
 34.33346 -118.72460    -541.52
 34.33346 -118.72120    -551.20
 34.33346 -118.71780    -560.89
 34.33346 -118.71440    -560.89
 34.33346 -118.71100    -555.10
 34.33346 -118.70760    -549.32
 34.33346 -118.70420    -543.54
 34.33346 -118.70080    -543.54
 34.33346 -118.69740    -538.70
 34.33346 -118.69400    -529.03
 34.33346 -118.69060    -514.51
 34.33346 -118.68720    -504.84
 34.33346 -118.68380    -500.00
 34.33346 -118.68040    -521.71
 34.33346 -118.67700    -565.14
 34.33346 -118.67360    -630.28
 34.33346 -118.67020    -673.71
 34.33346 -118.66680    -695.42
 34.33346 -118.66340    -695.42
 34.33346 -118.66000    -695.42
 34.33346 -118.65660    -693.09
 34.33346 -118.65320    -688.42
 34.33346 -118.64980    -623.28
 34.33346 -118.64640    -560.47
 34.33346 -118.64300    -500.00
 34.33346 -118.63960    -500.00
 34.33346 -118.63620    -500.00
 34.33346 -118.63280    -500.00
 34.33040 -118.75520    -473.73
 34.33040 -118.75180    -473.73
 34.33040 -118.74841    -473.73
 34.33040 -118.74500    -473.73
 34.33040 -118.74160    -473.73
 34.33040 -118.73820    -473.73
 34.33040 -118.73480    -473.73
 34.33040 -118.73140    -502.79
 34.33040 -118.72800    -531.84
 34.33040 -118.72460    -560.89
 34.33040 -118.72120    -560.89
 34.33040 -118.71780    -560.89
 34.33040 -118.71440    -560.89
 34.33040 -118.71100    -555.10
 34.33040 -118.70760    -549.32
 34.33040 -118.70420    -543.54
 34.33040 -118.70080    -543.54
 34.33040 -118.69740    -543.54
 34.33040 -118.69400    -538.70
 34.33040 -118.69060    -524.19
 34.33040 -118.68720    -509.68
 34.33040 -118.68380    -500.00
 34.33040 -118.68040    -543.43
 34.33040 -118.67700    -608.57
 34.33040 -118.67360    -673.71
 34.33040 -118.67020    -695.42
 34.33040 -118.66680    -695.42
 34.33040 -118.66340    -695.42
 34.33040 -118.66000    -695.42
 34.33040 -118.65660    -695.42
 34.33040 -118.65320    -693.09
 34.33040 -118.64980    -627.95
 34.33040 -118.64640    -562.81
 34.33040 -118.64300    -500.00
 34.33040 -118.63960    -500.00
 34.33040 -118.63620    -500.00
 34.33040 -118.63280    -500.00
