-117.812 34.0581
-117.795 34.0456
-117.775 34.0323
-117.755 34.0235
-117.735 34.0162
-117.721 34.0096
-117.703 33.9978
-117.686 33.9829
-117.670 33.9683
-117.654 33.9529
-117.634 33.9298
-117.618 33.9152
-117.602 33.8990
-117.592 33.8888
-117.583 33.8813
-117.572 33.8738
-117.562 33.8644
-117.553 33.8568
-117.542 33.8471
-117.534 33.8380
-117.526 33.8280
-117.526 33.8197
-117.492 33.7956
-117.498 33.8099
-117.501 33.8186
-117.497 33.8442
-117.496 33.8745
-117.412 33.8787
-117.366 33.8947
-117.360 33.9317
-117.297 33.9784
-117.272 33.9987
-117.187 33.9980
-117.112 33.9963
-117.047 33.9967
-117.001 34.0000
-116.995 34.0314
-116.978 34.0652
-117.021 34.0927
-117.096 34.1121
-117.160 34.1394
-117.210 34.1604
-117.261 34.1793
-117.307 34.1989
-117.348 34.2186
-117.378 34.2358
-117.401 34.2505
-117.417 34.2539
-117.469 34.2554
-117.454 34.2348
-117.430 34.2164
-117.414 34.2067
-117.448 34.1968
-117.506 34.1831
-117.559 34.1792
-117.602 34.1748
-117.632 34.1706
-117.679 34.1617
-117.710 34.1456
-117.753 34.1480
-117.785 34.1558
-117.792 34.1174
-117.797 34.0851
-117.795 34.0503
