   -117.767    34.0392
   -117.761    34.0365
   -117.754    34.0293
   -117.749    34.0216
   -117.740    34.0155
   -117.734    34.0125
   -117.728    34.0081
   -117.731    33.9992
   -117.739    33.9941
   -117.736    33.9888
   -117.722    33.9857
   -117.719    33.9734
   -117.713    33.9643
   -117.693    33.9593
   -117.679    33.9469
   -117.661    33.9369
   -117.654    33.9270
   -117.652    33.9191
   -117.650    33.9136
   -117.647    33.9040
   -117.644    33.8893
   -117.631    33.8796
   -117.615    33.8718
   -117.604    33.8552
   -117.593    33.8407
   -117.573    33.8280
   -117.558    33.8175
   -117.548    33.8138
   -117.537    33.8218
   -117.530    33.8340
   -117.532    33.8458
   -117.538    33.8619
   -117.545    33.8780
   -117.564    33.8942
   -117.584    33.9086
   -117.594    33.9207
   -117.596    33.9334
   -117.589    33.9510
   -117.592    33.9660
   -117.612    33.9775
   -117.634    33.9961
   -117.642    34.0216
   -117.647    34.0398
   -117.677    34.0420
   -117.714    34.0385
   -117.746    34.0391
   -117.757    34.0401
   -117.763    34.0411
