   -118.573    34.0295
   -118.572    34.0364
   -118.572    34.0442
   -118.572    34.0506
   -118.572    34.0549
   -118.572    34.0580
   -118.564    34.0582
   -118.550    34.0589
   -118.532    34.0591
   -118.515    34.0593
   -118.502    34.0591
   -118.488    34.0601
   -118.473    34.0639
   -118.457    34.0700
   -118.442    34.0754
   -118.431    34.0793
   -118.421    34.0830
   -118.413    34.0869
   -118.410    34.0893
   -118.406    34.0847
   -118.402    34.0795
   -118.400    34.0759
   -118.401    34.0755
   -118.405    34.0734
   -118.412    34.0715
   -118.417    34.0701
   -118.419    34.0692
   -118.421    34.0646
   -118.424    34.0601
   -118.428    34.0544
   -118.432    34.0502
   -118.435    34.0467
   -118.437    34.0440
   -118.446    34.0426
   -118.455    34.0426
   -118.464    34.0418
   -118.473    34.0408
   -118.482    34.0391
   -118.492    34.0371
   -118.501    34.0352
   -118.507    34.0337
   -118.512    34.0327
   -118.522    34.0316
   -118.533    34.0310
   -118.540    34.0311
   -118.550    34.0304
   -118.560    34.0299
   -118.566    34.0300
   -118.571    34.0297
