-118.573 34.0498
-118.573 34.0673
-118.573 34.0781
-118.558 34.0781
-118.531 34.0786
-118.520 34.0797
-118.514 34.0769
-118.510 34.0800
-118.508 34.0778
-118.504 34.0759
-118.501 34.0789
-118.497 34.0766
-118.496 34.0784
-118.494 34.0788
-118.490 34.0780
-118.488 34.0798
-118.484 34.0777
-118.479 34.0790
-118.477 34.0816
-118.472 34.0845
-118.467 34.0868
-118.464 34.0868
-118.462 34.0875
-118.459 34.0874
-118.459 34.0848
-118.456 34.0839
-118.453 34.0843
-118.452 34.0840
-118.449 34.0832
-118.445 34.0836
-118.444 34.0868
-118.444 34.0919
-118.445 34.0951
-118.443 34.0950
-118.441 34.0923
-118.439 34.0911
-118.433 34.0918
-118.430 34.0947
-118.428 34.0939
-118.425 34.0922
-118.422 34.0901
-118.420 34.0923
-118.418 34.0928
-118.415 34.0914
-118.411 34.0889
-118.408 34.0885
-118.405 34.0840
-118.403 34.0813
-118.401 34.0772
-118.408 34.0738
-118.401 34.0755
-118.405 34.0734
-118.412 34.0715
-118.417 34.0701
-118.419 34.0692
-118.421 34.0646
-118.424 34.0601
-118.428 34.0544
-118.432 34.0502
-118.435 34.0467
-118.437 34.0440
-118.446 34.0426
-118.455 34.0426
-118.464 34.0418
-118.473 34.0408
-118.482 34.0391
-118.492 34.0371
-118.501 34.0352
-118.507 34.0337
-118.512 34.0327
-118.522 34.0316
-118.533 34.0310
-118.540 34.0311
-118.550 34.0304
-118.560 34.0299
-118.566 34.0300
-118.571 34.0297
