 34.09550 -118.55320     170.33
 34.09550 -118.54982      97.33
 34.09550 -118.54645      24.33
 34.09550 -118.54307       0.00
 34.09550 -118.53969       0.00
 34.09550 -118.53631       0.00
 34.09550 -118.53294       0.00
 34.09550 -118.52956       0.00
 34.09550 -118.52618       0.00
 34.09550 -118.52280       0.00
 34.09550 -118.51942       0.00
 34.09550 -118.51604       0.00
 34.09550 -118.51266      67.33
 34.09550 -118.50928     168.33
 34.09550 -118.50591     202.00
 34.09550 -118.50253     134.67
 34.09550 -118.49915      33.67
 34.09550 -118.49577       0.00
 34.09550 -118.49240       0.00
 34.09550 -118.48902       0.00
 34.09550 -118.48564       0.00
 34.09550 -118.48226       0.00
 34.09550 -118.47889       0.00
 34.09550 -118.47551       0.00
 34.09550 -118.47213      68.67
 34.09550 -118.46875     137.33
 34.09550 -118.46538     206.00
 34.09550 -118.46200     137.33
 34.09550 -118.45862      68.67
 34.09550 -118.45525       0.00
 34.09550 -118.45187       0.00
 34.09550 -118.44849       0.00
 34.09550 -118.44511       0.00
 34.09550 -118.44173       0.00
 34.09550 -118.43835       0.00
 34.09550 -118.43497       0.00
 34.09550 -118.43159       0.00
 34.09550 -118.42822     333.33
 34.09550 -118.42484     666.67
 34.09550 -118.42146    1000.00
 34.09550 -118.41808    1000.00
 34.09550 -118.41471    1000.00
 34.09550 -118.41133    1000.00
 34.09550 -118.40795    1000.00
 34.09550 -118.40457    1000.00
 34.09550 -118.40120    1000.00
 34.09550 -118.39782    1000.00
 34.09550 -118.39444    1333.33
 34.09550 -118.39106    1666.67
 34.09550 -118.38769    2000.00
 34.09550 -118.38431    2000.00
 34.09550 -118.38093    2000.00
 34.09550 -118.37755    2000.00
 34.09550 -118.37418    2000.00
 34.09550 -118.37080    2000.00
 34.09260 -118.55320     194.67
 34.09260 -118.54982     146.00
 34.09260 -118.54645      73.00
 34.09260 -118.54307      24.33
 34.09260 -118.53969       0.00
 34.09260 -118.53631       0.00
 34.09260 -118.53294       0.00
 34.09260 -118.52956       0.00
 34.09260 -118.52618       0.00
 34.09260 -118.52280       0.00
 34.09260 -118.51942       0.00
 34.09260 -118.51604       0.00
 34.09260 -118.51266      33.67
 34.09260 -118.50928     101.00
 34.09260 -118.50591     134.67
 34.09260 -118.50253     101.00
 34.09260 -118.49915      33.67
 34.09260 -118.49577       0.00
 34.09260 -118.49240       0.00
 34.09260 -118.48902       0.00
 34.09260 -118.48564       0.00
 34.09260 -118.48226       0.00
 34.09260 -118.47889       0.00
 34.09260 -118.47551       0.00
 34.09260 -118.47213      68.67
 34.09260 -118.46875     137.33
 34.09260 -118.46538     206.00
 34.09260 -118.46200     137.33
 34.09260 -118.45862      68.67
 34.09260 -118.45525       0.00
 34.09260 -118.45187       0.00
 34.09260 -118.44849       0.00
 34.09260 -118.44511       0.00
 34.09260 -118.44173       0.00
 34.09260 -118.43835       0.00
 34.09260 -118.43497       0.00
 34.09260 -118.43159     111.11
 34.09260 -118.42822     444.44
 34.09260 -118.42484     777.78
 34.09260 -118.42146    1000.00
 34.09260 -118.41808    1000.00
 34.09260 -118.41471    1000.00
 34.09260 -118.41133    1000.00
 34.09260 -118.40795    1000.00
 34.09260 -118.40457    1000.00
 34.09260 -118.40120    1000.00
 34.09260 -118.39782    1111.11
 34.09260 -118.39444    1555.56
 34.09260 -118.39106    1888.89
 34.09260 -118.38769    2111.11
 34.09260 -118.38431    2000.00
 34.09260 -118.38093    2000.00
 34.09260 -118.37755    2000.00
 34.09260 -118.37418    2000.00
 34.09260 -118.37080    2000.00
 34.08969 -118.55320     219.00
 34.08969 -118.54982     194.67
 34.08969 -118.54645     146.00
 34.08969 -118.54307      73.00
 34.08969 -118.53969      24.33
 34.08969 -118.53631       0.00
 34.08969 -118.53294       0.00
 34.08969 -118.52956       0.00
 34.08969 -118.52618       0.00
 34.08969 -118.52280       0.00
 34.08969 -118.51942       0.00
 34.08969 -118.51604       0.00
 34.08969 -118.51266       0.00
 34.08969 -118.50928      33.67
 34.08969 -118.50591      67.33
 34.08969 -118.50253      67.33
 34.08969 -118.49915      33.67
 34.08969 -118.49577       0.00
 34.08969 -118.49240       0.00
 34.08969 -118.48902       0.00
 34.08969 -118.48564       0.00
 34.08969 -118.48226       0.00
 34.08969 -118.47889       0.00
 34.08969 -118.47551       0.00
 34.08969 -118.47213      68.67
 34.08969 -118.46875     137.33
 34.08969 -118.46538     206.00
 34.08969 -118.46200     137.33
 34.08969 -118.45862      68.67
 34.08969 -118.45525       0.00
 34.08969 -118.45187       0.00
 34.08969 -118.44849       0.00
 34.08969 -118.44511       0.00
 34.08969 -118.44173       0.00
 34.08969 -118.43835      24.89
 34.08969 -118.43497      49.78
 34.08969 -118.43159     272.00
 34.08969 -118.42822     580.44
 34.08969 -118.42484     888.89
 34.08969 -118.42146    1000.00
 34.08969 -118.41808    1000.00
 34.08969 -118.41471    1000.00
 34.08969 -118.41133    1000.00
 34.08969 -118.40795    1000.00
 34.08969 -118.40457    1000.00
 34.08969 -118.40120    1111.11
 34.08969 -118.39782    1333.33
 34.08969 -118.39444    1888.89
 34.08969 -118.39106    2222.22
 34.08969 -118.38769    2444.44
 34.08969 -118.38431    2333.33
 34.08969 -118.38093    2222.22
 34.08969 -118.37755    2111.11
 34.08969 -118.37418    2000.00
 34.08969 -118.37080    2000.00
 34.08679 -118.55320     219.00
 34.08679 -118.54982     219.00
 34.08679 -118.54645     194.67
 34.08679 -118.54307     146.00
 34.08679 -118.53969      73.00
 34.08679 -118.53631      24.33
 34.08679 -118.53294       0.00
 34.08679 -118.52956       0.00
 34.08679 -118.52618       0.00
 34.08679 -118.52280       0.00
 34.08679 -118.51942       0.00
 34.08679 -118.51604       0.00
 34.08679 -118.51266       0.00
 34.08679 -118.50928       0.00
 34.08679 -118.50591       0.00
 34.08679 -118.50253       0.00
 34.08679 -118.49915       0.00
 34.08679 -118.49577       0.00
 34.08679 -118.49240       0.00
 34.08679 -118.48902       0.00
 34.08679 -118.48564       0.00
 34.08679 -118.48226       0.00
 34.08679 -118.47889       0.00
 34.08679 -118.47551       0.00
 34.08679 -118.47213      68.67
 34.08679 -118.46875     137.33
 34.08679 -118.46538     206.00
 34.08679 -118.46200     137.33
 34.08679 -118.45862      68.67
 34.08679 -118.45525       0.00
 34.08679 -118.45187       0.00
 34.08679 -118.44849       0.00
 34.08679 -118.44511       0.00
 34.08679 -118.44173       0.00
 34.08679 -118.43835      24.89
 34.08679 -118.43497     146.22
 34.08679 -118.43159     479.56
 34.08679 -118.42822     788.00
 34.08679 -118.42484    1000.00
 34.08679 -118.42146    1000.00
 34.08679 -118.41808    1000.00
 34.08679 -118.41471    1111.11
 34.08679 -118.41133    1222.22
 34.08679 -118.40795    1333.33
 34.08679 -118.40457    1333.33
 34.08679 -118.40120    1444.44
 34.08679 -118.39782    1777.78
 34.08679 -118.39444    2333.33
 34.08679 -118.39106    2666.67
 34.08679 -118.38769    2777.78
 34.08679 -118.38431    2666.67
 34.08679 -118.38093    2555.56
 34.08679 -118.37755    2333.33
 34.08679 -118.37418    2111.11
 34.08679 -118.37080    2000.00
 34.08388 -118.55320     392.56
 34.08388 -118.54982     305.78
 34.08388 -118.54645     219.00
 34.08388 -118.54307     194.67
 34.08388 -118.53969     146.00
 34.08388 -118.53631      73.00
 34.08388 -118.53294      24.33
 34.08388 -118.52956       0.00
 34.08388 -118.52618       0.00
 34.08388 -118.52280       0.00
 34.08388 -118.51942       0.00
 34.08388 -118.51604       0.00
 34.08388 -118.51266       0.00
 34.08388 -118.50928       0.00
 34.08388 -118.50591       0.00
 34.08388 -118.50253       0.00
 34.08388 -118.49915       0.00
 34.08388 -118.49577       0.00
 34.08388 -118.49240      33.67
 34.08388 -118.48902      33.67
 34.08388 -118.48564      33.67
 34.08388 -118.48226       0.00
 34.08388 -118.47889       0.00
 34.08388 -118.47551       0.00
 34.08388 -118.47213      68.67
 34.08388 -118.46875     137.33
 34.08388 -118.46538     183.11
 34.08388 -118.46200     114.44
 34.08388 -118.45862      45.78
 34.08388 -118.45525       0.00
 34.08388 -118.45187       0.00
 34.08388 -118.44849       0.00
 34.08388 -118.44511       0.00
 34.08388 -118.44173       0.00
 34.08388 -118.43835     136.00
 34.08388 -118.43497     353.78
 34.08388 -118.43159     687.11
 34.08388 -118.42822     884.44
 34.08388 -118.42484    1111.11
 34.08388 -118.42146    1222.22
 34.08388 -118.41808    1444.44
 34.08388 -118.41471    1555.56
 34.08388 -118.41133    1666.67
 34.08388 -118.40795    1888.89
 34.08388 -118.40457    2111.11
 34.08388 -118.40120    2222.22
 34.08388 -118.39782    2333.33
 34.08388 -118.39444    2555.56
 34.08388 -118.39106    2888.89
 34.08388 -118.38769    3000.00
 34.08388 -118.38431    3000.00
 34.08388 -118.38093    2888.89
 34.08388 -118.37755    2555.56
 34.08388 -118.37418    2222.22
 34.08388 -118.37080    2000.00
 34.08098 -118.55320     652.89
 34.08098 -118.54982     479.33
 34.08098 -118.54645     305.78
 34.08098 -118.54307     219.00
 34.08098 -118.53969     194.67
 34.08098 -118.53631     146.00
 34.08098 -118.53294      73.00
 34.08098 -118.52956      24.33
 34.08098 -118.52618       0.00
 34.08098 -118.52280       0.00
 34.08098 -118.51942       0.00
 34.08098 -118.51604       0.00
 34.08098 -118.51266       0.00
 34.08098 -118.50928       0.00
 34.08098 -118.50591       0.00
 34.08098 -118.50253       0.00
 34.08098 -118.49915       0.00
 34.08098 -118.49577       0.00
 34.08098 -118.49240      67.33
 34.08098 -118.48902     101.00
 34.08098 -118.48564     101.00
 34.08098 -118.48226      33.67
 34.08098 -118.47889       0.00
 34.08098 -118.47551       0.00
 34.08098 -118.47213      68.67
 34.08098 -118.46875     137.33
 34.08098 -118.46538     160.22
 34.08098 -118.46200      91.56
 34.08098 -118.45862      22.89
 34.08098 -118.45525       0.00
 34.08098 -118.45187       0.00
 34.08098 -118.44849       0.00
 34.08098 -118.44511     111.11
 34.08098 -118.44173     111.11
 34.08098 -118.43835     444.44
 34.08098 -118.43497     622.67
 34.08098 -118.43159    1038.00
 34.08098 -118.42822    1260.22
 34.08098 -118.42484    1526.44
 34.08098 -118.42146    1666.67
 34.08098 -118.41808    1888.89
 34.08098 -118.41471    2222.22
 34.08098 -118.41133    2333.33
 34.08098 -118.40795    2666.67
 34.08098 -118.40457    2888.89
 34.08098 -118.40120    3111.11
 34.08098 -118.39782    3000.00
 34.08098 -118.39444    2888.89
 34.08098 -118.39106    3000.00
 34.08098 -118.38769    3000.00
 34.08098 -118.38431    3000.00
 34.08098 -118.38093    3000.00
 34.08098 -118.37755    2777.78
 34.08098 -118.37418    2444.44
 34.08098 -118.37080    2111.11
 34.07808 -118.55320     913.22
 34.07808 -118.54982     739.67
 34.07808 -118.54645     479.33
 34.07808 -118.54307     305.78
 34.07808 -118.53969     219.00
 34.07808 -118.53631     194.67
 34.07808 -118.53294     146.00
 34.07808 -118.52956      73.00
 34.07808 -118.52618      24.33
 34.07808 -118.52280       0.00
 34.07808 -118.51942       0.00
 34.07808 -118.51604       0.00
 34.07808 -118.51266       0.00
 34.07808 -118.50928       0.00
 34.07808 -118.50591       0.00
 34.07808 -118.50253       0.00
 34.07808 -118.49915       0.00
 34.07808 -118.49577       0.00
 34.07808 -118.49240      67.33
 34.07808 -118.48902     134.67
 34.07808 -118.48564     168.33
 34.07808 -118.48226     101.00
 34.07808 -118.47889      33.67
 34.07808 -118.47551       0.00
 34.07808 -118.47213      45.78
 34.07808 -118.46875      91.56
 34.07808 -118.46538      91.56
 34.07808 -118.46200      45.78
 34.07808 -118.45862     232.33
 34.07808 -118.45525     343.44
 34.07808 -118.45187     565.67
 34.07808 -118.44849     333.33
 34.07808 -118.44511     444.44
 34.07808 -118.44173     555.56
 34.07808 -118.43835    1111.11
 34.07808 -118.43497    1415.11
 34.07808 -118.43159    1579.11
 34.07808 -118.42822    1801.33
 34.07808 -118.42484    2088.67
 34.07808 -118.42146    2369.11
 34.07808 -118.41808    2591.33
 34.07808 -118.41471    2888.89
 34.07808 -118.41133    3000.00
 34.07808 -118.40795    3333.33
 34.07808 -118.40457    3555.56
 34.07808 -118.40120    3777.78
 34.07808 -118.39782    3444.44
 34.07808 -118.39444    3111.11
 34.07808 -118.39106    3000.00
 34.07808 -118.38769    3000.00
 34.07808 -118.38431    3000.00
 34.07808 -118.38093    3000.00
 34.07808 -118.37755    2888.89
 34.07808 -118.37418    2555.56
 34.07808 -118.37080    2222.22
 34.07517 -118.55320    1000.00
 34.07517 -118.54982     913.22
 34.07517 -118.54645     739.67
 34.07517 -118.54307     479.33
 34.07517 -118.53969     305.78
 34.07517 -118.53631     219.00
 34.07517 -118.53294     194.67
 34.07517 -118.52956     146.00
 34.07517 -118.52618      97.33
 34.07517 -118.52280      48.67
 34.07517 -118.51942      24.33
 34.07517 -118.51604       0.00
 34.07517 -118.51266       0.00
 34.07517 -118.50928       0.00
 34.07517 -118.50591       0.00
 34.07517 -118.50253       0.00
 34.07517 -118.49915       0.00
 34.07517 -118.49577       0.00
 34.07517 -118.49240      33.67
 34.07517 -118.48902     134.67
 34.07517 -118.48564     202.00
 34.07517 -118.48226     168.33
 34.07517 -118.47889      67.33
 34.07517 -118.47551       0.00
 34.07517 -118.47213      22.89
 34.07517 -118.46875      45.78
 34.07517 -118.46538      45.78
 34.07517 -118.46200     245.11
 34.07517 -118.45862     686.89
 34.07517 -118.45525     909.11
 34.07517 -118.45187    1242.44
 34.07517 -118.44849    1111.11
 34.07517 -118.44511    1444.44
 34.07517 -118.44173    1555.56
 34.07517 -118.43835    2000.00
 34.07517 -118.43497    2207.56
 34.07517 -118.43159    2260.44
 34.07517 -118.42822    2482.67
 34.07517 -118.42484    2680.00
 34.07517 -118.42146    3761.89
 34.07517 -118.41808    3761.89
 34.07517 -118.41471    4245.89
 34.07517 -118.41133    3666.67
 34.07517 -118.40795    4000.00
 34.07517 -118.40457    3888.89
 34.07517 -118.40120    4000.00
 34.07517 -118.39782    3666.67
 34.07517 -118.39444    3333.33
 34.07517 -118.39106    3000.00
 34.07517 -118.38769    3000.00
 34.07517 -118.38431    3000.00
 34.07517 -118.38093    3000.00
 34.07517 -118.37755    3000.00
 34.07517 -118.37418    2777.78
 34.07517 -118.37080    2555.56
 34.07227 -118.55320    1000.00
 34.07227 -118.54982    1000.00
 34.07227 -118.54645     913.22
 34.07227 -118.54307     739.67
 34.07227 -118.53969     566.11
 34.07227 -118.53631     479.33
 34.07227 -118.53294     479.33
 34.07227 -118.52956     368.22
 34.07227 -118.52618     257.11
 34.07227 -118.52280     121.67
 34.07227 -118.51942      73.00
 34.07227 -118.51604      24.33
 34.07227 -118.51266       0.00
 34.07227 -118.50928       0.00
 34.07227 -118.50591       0.00
 34.07227 -118.50253       0.00
 34.07227 -118.49915       0.00
 34.07227 -118.49577       0.00
 34.07227 -118.49240       0.00
 34.07227 -118.48902     143.78
 34.07227 -118.48564     287.56
 34.07227 -118.48226     287.56
 34.07227 -118.47889     143.78
 34.07227 -118.47551       0.00
 34.07227 -118.47213     111.11
 34.07227 -118.46875     222.22
 34.07227 -118.46538     333.33
 34.07227 -118.46200     777.78
 34.07227 -118.45862    1464.67
 34.07227 -118.45525    1912.89
 34.07227 -118.45187    2246.22
 34.07227 -118.44849    2114.89
 34.07227 -118.44511    2333.33
 34.07227 -118.44173    2444.44
 34.07227 -118.43835    2777.78
 34.07227 -118.43497    3111.11
 34.07227 -118.43159    3193.11
 34.07227 -118.42822    3304.22
 34.07227 -118.42484    3375.78
 34.07227 -118.42146    5118.89
 34.07227 -118.41808    5230.00
 34.07227 -118.41471    5602.89
 34.07227 -118.41133    4333.33
 34.07227 -118.40795    4555.56
 34.07227 -118.40457    4333.33
 34.07227 -118.40120    4111.11
 34.07227 -118.39782    3777.78
 34.07227 -118.39444    3444.44
 34.07227 -118.39106    3111.11
 34.07227 -118.38769    3000.00
 34.07227 -118.38431    3000.00
 34.07227 -118.38093    3000.00
 34.07227 -118.37755    3000.00
 34.07227 -118.37418    2888.89
 34.07227 -118.37080    2777.78
 34.06936 -118.55320    1000.00
 34.06936 -118.54982    1000.00
 34.06936 -118.54645    1000.00
 34.06936 -118.54307     913.22
 34.06936 -118.53969     826.44
 34.06936 -118.53631     739.67
 34.06936 -118.53294     739.67
 34.06936 -118.52956     652.89
 34.06936 -118.52618     479.33
 34.06936 -118.52280     281.44
 34.06936 -118.51942     121.67
 34.06936 -118.51604      48.67
 34.06936 -118.51266       0.00
 34.06936 -118.50928       0.00
 34.06936 -118.50591       0.00
 34.06936 -118.50253       0.00
 34.06936 -118.49915       0.00
 34.06936 -118.49577       0.00
 34.06936 -118.49240       0.00
 34.06936 -118.48902     110.11
 34.06936 -118.48564     296.67
 34.06936 -118.48226     296.67
 34.06936 -118.47889     186.56
 34.06936 -118.47551     111.11
 34.06936 -118.47213     333.33
 34.06936 -118.46875     555.56
 34.06936 -118.46538     666.67
 34.06936 -118.46200    1333.33
 34.06936 -118.45862    2010.11
 34.06936 -118.45525    2573.22
 34.06936 -118.45187    2715.67
 34.06936 -118.44849    2848.00
 34.06936 -118.44511    3119.33
 34.06936 -118.44173    3310.22
 34.06936 -118.43835    3501.11
 34.06936 -118.43497    3666.67
 34.06936 -118.43159    3888.89
 34.06936 -118.42822    3888.89
 34.06936 -118.42484    3924.67
 34.06936 -118.42146    5527.56
 34.06936 -118.41808    5749.78
 34.06936 -118.41471    6158.44
 34.06936 -118.41133    4777.78
 34.06936 -118.40795    4888.89
 34.06936 -118.40457    4555.56
 34.06936 -118.40120    4222.22
 34.06936 -118.39782    3888.89
 34.06936 -118.39444    3555.56
 34.06936 -118.39106    3222.22
 34.06936 -118.38769    3000.00
 34.06936 -118.38431    3000.00
 34.06936 -118.38093    3000.00
 34.06936 -118.37755    3000.00
 34.06936 -118.37418    3000.00
 34.06936 -118.37080    3000.00
 34.06646 -118.55320    1000.00
 34.06646 -118.54982    1000.00
 34.06646 -118.54645    1000.00
 34.06646 -118.54307    1000.00
 34.06646 -118.53969    1000.00
 34.06646 -118.53631    1000.00
 34.06646 -118.53294    1000.00
 34.06646 -118.52956     913.22
 34.06646 -118.52618     652.89
 34.06646 -118.52280     392.56
 34.06646 -118.51942     170.33
 34.06646 -118.51604      97.33
 34.06646 -118.51266      24.33
 34.06646 -118.50928       0.00
 34.06646 -118.50591       0.00
 34.06646 -118.50253       0.00
 34.06646 -118.49915       0.00
 34.06646 -118.49577       0.00
 34.06646 -118.49240       0.00
 34.06646 -118.48902      76.44
 34.06646 -118.48564     229.33
 34.06646 -118.48226     229.33
 34.06646 -118.47889     152.89
 34.06646 -118.47551     222.22
 34.06646 -118.47213     555.56
 34.06646 -118.46875     888.89
 34.06646 -118.46538    1111.11
 34.06646 -118.46200    1666.67
 34.06646 -118.45862    2222.22
 34.06646 -118.45525    2789.11
 34.06646 -118.45187    2962.89
 34.06646 -118.44849    3162.00
 34.06646 -118.44511    3264.00
 34.06646 -118.44173    3645.78
 34.06646 -118.43835    4002.22
 34.06646 -118.43497    4222.22
 34.06646 -118.43159    4444.44
 34.06646 -118.42822    4444.44
 34.06646 -118.42484    4555.56
 34.06646 -118.42146    5245.89
 34.06646 -118.41808    6190.67
 34.06646 -118.41471    7135.44
 34.06646 -118.41133    7167.67
 34.06646 -118.40795    7167.67
 34.06646 -118.40457    6222.89
 34.06646 -118.40120    5167.00
 34.06646 -118.39782    4111.11
 34.06646 -118.39444    3777.78
 34.06646 -118.39106    3444.44
 34.06646 -118.38769    3111.11
 34.06646 -118.38431    3000.00
 34.06646 -118.38093    3000.00
 34.06646 -118.37755    3000.00
 34.06646 -118.37418    3000.00
 34.06646 -118.37080    3000.00
 34.06355 -118.55320    1000.00
 34.06355 -118.54982    1000.00
 34.06355 -118.54645    1000.00
 34.06355 -118.54307    1000.00
 34.06355 -118.53969    1000.00
 34.06355 -118.53631    1000.00
 34.06355 -118.53294    1000.00
 34.06355 -118.52956    1000.00
 34.06355 -118.52618     739.67
 34.06355 -118.52280     479.33
 34.06355 -118.51942     194.67
 34.06355 -118.51604     146.00
 34.06355 -118.51266      73.00
 34.06355 -118.50928      24.33
 34.06355 -118.50591       0.00
 34.06355 -118.50253       0.00
 34.06355 -118.49915     111.11
 34.06355 -118.49577     222.22
 34.06355 -118.49240     333.33
 34.06355 -118.48902     333.33
 34.06355 -118.48564     389.67
 34.06355 -118.48226     369.56
 34.06355 -118.47889     349.44
 34.06355 -118.47551     515.33
 34.06355 -118.47213     757.67
 34.06355 -118.46875    1000.00
 34.06355 -118.46538    1222.22
 34.06355 -118.46200    1777.78
 34.06355 -118.45862    2333.33
 34.06355 -118.45525    2816.67
 34.06355 -118.45187    3021.78
 34.06355 -118.44849    3277.56
 34.06355 -118.44511    3421.89
 34.06355 -118.44173    3883.44
 34.06355 -118.43835    4294.33
 34.06355 -118.43497    4444.44
 34.06355 -118.43159    4555.56
 34.06355 -118.42822    4555.56
 34.06355 -118.42484    4777.78
 34.06355 -118.42146    5466.89
 34.06355 -118.41808    6989.67
 34.06355 -118.41471    8512.44
 34.06355 -118.41133    9235.00
 34.06355 -118.40795    9235.00
 34.06355 -118.40457    8401.33
 34.06355 -118.40120    7456.56
 34.06355 -118.39782    5711.56
 34.06355 -118.39444    4689.11
 34.06355 -118.39106    3555.56
 34.06355 -118.38769    3222.22
 34.06355 -118.38431    3000.00
 34.06355 -118.38093    3000.00
 34.06355 -118.37755    3000.00
 34.06355 -118.37418    3000.00
 34.06355 -118.37080    3000.00
 34.06065 -118.55320    1000.00
 34.06065 -118.54982    1000.00
 34.06065 -118.54645    1000.00
 34.06065 -118.54307    1000.00
 34.06065 -118.53969    1000.00
 34.06065 -118.53631    1000.00
 34.06065 -118.53294    1000.00
 34.06065 -118.52956    1000.00
 34.06065 -118.52618     739.67
 34.06065 -118.52280     479.33
 34.06065 -118.51942     219.00
 34.06065 -118.51604     194.67
 34.06065 -118.51266     121.67
 34.06065 -118.50928      48.67
 34.06065 -118.50591     111.11
 34.06065 -118.50253     222.22
 34.06065 -118.49915     444.44
 34.06065 -118.49577     555.56
 34.06065 -118.49240     666.67
 34.06065 -118.48902     666.67
 34.06065 -118.48564     668.22
 34.06065 -118.48226     669.78
 34.06065 -118.47889     671.33
 34.06065 -118.47551     780.89
 34.06065 -118.47213    1001.56
 34.06065 -118.46875    1222.22
 34.06065 -118.46538    1555.56
 34.06065 -118.46200    2000.00
 34.06065 -118.45862    2444.44
 34.06065 -118.45525    2924.00
 34.06065 -118.45187    3208.89
 34.06065 -118.44849    3490.00
 34.06065 -118.44511    3540.22
 34.06065 -118.44173    3810.89
 34.06065 -118.43835    4307.56
 34.06065 -118.43497    4666.67
 34.06065 -118.43159    5000.00
 34.06065 -118.42822    5000.00
 34.06065 -118.42484    5800.22
 34.06065 -118.42146    7067.33
 34.06065 -118.41808    9168.11
 34.06065 -118.41471   10579.78
 34.06065 -118.41133   11302.33
 34.06065 -118.40795   11302.33
 34.06065 -118.40457   10579.78
 34.06065 -118.40120    9746.11
 34.06065 -118.39782    8112.22
 34.06065 -118.39444    6400.67
 34.06065 -118.39106    4578.00
 34.06065 -118.38769    3555.56
 34.06065 -118.38431    3333.33
 34.06065 -118.38093    3333.33
 34.06065 -118.37755    3222.22
 34.06065 -118.37418    3111.11
 34.06065 -118.37080    3000.00
 34.05774 -118.55320    1000.00
 34.05774 -118.54982    1000.00
 34.05774 -118.54645    1000.00
 34.05774 -118.54307    1000.00
 34.05774 -118.53969    1000.00
 34.05774 -118.53631    1000.00
 34.05774 -118.53294    1000.00
 34.05774 -118.52956    1000.00
 34.05774 -118.52618     826.44
 34.05774 -118.52280     566.11
 34.05774 -118.51942     305.78
 34.05774 -118.51604     219.00
 34.05774 -118.51266     257.11
 34.05774 -118.50928     406.33
 34.05774 -118.50591     555.56
 34.05774 -118.50253     666.67
 34.05774 -118.49915     777.78
 34.05774 -118.49577     888.89
 34.05774 -118.49240    1111.11
 34.05774 -118.48902    1222.22
 34.05774 -118.48564    1305.33
 34.05774 -118.48226    1277.33
 34.05774 -118.47889    1278.89
 34.05774 -118.47551    1306.89
 34.05774 -118.47213    1446.00
 34.05774 -118.46875    1555.56
 34.05774 -118.46538    1888.89
 34.05774 -118.46200    2333.33
 34.05774 -118.45862    2777.78
 34.05774 -118.45525    3253.56
 34.05774 -118.45187    3507.11
 34.05774 -118.44849    3842.67
 34.05774 -118.44511    3951.11
 34.05774 -118.44173    4225.56
 34.05774 -118.43835    4667.78
 34.05774 -118.43497    5083.56
 34.05774 -118.43159    5444.44
 34.05774 -118.42822    5444.44
 34.05774 -118.42484    6711.56
 34.05774 -118.42146    8556.67
 34.05774 -118.41808   10512.89
 34.05774 -118.41471   11202.00
 34.05774 -118.41133   11202.00
 34.05774 -118.40795   11202.00
 34.05774 -118.40457   11202.00
 34.05774 -118.40120   11202.00
 34.05774 -118.39782   10401.78
 34.05774 -118.39444    8801.33
 34.05774 -118.39106    6400.67
 34.05774 -118.38769    4689.11
 34.05774 -118.38431    3777.78
 34.05774 -118.38093    3666.67
 34.05774 -118.37755    3555.56
 34.05774 -118.37418    3333.33
 34.05774 -118.37080    3111.11
 34.05484 -118.55320    1000.00
 34.05484 -118.54982    1000.00
 34.05484 -118.54645    1000.00
 34.05484 -118.54307    1000.00
 34.05484 -118.53969    1000.00
 34.05484 -118.53631    1000.00
 34.05484 -118.53294    1000.00
 34.05484 -118.52956    1000.00
 34.05484 -118.52618     913.22
 34.05484 -118.52280     739.67
 34.05484 -118.51942     479.33
 34.05484 -118.51604     392.56
 34.05484 -118.51266     455.00
 34.05484 -118.50928     826.44
 34.05484 -118.50591    1111.11
 34.05484 -118.50253    1222.22
 34.05484 -118.49915    1111.11
 34.05484 -118.49577    1000.00
 34.05484 -118.49240    1222.22
 34.05484 -118.48902    1444.44
 34.05484 -118.48564    1653.44
 34.05484 -118.48226    1640.22
 34.05484 -118.47889    1661.89
 34.05484 -118.47551    1675.11
 34.05484 -118.47213    1799.44
 34.05484 -118.46875    1888.89
 34.05484 -118.46538    2222.22
 34.05484 -118.46200    2666.67
 34.05484 -118.45862    3111.11
 34.05484 -118.45525    3666.67
 34.05484 -118.45187    4000.00
 34.05484 -118.44849    4390.00
 34.05484 -118.44511    4459.89
 34.05484 -118.44173    4765.67
 34.05484 -118.43835    5153.44
 34.05484 -118.43497    5639.11
 34.05484 -118.43159    5888.89
 34.05484 -118.42822    5888.89
 34.05484 -118.42484    7044.89
 34.05484 -118.42146    8778.89
 34.05484 -118.41808   10624.00
 34.05484 -118.41471   11202.00
 34.05484 -118.41133   11202.00
 34.05484 -118.40795   11202.00
 34.05484 -118.40457   11202.00
 34.05484 -118.40120   11202.00
 34.05484 -118.39782   11202.00
 34.05484 -118.39444   10401.78
 34.05484 -118.39106    8223.33
 34.05484 -118.38769    5933.78
 34.05484 -118.38431    4333.33
 34.05484 -118.38093    4111.11
 34.05484 -118.37755    3888.89
 34.05484 -118.37418    3666.67
 34.05484 -118.37080    3444.44
 34.05193 -118.55320    1000.00
 34.05193 -118.54982    1000.00
 34.05193 -118.54645    1000.00
 34.05193 -118.54307    1000.00
 34.05193 -118.53969    1000.00
 34.05193 -118.53631    1000.00
 34.05193 -118.53294    1000.00
 34.05193 -118.52956    1000.00
 34.05193 -118.52618    1000.00
 34.05193 -118.52280     913.22
 34.05193 -118.51942     768.78
 34.05193 -118.51604     682.00
 34.05193 -118.51266     768.78
 34.05193 -118.50928    1246.56
 34.05193 -118.50591    1555.56
 34.05193 -118.50253    1666.67
 34.05193 -118.49915    1555.56
 34.05193 -118.49577    1555.56
 34.05193 -118.49240    1777.78
 34.05193 -118.48902    1888.89
 34.05193 -118.48564    1974.22
 34.05193 -118.48226    1948.44
 34.05193 -118.47889    1948.44
 34.05193 -118.47551    1974.22
 34.05193 -118.47213    2111.11
 34.05193 -118.46875    2222.22
 34.05193 -118.46538    2666.67
 34.05193 -118.46200    3111.11
 34.05193 -118.45862    3555.56
 34.05193 -118.45525    4000.00
 34.05193 -118.45187    4333.33
 34.05193 -118.44849    4888.89
 34.05193 -118.44511    5111.11
 34.05193 -118.44173    5528.00
 34.05193 -118.43835    5750.22
 34.05193 -118.43497    5972.44
 34.05193 -118.43159    6000.00
 34.05193 -118.42822    6000.00
 34.05193 -118.42484    6578.00
 34.05193 -118.42146    8312.00
 34.05193 -118.41808   10046.00
 34.05193 -118.41471   11202.00
 34.05193 -118.41133   11202.00
 34.05193 -118.40795   11202.00
 34.05193 -118.40457   11202.00
 34.05193 -118.40120   11202.00
 34.05193 -118.39782   11202.00
 34.05193 -118.39444   11202.00
 34.05193 -118.39106    9134.67
 34.05193 -118.38769    6956.22
 34.05193 -118.38431    4666.67
 34.05193 -118.38093    4333.33
 34.05193 -118.37755    4111.11
 34.05193 -118.37418    3888.89
 34.05193 -118.37080    3777.78
 34.04903 -118.55320    1000.00
 34.04903 -118.54982    1000.00
 34.04903 -118.54645    1000.00
 34.04903 -118.54307    1000.00
 34.04903 -118.53969    1000.00
 34.04903 -118.53631    1000.00
 34.04903 -118.53294    1111.11
 34.04903 -118.52956    1222.22
 34.04903 -118.52618    1333.33
 34.04903 -118.52280    1222.22
 34.04903 -118.51942    1164.56
 34.04903 -118.51604    1053.44
 34.04903 -118.51266    1275.67
 34.04903 -118.50928    1666.67
 34.04903 -118.50591    2000.00
 34.04903 -118.50253    2000.00
 34.04903 -118.49915    2000.00
 34.04903 -118.49577    2111.11
 34.04903 -118.49240    2222.22
 34.04903 -118.48902    2222.22
 34.04903 -118.48564    2226.00
 34.04903 -118.48226    2243.33
 34.04903 -118.47889    2243.33
 34.04903 -118.47551    2239.56
 34.04903 -118.47213    2444.44
 34.04903 -118.46875    2555.56
 34.04903 -118.46538    3000.00
 34.04903 -118.46200    3444.44
 34.04903 -118.45862    3888.89
 34.04903 -118.45525    4333.33
 34.04903 -118.45187    4666.67
 34.04903 -118.44849    5111.11
 34.04903 -118.44511    5222.22
 34.04903 -118.44173    5444.44
 34.04903 -118.43835    5555.56
 34.04903 -118.43497    5777.78
 34.04903 -118.43159    5888.89
 34.04903 -118.42822    6000.00
 34.04903 -118.42484    6000.00
 34.04903 -118.42146    7156.00
 34.04903 -118.41808    8890.00
 34.04903 -118.41471   10624.00
 34.04903 -118.41133   11202.00
 34.04903 -118.40795   11202.00
 34.04903 -118.40457   11202.00
 34.04903 -118.40120   11202.00
 34.04903 -118.39782   11202.00
 34.04903 -118.39444   11202.00
 34.04903 -118.39106    9823.78
 34.04903 -118.38769    7756.44
 34.04903 -118.38431    5578.00
 34.04903 -118.38093    4666.67
 34.04903 -118.37755    4333.33
 34.04903 -118.37418    4111.11
 34.04903 -118.37080    4000.00
 34.04612 -118.55320    1000.00
 34.04612 -118.54982    1000.00
 34.04612 -118.54645    1000.00
 34.04612 -118.54307    1111.11
 34.04612 -118.53969    1222.22
 34.04612 -118.53631    1333.33
 34.04612 -118.53294    1444.44
 34.04612 -118.52956    1555.56
 34.04612 -118.52618    1777.78
 34.04612 -118.52280    1888.89
 34.04612 -118.51942    2029.11
 34.04612 -118.51604    1822.22
 34.04612 -118.51266    2155.56
 34.04612 -118.50928    2348.67
 34.04612 -118.50591    2666.67
 34.04612 -118.50253    2444.44
 34.04612 -118.49915    2555.56
 34.04612 -118.49577    2777.78
 34.04612 -118.49240    2777.78
 34.04612 -118.48902    2666.67
 34.04612 -118.48564    2564.67
 34.04612 -118.48226    2489.78
 34.04612 -118.47889    2489.78
 34.04612 -118.47551    2415.89
 34.04612 -118.47213    2713.00
 34.04612 -118.46875    2824.11
 34.04612 -118.46538    3333.33
 34.04612 -118.46200    3666.67
 34.04612 -118.45862    4000.00
 34.04612 -118.45525    4333.33
 34.04612 -118.45187    4666.67
 34.04612 -118.44849    5034.67
 34.04612 -118.44511    5069.33
 34.04612 -118.44173    5142.44
 34.04612 -118.43835    5180.89
 34.04612 -118.43497    5330.44
 34.04612 -118.43159    5590.67
 34.04612 -118.42822    5850.89
 34.04612 -118.42484    6000.00
 34.04612 -118.42146    6578.00
 34.04612 -118.41808    8312.00
 34.04612 -118.41471   10046.00
 34.04612 -118.41133   11202.00
 34.04612 -118.40795   11202.00
 34.04612 -118.40457   11202.00
 34.04612 -118.40120   11202.00
 34.04612 -118.39782   11202.00
 34.04612 -118.39444   11202.00
 34.04612 -118.39106   10512.89
 34.04612 -118.38769    9134.67
 34.04612 -118.38431    7067.33
 34.04612 -118.38093    5578.00
 34.04612 -118.37755    4666.67
 34.04612 -118.37418    4333.33
 34.04612 -118.37080    4111.11
 34.04322 -118.55320    1000.00
 34.04322 -118.54982    1000.00
 34.04322 -118.54645    1000.00
 34.04322 -118.54307    1222.22
 34.04322 -118.53969    1444.44
 34.04322 -118.53631    1666.67
 34.04322 -118.53294    1888.89
 34.04322 -118.52956    2222.22
 34.04322 -118.52618    2555.56
 34.04322 -118.52280    2777.78
 34.04322 -118.51942    3000.00
 34.04322 -118.51604    3015.33
 34.04322 -118.51266    3459.78
 34.04322 -118.50928    3459.78
 34.04322 -118.50591    3555.56
 34.04322 -118.50253    3000.00
 34.04322 -118.49915    2888.89
 34.04322 -118.49577    2888.89
 34.04322 -118.49240    3000.00
 34.04322 -118.48902    3000.00
 34.04322 -118.48564    3000.00
 34.04322 -118.48226    2804.89
 34.04322 -118.47889    2804.89
 34.04322 -118.47551    2675.33
 34.04322 -118.47213    2870.44
 34.04322 -118.46875    2870.44
 34.04322 -118.46538    3222.22
 34.04322 -118.46200    3555.56
 34.04322 -118.45862    3888.89
 34.04322 -118.45525    4222.22
 34.04322 -118.45187    4444.44
 34.04322 -118.44849    4590.22
 34.04322 -118.44511    4513.78
 34.04322 -118.44173    4548.89
 34.04322 -118.43835    4660.44
 34.04322 -118.43497    4883.11
 34.04322 -118.43159    5143.33
 34.04322 -118.42822    5552.67
 34.04322 -118.42484    5850.89
 34.04322 -118.42146    6000.00
 34.04322 -118.41808    7734.00
 34.04322 -118.41471    9468.00
 34.04322 -118.41133   11202.00
 34.04322 -118.40795   11202.00
 34.04322 -118.40457   11202.00
 34.04322 -118.40120   11202.00
 34.04322 -118.39782   11202.00
 34.04322 -118.39444   11202.00
 34.04322 -118.39106   11202.00
 34.04322 -118.38769   10512.89
 34.04322 -118.38431    9134.67
 34.04322 -118.38093    7067.33
 34.04322 -118.37755    5578.00
 34.04322 -118.37418    4666.67
 34.04322 -118.37080    4444.44
 34.04031 -118.55320    1000.00
 34.04031 -118.54982    1000.00
 34.04031 -118.54645    1000.00
 34.04031 -118.54307    1333.33
 34.04031 -118.53969    1666.67
 34.04031 -118.53631    2111.11
 34.04031 -118.53294    2333.33
 34.04031 -118.52956    2777.78
 34.04031 -118.52618    3000.00
 34.04031 -118.52280    3555.56
 34.04031 -118.51942    3888.89
 34.04031 -118.51604    4237.56
 34.04031 -118.51266    4459.78
 34.04031 -118.50928    4237.56
 34.04031 -118.50591    4111.11
 34.04031 -118.50253    3444.44
 34.04031 -118.49915    3222.22
 34.04031 -118.49577    3111.11
 34.04031 -118.49240    3333.33
 34.04031 -118.48902    3333.33
 34.04031 -118.48564    3222.22
 34.04031 -118.48226    2902.44
 34.04031 -118.47889    2902.44
 34.04031 -118.47551    2686.00
 34.04031 -118.47213    2696.67
 34.04031 -118.46875    2696.67
 34.04031 -118.46538    3024.22
 34.04031 -118.46200    3444.44
 34.04031 -118.45862    3777.78
 34.04031 -118.45525    4111.11
 34.04031 -118.45187    4222.22
 34.04031 -118.44849    4256.89
 34.04031 -118.44511    4180.44
 34.04031 -118.44173    4215.56
 34.04031 -118.43835    4400.22
 34.04031 -118.43497    4584.89
 34.04031 -118.43159    4807.11
 34.04031 -118.42822    5105.33
 34.04031 -118.42484    5552.67
 34.04031 -118.42146    5850.89
 34.04031 -118.41808    7156.00
 34.04031 -118.41471    8312.00
 34.04031 -118.41133    9468.00
 34.04031 -118.40795   10046.00
 34.04031 -118.40457   10624.00
 34.04031 -118.40120   11202.00
 34.04031 -118.39782   11202.00
 34.04031 -118.39444   11202.00
 34.04031 -118.39106   11202.00
 34.04031 -118.38769   11202.00
 34.04031 -118.38431   10512.89
 34.04031 -118.38093    9134.67
 34.04031 -118.37755    7067.33
 34.04031 -118.37418    5578.00
 34.04031 -118.37080    4777.78
 34.03741 -118.55320    1000.00
 34.03741 -118.54982    1000.00
 34.03741 -118.54645    1000.00
 34.03741 -118.54307    1333.33
 34.03741 -118.53969    1777.78
 34.03741 -118.53631    2333.33
 34.03741 -118.53294    2666.67
 34.03741 -118.52956    3222.22
 34.03741 -118.52618    3555.56
 34.03741 -118.52280    4111.11
 34.03741 -118.51942    4418.44
 34.03741 -118.51604    4836.89
 34.03741 -118.51266    4948.00
 34.03741 -118.50928    4751.78
 34.03741 -118.50591    4444.44
 34.03741 -118.50253    3888.89
 34.03741 -118.49915    3555.56
 34.03741 -118.49577    3444.44
 34.03741 -118.49240    3666.67
 34.03741 -118.48902    3666.67
 34.03741 -118.48564    3444.44
 34.03741 -118.48226    3111.11
 34.03741 -118.47889    2913.11
 34.03741 -118.47551    2674.56
 34.03741 -118.47213    2500.78
 34.03741 -118.46875    2587.67
 34.03741 -118.46538    2826.22
 34.03741 -118.46200    3333.33
 34.03741 -118.45862    3666.67
 34.03741 -118.45525    4000.00
 34.03741 -118.45187    4000.00
 34.03741 -118.44849    4000.00
 34.03741 -118.44511    4000.00
 34.03741 -118.44173    4073.11
 34.03741 -118.43835    4219.33
 34.03741 -118.43497    4438.67
 34.03741 -118.43159    4584.89
 34.03741 -118.42822    4807.11
 34.03741 -118.42484    5105.33
 34.03741 -118.42146    5552.67
 34.03741 -118.41808    6428.89
 34.03741 -118.41471    7156.00
 34.03741 -118.41133    7734.00
 34.03741 -118.40795    8312.00
 34.03741 -118.40457    9468.00
 34.03741 -118.40120   10624.00
 34.03741 -118.39782   11202.00
 34.03741 -118.39444   11202.00
 34.03741 -118.39106   11202.00
 34.03741 -118.38769   11202.00
 34.03741 -118.38431   11202.00
 34.03741 -118.38093   10512.89
 34.03741 -118.37755    9134.67
 34.03741 -118.37418    7067.33
 34.03741 -118.37080    5689.11
 34.03450 -118.55320    1000.00
 34.03450 -118.54982    1000.00
 34.03450 -118.54645    1000.00
 34.03450 -118.54307    1444.44
 34.03450 -118.53969    2000.00
 34.03450 -118.53631    2666.67
 34.03450 -118.53294    2888.89
 34.03450 -118.52956    3333.33
 34.03450 -118.52618    3777.78
 34.03450 -118.52280    4444.44
 34.03450 -118.51942    4725.78
 34.03450 -118.51604    4896.00
 34.03450 -118.51266    4870.00
 34.03450 -118.50928    4810.89
 34.03450 -118.50591    4640.67
 34.03450 -118.50253    4222.22
 34.03450 -118.49915    3888.89
 34.03450 -118.49577    3777.78
 34.03450 -118.49240    3888.89
 34.03450 -118.48902    3888.89
 34.03450 -118.48564    3666.67
 34.03450 -118.48226    3246.44
 34.03450 -118.47889    2850.44
 34.03450 -118.47551    2478.67
 34.03450 -118.47213    2304.89
 34.03450 -118.46875    2478.67
 34.03450 -118.46538    2739.33
 34.03450 -118.46200    3333.33
 34.03450 -118.45862    3666.67
 34.03450 -118.45525    4000.00
 34.03450 -118.45187    4000.00
 34.03450 -118.44849    4000.00
 34.03450 -118.44511    4000.00
 34.03450 -118.44173    4000.00
 34.03450 -118.43835    4073.11
 34.03450 -118.43497    4219.33
 34.03450 -118.43159    4438.67
 34.03450 -118.42822    4584.89
 34.03450 -118.42484    4807.11
 34.03450 -118.42146    5105.33
 34.03450 -118.41808    5403.56
 34.03450 -118.41471    5701.78
 34.03450 -118.41133    5850.89
 34.03450 -118.40795    6578.00
 34.03450 -118.40457    7734.00
 34.03450 -118.40120    9468.00
 34.03450 -118.39782   10624.00
 34.03450 -118.39444   11202.00
 34.03450 -118.39106   11202.00
 34.03450 -118.38769   11202.00
 34.03450 -118.38431   11202.00
 34.03450 -118.38093   11202.00
 34.03450 -118.37755   10512.89
 34.03450 -118.37418    9134.67
 34.03450 -118.37080    7756.44
 34.03160 -118.55320    1000.00
 34.03160 -118.54982    1000.00
 34.03160 -118.54645    1000.00
 34.03160 -118.54307    1555.56
 34.03160 -118.53969    2222.22
 34.03160 -118.53631    2888.89
 34.03160 -118.53294    3000.00
 34.03160 -118.52956    3333.33
 34.03160 -118.52618    4000.00
 34.03160 -118.52280    4666.67
 34.03160 -118.51942    4922.00
 34.03160 -118.51604    4844.00
 34.03160 -118.51266    4792.00
 34.03160 -118.50928    4870.00
 34.03160 -118.50591    4836.89
 34.03160 -118.50253    4555.56
 34.03160 -118.49915    4222.22
 34.03160 -118.49577    4000.00
 34.03160 -118.49240    4000.00
 34.03160 -118.48902    4000.00
 34.03160 -118.48564    3888.89
 34.03160 -118.48226    3381.78
 34.03160 -118.47889    2787.78
 34.03160 -118.47551    2304.89
 34.03160 -118.47213    2218.00
 34.03160 -118.46875    2478.67
 34.03160 -118.46538    2739.33
 34.03160 -118.46200    3333.33
 34.03160 -118.45862    3666.67
 34.03160 -118.45525    4000.00
 34.03160 -118.45187    4000.00
 34.03160 -118.44849    4000.00
 34.03160 -118.44511    4000.00
 34.03160 -118.44173    4000.00
 34.03160 -118.43835    4000.00
 34.03160 -118.43497    4073.11
 34.03160 -118.43159    4292.44
 34.03160 -118.42822    4511.78
 34.03160 -118.42484    4658.00
 34.03160 -118.42146    4807.11
 34.03160 -118.41808    4956.22
 34.03160 -118.41471    5403.56
 34.03160 -118.41133    5701.78
 34.03160 -118.40795    6000.00
 34.03160 -118.40457    6578.00
 34.03160 -118.40120    8312.00
 34.03160 -118.39782   10046.00
 34.03160 -118.39444   11202.00
 34.03160 -118.39106   11202.00
 34.03160 -118.38769   11202.00
 34.03160 -118.38431   11202.00
 34.03160 -118.38093   11202.00
 34.03160 -118.37755   11202.00
 34.03160 -118.37418   10512.89
 34.03160 -118.37080    9823.78
