   -118.571    33.9734
   -118.571    33.9906
   -118.572    34.0092
   -118.572    34.0260
   -118.572    34.0388
   -118.572    34.0458
   -118.552    34.0448
   -118.533    34.0448
   -118.516    34.0452
   -118.503    34.0475
   -118.490    34.0511
   -118.475    34.0545
   -118.460    34.0554
   -118.446    34.0564
   -118.440    34.0570
   -118.432    34.0618
   -118.421    34.0690
   -118.413    34.0741
   -118.407    34.0763
   -118.401    34.0783
   -118.397    34.0696
   -118.390    34.0570
   -118.385    34.0473
   -118.380    34.0358
   -118.373    34.0232
   -118.369    34.0142
   -118.365    34.0059
   -118.363    34.0007
   -118.371    33.9954
   -118.383    33.9888
   -118.392    33.9839
   -118.401    33.9787
   -118.408    33.9745
   -118.413    33.9723
   -118.422    33.9717
   -118.435    33.9719
   -118.450    33.9720
   -118.468    33.9715
   -118.484    33.9717
   -118.499    33.9717
   -118.514    33.9715
   -118.526    33.9717
   -118.540    33.9717
   -118.554    33.9717
   -118.563    33.9717
   -118.571    33.9717
