 34.07950 -118.57320   10066.67
 34.07950 -118.56984   10033.33
 34.07950 -118.56648   10000.00
 34.07950 -118.56313   10000.00
 34.07950 -118.55978   10000.00
 34.07950 -118.55642   10000.00
 34.07950 -118.55306   10000.00
 34.07950 -118.54971   10000.00
 34.07950 -118.54636   10000.00
 34.07950 -118.54300   10000.00
 34.07950 -118.53964   10000.00
 34.07950 -118.53629   10000.00
 34.07950 -118.53293   10000.00
 34.07950 -118.52957   10000.00
 34.07950 -118.52622   10000.00
 34.07950 -118.52287   10036.33
 34.07950 -118.51951   10036.33
 34.07950 -118.51615   10036.33
 34.07950 -118.51279   10000.00
 34.07950 -118.50945   10000.00
 34.07950 -118.50609   10000.00
 34.07950 -118.50273   10000.00
 34.07950 -118.49937   10000.00
 34.07950 -118.49602   10000.00
 34.07950 -118.49267   10000.00
 34.07950 -118.48931   10000.00
 34.07950 -118.48595   10000.00
 34.07950 -118.48260   10000.00
 34.07950 -118.47924   10000.00
 34.07950 -118.47589   10000.00
 34.07950 -118.47253   10000.00
 34.07950 -118.46918   10000.00
 34.07950 -118.46582   10000.00
 34.07950 -118.46246   10000.00
 34.07950 -118.45911   10000.00
 34.07950 -118.45576   10000.00
 34.07950 -118.45240   10000.00
 34.07950 -118.44904   10000.00
 34.07950 -118.44569   10000.00
 34.07950 -118.44233   10000.00
 34.07950 -118.43898   10000.00
 34.07950 -118.43562   10000.00
 34.07950 -118.43227   10000.00
 34.07950 -118.42891   10000.00
 34.07950 -118.42555   10000.00
 34.07950 -118.42220   10000.00
 34.07950 -118.41885   10000.00
 34.07950 -118.41549   10000.00
 34.07950 -118.41213   10111.11
 34.07950 -118.40878   10444.44
 34.07950 -118.40543   10777.78
 34.07950 -118.40207   11000.00
 34.07950 -118.39871   11000.00
 34.07950 -118.39536   11000.00
 34.07950 -118.39200   11000.00
 34.07950 -118.38864   11000.00
 34.07950 -118.38529   11000.00
 34.07950 -118.38194   11000.00
 34.07950 -118.37858   11000.00
 34.07950 -118.37522   10888.89
 34.07950 -118.37186   10555.56
 34.07950 -118.36852   10222.22
 34.07950 -118.36516   10000.00
 34.07950 -118.36180   10000.00
 34.07670 -118.57320   10166.67
 34.07670 -118.56984   10100.00
 34.07670 -118.56648   10033.33
 34.07670 -118.56313   10000.00
 34.07670 -118.55978   10000.00
 34.07670 -118.55642   10000.00
 34.07670 -118.55306   10000.00
 34.07670 -118.54971   10000.00
 34.07670 -118.54636   10000.00
 34.07670 -118.54300   10000.00
 34.07670 -118.53964   10000.00
 34.07670 -118.53629   10000.00
 34.07670 -118.53293   10000.00
 34.07670 -118.52957   10000.00
 34.07670 -118.52622   10000.00
 34.07670 -118.52287   10072.67
 34.07670 -118.51951   10109.00
 34.07670 -118.51615   10109.00
 34.07670 -118.51279   10036.33
 34.07670 -118.50945   10000.00
 34.07670 -118.50609   10000.00
 34.07670 -118.50273   10000.00
 34.07670 -118.49937   10000.00
 34.07670 -118.49602   10000.00
 34.07670 -118.49267   10000.00
 34.07670 -118.48931   10000.00
 34.07670 -118.48595   10000.00
 34.07670 -118.48260   10000.00
 34.07670 -118.47924   10000.00
 34.07670 -118.47589   10000.00
 34.07670 -118.47253   10000.00
 34.07670 -118.46918   10000.00
 34.07670 -118.46582   10000.00
 34.07670 -118.46246   10000.00
 34.07670 -118.45911   10000.00
 34.07670 -118.45576   10000.00
 34.07670 -118.45240   10000.00
 34.07670 -118.44904   10000.00
 34.07670 -118.44569   10000.00
 34.07670 -118.44233   10000.00
 34.07670 -118.43898   10000.00
 34.07670 -118.43562   10000.00
 34.07670 -118.43227   10000.00
 34.07670 -118.42891   10000.00
 34.07670 -118.42555   10000.00
 34.07670 -118.42220   10000.00
 34.07670 -118.41885   10000.00
 34.07670 -118.41549   10000.00
 34.07670 -118.41213   10222.22
 34.07670 -118.40878   10555.56
 34.07670 -118.40543   10888.89
 34.07670 -118.40207   11000.00
 34.07670 -118.39871   11000.00
 34.07670 -118.39536   11000.00
 34.07670 -118.39200   11000.00
 34.07670 -118.38864   11000.00
 34.07670 -118.38529   11000.00
 34.07670 -118.38194   11000.00
 34.07670 -118.37858   10888.89
 34.07670 -118.37522   10666.67
 34.07670 -118.37186   10333.33
 34.07670 -118.36852   10111.11
 34.07670 -118.36516   10000.00
 34.07670 -118.36180   10000.00
 34.07390 -118.57320   10266.67
 34.07390 -118.56984   10200.00
 34.07390 -118.56648   10100.00
 34.07390 -118.56313   10033.33
 34.07390 -118.55978   10000.00
 34.07390 -118.55642   10000.00
 34.07390 -118.55306   10000.00
 34.07390 -118.54971   10000.00
 34.07390 -118.54636   10000.00
 34.07390 -118.54300   10000.00
 34.07390 -118.53964   10000.00
 34.07390 -118.53629   10000.00
 34.07390 -118.53293   10000.00
 34.07390 -118.52957   10000.00
 34.07390 -118.52622   10000.00
 34.07390 -118.52287   10109.00
 34.07390 -118.51951   10181.67
 34.07390 -118.51615   10218.00
 34.07390 -118.51279   10109.00
 34.07390 -118.50945   10036.33
 34.07390 -118.50609   10000.00
 34.07390 -118.50273   10000.00
 34.07390 -118.49937   10000.00
 34.07390 -118.49602   10000.00
 34.07390 -118.49267   10000.00
 34.07390 -118.48931   10000.00
 34.07390 -118.48595   10000.00
 34.07390 -118.48260   10000.00
 34.07390 -118.47924   10000.00
 34.07390 -118.47589   10000.00
 34.07390 -118.47253   10000.00
 34.07390 -118.46918   10000.00
 34.07390 -118.46582   10000.00
 34.07390 -118.46246   10000.00
 34.07390 -118.45911   10000.00
 34.07390 -118.45576   10000.00
 34.07390 -118.45240   10000.00
 34.07390 -118.44904   10000.00
 34.07390 -118.44569   10000.00
 34.07390 -118.44233   10000.00
 34.07390 -118.43898   10000.00
 34.07390 -118.43562   10000.00
 34.07390 -118.43227   10000.00
 34.07390 -118.42891   10000.00
 34.07390 -118.42555   10000.00
 34.07390 -118.42220   10000.00
 34.07390 -118.41885   10000.00
 34.07390 -118.41549   10000.00
 34.07390 -118.41213   10333.33
 34.07390 -118.40878   10666.67
 34.07390 -118.40543   11000.00
 34.07390 -118.40207   11000.00
 34.07390 -118.39871   11000.00
 34.07390 -118.39536   11000.00
 34.07390 -118.39200   11000.00
 34.07390 -118.38864   11000.00
 34.07390 -118.38529   10888.89
 34.07390 -118.38194   10777.78
 34.07390 -118.37858   10555.56
 34.07390 -118.37522   10333.33
 34.07390 -118.37186   10111.11
 34.07390 -118.36852   10000.00
 34.07390 -118.36516   10000.00
 34.07390 -118.36180   10000.00
 34.07110 -118.57320   10300.00
 34.07110 -118.56984   10266.67
 34.07110 -118.56648   10200.00
 34.07110 -118.56313   10100.00
 34.07110 -118.55978   10033.33
 34.07110 -118.55642   10000.00
 34.07110 -118.55306   10000.00
 34.07110 -118.54971   10000.00
 34.07110 -118.54636   10000.00
 34.07110 -118.54300   10000.00
 34.07110 -118.53964   10000.00
 34.07110 -118.53629   10000.00
 34.07110 -118.53293   10000.00
 34.07110 -118.52957   10000.00
 34.07110 -118.52622   10000.00
 34.07110 -118.52287   10109.00
 34.07110 -118.51951   10218.00
 34.07110 -118.51615   10290.67
 34.07110 -118.51279   10218.00
 34.07110 -118.50945   10109.00
 34.07110 -118.50609   10036.33
 34.07110 -118.50273   10000.00
 34.07110 -118.49937   10000.00
 34.07110 -118.49602   10000.00
 34.07110 -118.49267   10000.00
 34.07110 -118.48931   10000.00
 34.07110 -118.48595   10000.00
 34.07110 -118.48260   10000.00
 34.07110 -118.47924   10000.00
 34.07110 -118.47589   10000.00
 34.07110 -118.47253   10000.00
 34.07110 -118.46918   10000.00
 34.07110 -118.46582   10000.00
 34.07110 -118.46246   10000.00
 34.07110 -118.45911   10000.00
 34.07110 -118.45576   10000.00
 34.07110 -118.45240   10000.00
 34.07110 -118.44904   10000.00
 34.07110 -118.44569   10000.00
 34.07110 -118.44233   10000.00
 34.07110 -118.43898   10000.00
 34.07110 -118.43562   10000.00
 34.07110 -118.43227   10000.00
 34.07110 -118.42891   10000.00
 34.07110 -118.42555   10000.00
 34.07110 -118.42220   10000.00
 34.07110 -118.41885   10000.00
 34.07110 -118.41549   10111.11
 34.07110 -118.41213   10444.44
 34.07110 -118.40878   10777.78
 34.07110 -118.40543   11000.00
 34.07110 -118.40207   11000.00
 34.07110 -118.39871   11000.00
 34.07110 -118.39536   11000.00
 34.07110 -118.39200   11000.00
 34.07110 -118.38864   10888.89
 34.07110 -118.38529   10666.67
 34.07110 -118.38194   10444.44
 34.07110 -118.37858   10222.22
 34.07110 -118.37522   10111.11
 34.07110 -118.37186   10000.00
 34.07110 -118.36852   10000.00
 34.07110 -118.36516   10000.00
 34.07110 -118.36180   10000.00
 34.06830 -118.57320   10300.00
 34.06830 -118.56984   10300.00
 34.06830 -118.56648   10266.67
 34.06830 -118.56313   10200.00
 34.06830 -118.55978   10100.00
 34.06830 -118.55642   10033.33
 34.06830 -118.55306   10000.00
 34.06830 -118.54971   10000.00
 34.06830 -118.54636   10000.00
 34.06830 -118.54300   10000.00
 34.06830 -118.53964   10000.00
 34.06830 -118.53629   10000.00
 34.06830 -118.53293   10000.00
 34.06830 -118.52957   10000.00
 34.06830 -118.52622   10000.00
 34.06830 -118.52287   10109.00
 34.06830 -118.51951   10218.00
 34.06830 -118.51615   10327.00
 34.06830 -118.51279   10290.67
 34.06830 -118.50945   10218.00
 34.06830 -118.50609   10220.11
 34.06830 -118.50273   10258.56
 34.06830 -118.49937   10222.22
 34.06830 -118.49602   10111.11
 34.06830 -118.49267   10000.00
 34.06830 -118.48931   10000.00
 34.06830 -118.48595   10000.00
 34.06830 -118.48260   10000.00
 34.06830 -118.47924   10000.00
 34.06830 -118.47589   10000.00
 34.06830 -118.47253   10000.00
 34.06830 -118.46918   10000.00
 34.06830 -118.46582   10000.00
 34.06830 -118.46246   10000.00
 34.06830 -118.45911   10000.00
 34.06830 -118.45576   10000.00
 34.06830 -118.45240   10000.00
 34.06830 -118.44904   10000.00
 34.06830 -118.44569   10000.00
 34.06830 -118.44233   10000.00
 34.06830 -118.43898   10000.00
 34.06830 -118.43562   10000.00
 34.06830 -118.43227   10000.00
 34.06830 -118.42891   10000.00
 34.06830 -118.42555   10000.00
 34.06830 -118.42220   10000.00
 34.06830 -118.41885   10111.11
 34.06830 -118.41549   10333.33
 34.06830 -118.41213   10666.67
 34.06830 -118.40878   10888.89
 34.06830 -118.40543   11000.00
 34.06830 -118.40207   11000.00
 34.06830 -118.39871   11000.00
 34.06830 -118.39536   11000.00
 34.06830 -118.39200   10888.89
 34.06830 -118.38864   10666.67
 34.06830 -118.38529   10333.33
 34.06830 -118.38194   10111.11
 34.06830 -118.37858   10000.00
 34.06830 -118.37522   10000.00
 34.06830 -118.37186   10000.00
 34.06830 -118.36852   10000.00
 34.06830 -118.36516   10000.00
 34.06830 -118.36180   10000.00
 34.06550 -118.57320   10300.00
 34.06550 -118.56984   10300.00
 34.06550 -118.56648   10300.00
 34.06550 -118.56313   10266.67
 34.06550 -118.55978   10200.00
 34.06550 -118.55642   10100.00
 34.06550 -118.55306   10033.33
 34.06550 -118.54971   10000.00
 34.06550 -118.54636   10000.00
 34.06550 -118.54300   10000.00
 34.06550 -118.53964   10000.00
 34.06550 -118.53629   10000.00
 34.06550 -118.53293   10000.00
 34.06550 -118.52957   10000.00
 34.06550 -118.52622   10000.00
 34.06550 -118.52287   10109.00
 34.06550 -118.51951   10218.00
 34.06550 -118.51615   10327.00
 34.06550 -118.51279   10327.00
 34.06550 -118.50945   10290.67
 34.06550 -118.50609   10403.89
 34.06550 -118.50273   10517.11
 34.06550 -118.49937   10555.56
 34.06550 -118.49602   10333.33
 34.06550 -118.49267   10111.11
 34.06550 -118.48931   10000.00
 34.06550 -118.48595   10000.00
 34.06550 -118.48260   10000.00
 34.06550 -118.47924   10000.00
 34.06550 -118.47589   10000.00
 34.06550 -118.47253   10000.00
 34.06550 -118.46918   10000.00
 34.06550 -118.46582   10000.00
 34.06550 -118.46246   10000.00
 34.06550 -118.45911   10000.00
 34.06550 -118.45576   10000.00
 34.06550 -118.45240   10000.00
 34.06550 -118.44904   10000.00
 34.06550 -118.44569   10000.00
 34.06550 -118.44233   10000.00
 34.06550 -118.43898   10000.00
 34.06550 -118.43562   10000.00
 34.06550 -118.43227   10000.00
 34.06550 -118.42891   10000.00
 34.06550 -118.42555   10111.11
 34.06550 -118.42220   10222.22
 34.06550 -118.41885   10444.44
 34.06550 -118.41549   10605.56
 34.06550 -118.41213   10827.78
 34.06550 -118.40878   10938.89
 34.06550 -118.40543   11000.00
 34.06550 -118.40207   11000.00
 34.06550 -118.39871   11000.00
 34.06550 -118.39536   11000.00
 34.06550 -118.39200   10777.78
 34.06550 -118.38864   10444.44
 34.06550 -118.38529   10111.11
 34.06550 -118.38194   10000.00
 34.06550 -118.37858   10000.00
 34.06550 -118.37522   10000.00
 34.06550 -118.37186   10000.00
 34.06550 -118.36852   10000.00
 34.06550 -118.36516   10000.00
 34.06550 -118.36180   10000.00
 34.06270 -118.57320   10300.00
 34.06270 -118.56984   10300.00
 34.06270 -118.56648   10300.00
 34.06270 -118.56313   10300.00
 34.06270 -118.55978   10266.67
 34.06270 -118.55642   10200.00
 34.06270 -118.55306   10133.33
 34.06270 -118.54971   10100.00
 34.06270 -118.54636   10100.00
 34.06270 -118.54300   10066.67
 34.06270 -118.53964   10033.33
 34.06270 -118.53629   10000.00
 34.06270 -118.53293   10000.00
 34.06270 -118.52957   10000.00
 34.06270 -118.52622   10000.00
 34.06270 -118.52287   10109.00
 34.06270 -118.51951   10218.00
 34.06270 -118.51615   10327.00
 34.06270 -118.51279   10327.00
 34.06270 -118.50945   10327.00
 34.06270 -118.50609   10551.33
 34.06270 -118.50273   10775.67
 34.06270 -118.49937   10888.89
 34.06270 -118.49602   10555.56
 34.06270 -118.49267   10222.22
 34.06270 -118.48931   10000.00
 34.06270 -118.48595   10000.00
 34.06270 -118.48260   10000.00
 34.06270 -118.47924   10000.00
 34.06270 -118.47589   10000.00
 34.06270 -118.47253   10000.00
 34.06270 -118.46918   10000.00
 34.06270 -118.46582   10000.00
 34.06270 -118.46246   10000.00
 34.06270 -118.45911   10000.00
 34.06270 -118.45576   10000.00
 34.06270 -118.45240   10000.00
 34.06270 -118.44904   10000.00
 34.06270 -118.44569   10000.00
 34.06270 -118.44233   10000.00
 34.06270 -118.43898   10000.00
 34.06270 -118.43562   10000.00
 34.06270 -118.43227   10000.00
 34.06270 -118.42891   10000.00
 34.06270 -118.42555   10222.22
 34.06270 -118.42220   10444.44
 34.06270 -118.41885   10716.67
 34.06270 -118.41549   10705.56
 34.06270 -118.41213   10755.56
 34.06270 -118.40878   10816.67
 34.06270 -118.40543   10938.89
 34.06270 -118.40207   11000.00
 34.06270 -118.39871   11000.00
 34.06270 -118.39536   10888.89
 34.06270 -118.39200   10555.56
 34.06270 -118.38864   10222.22
 34.06270 -118.38529   10000.00
 34.06270 -118.38194   10000.00
 34.06270 -118.37858   10000.00
 34.06270 -118.37522   10000.00
 34.06270 -118.37186   10000.00
 34.06270 -118.36852   10000.00
 34.06270 -118.36516   10000.00
 34.06270 -118.36180   10000.00
 34.05990 -118.57320   10300.00
 34.05990 -118.56984   10300.00
 34.05990 -118.56648   10300.00
 34.05990 -118.56313   10300.00
 34.05990 -118.55978   10300.00
 34.05990 -118.55642   10266.67
 34.05990 -118.55306   10233.33
 34.05990 -118.54971   10200.00
 34.05990 -118.54636   10200.00
 34.05990 -118.54300   10133.33
 34.05990 -118.53964   10066.67
 34.05990 -118.53629   10000.00
 34.05990 -118.53293   10000.00
 34.05990 -118.52957   10000.00
 34.05990 -118.52622   10000.00
 34.05990 -118.52287   10109.00
 34.05990 -118.51951   10218.00
 34.05990 -118.51615   10327.00
 34.05990 -118.51279   10327.00
 34.05990 -118.50945   10327.00
 34.05990 -118.50609   10551.33
 34.05990 -118.50273   10775.67
 34.05990 -118.49937   11000.00
 34.05990 -118.49602   10777.78
 34.05990 -118.49267   10444.44
 34.05990 -118.48931   10111.11
 34.05990 -118.48595   10000.00
 34.05990 -118.48260   10000.00
 34.05990 -118.47924   10000.00
 34.05990 -118.47589   10000.00
 34.05990 -118.47253   10000.00
 34.05990 -118.46918   10000.00
 34.05990 -118.46582   10000.00
 34.05990 -118.46246   10000.00
 34.05990 -118.45911   10000.00
 34.05990 -118.45576   10000.00
 34.05990 -118.45240   10000.00
 34.05990 -118.44904   10000.00
 34.05990 -118.44569   10000.00
 34.05990 -118.44233   10056.56
 34.05990 -118.43898   10056.56
 34.05990 -118.43562   10056.56
 34.05990 -118.43227   10000.00
 34.05990 -118.42891   10000.00
 34.05990 -118.42555   10222.22
 34.05990 -118.42220   10555.56
 34.05990 -118.41885   10827.78
 34.05990 -118.41549   10816.67
 34.05990 -118.41213   10755.56
 34.05990 -118.40878   10816.67
 34.05990 -118.40543   10938.89
 34.05990 -118.40207   11000.00
 34.05990 -118.39871   10888.89
 34.05990 -118.39536   10666.67
 34.05990 -118.39200   10333.33
 34.05990 -118.38864   10111.11
 34.05990 -118.38529   10000.00
 34.05990 -118.38194   10000.00
 34.05990 -118.37858   10000.00
 34.05990 -118.37522   10000.00
 34.05990 -118.37186   10000.00
 34.05990 -118.36852   10000.00
 34.05990 -118.36516   10000.00
 34.05990 -118.36180   10000.00
 34.05710 -118.57320   10300.00
 34.05710 -118.56984   10300.00
 34.05710 -118.56648   10300.00
 34.05710 -118.56313   10300.00
 34.05710 -118.55978   10300.00
 34.05710 -118.55642   10300.00
 34.05710 -118.55306   10300.00
 34.05710 -118.54971   10300.00
 34.05710 -118.54636   10300.00
 34.05710 -118.54300   10200.00
 34.05710 -118.53964   10100.00
 34.05710 -118.53629   10000.00
 34.05710 -118.53293   10000.00
 34.05710 -118.52957   10000.00
 34.05710 -118.52622   10000.00
 34.05710 -118.52287   10109.00
 34.05710 -118.51951   10218.00
 34.05710 -118.51615   10327.00
 34.05710 -118.51279   10327.00
 34.05710 -118.50945   10327.00
 34.05710 -118.50609   10551.33
 34.05710 -118.50273   10775.67
 34.05710 -118.49937   11000.00
 34.05710 -118.49602   10888.89
 34.05710 -118.49267   10555.56
 34.05710 -118.48931   10222.22
 34.05710 -118.48595   10000.00
 34.05710 -118.48260   10000.00
 34.05710 -118.47924   10000.00
 34.05710 -118.47589   10000.00
 34.05710 -118.47253   10000.00
 34.05710 -118.46918   10000.00
 34.05710 -118.46582   10000.00
 34.05710 -118.46246   10000.00
 34.05710 -118.45911   10000.00
 34.05710 -118.45576   10000.00
 34.05710 -118.45240   10000.00
 34.05710 -118.44904   10000.00
 34.05710 -118.44569   10000.00
 34.05710 -118.44233   10113.11
 34.05710 -118.43898   10113.11
 34.05710 -118.43562   10113.11
 34.05710 -118.43227   10111.11
 34.05710 -118.42891   10222.22
 34.05710 -118.42555   10444.44
 34.05710 -118.42220   10666.67
 34.05710 -118.41885   10827.78
 34.05710 -118.41549   10877.78
 34.05710 -118.41213   10816.67
 34.05710 -118.40878   10877.78
 34.05710 -118.40543   10938.89
 34.05710 -118.40207   11000.00
 34.05710 -118.39871   10777.78
 34.05710 -118.39536   10444.44
 34.05710 -118.39200   10111.11
 34.05710 -118.38864   10000.00
 34.05710 -118.38529   10000.00
 34.05710 -118.38194   10000.00
 34.05710 -118.37858   10000.00
 34.05710 -118.37522   10000.00
 34.05710 -118.37186   10000.00
 34.05710 -118.36852   10000.00
 34.05710 -118.36516    9888.89
 34.05710 -118.36180    9777.78
 34.05430 -118.57320   10300.00
 34.05430 -118.56984   10300.00
 34.05430 -118.56648   10300.00
 34.05430 -118.56313   10300.00
 34.05430 -118.55978   10300.00
 34.05430 -118.55642   10300.00
 34.05430 -118.55306   10300.00
 34.05430 -118.54971   10300.00
 34.05430 -118.54636   10300.00
 34.05430 -118.54300   10233.33
 34.05430 -118.53964   10133.33
 34.05430 -118.53629   10033.33
 34.05430 -118.53293   10000.00
 34.05430 -118.52957   10000.00
 34.05430 -118.52622   10000.00
 34.05430 -118.52287   10109.00
 34.05430 -118.51951   10218.00
 34.05430 -118.51615   10327.00
 34.05430 -118.51279   10327.00
 34.05430 -118.50945   10334.33
 34.05430 -118.50609   10558.67
 34.05430 -118.50273   10783.00
 34.05430 -118.49937   11000.00
 34.05430 -118.49602   11000.00
 34.05430 -118.49267   10666.67
 34.05430 -118.48931   10333.33
 34.05430 -118.48595   10000.00
 34.05430 -118.48260   10000.00
 34.05430 -118.47924   10000.00
 34.05430 -118.47589   10000.00
 34.05430 -118.47253   10000.00
 34.05430 -118.46918   10000.00
 34.05430 -118.46582   10000.00
 34.05430 -118.46246   10000.00
 34.05430 -118.45911   10000.00
 34.05430 -118.45576   10000.00
 34.05430 -118.45240   10000.00
 34.05430 -118.44904   10000.00
 34.05430 -118.44569   10000.00
 34.05430 -118.44233   10206.89
 34.05430 -118.43898   10299.56
 34.05430 -118.43562   10392.22
 34.05430 -118.43227   10407.56
 34.05430 -118.42891   10537.11
 34.05430 -118.42555   10666.67
 34.05430 -118.42220   10777.78
 34.05430 -118.41885   10888.89
 34.05430 -118.41549   10939.00
 34.05430 -118.41213   10878.00
 34.05430 -118.40878   10817.00
 34.05430 -118.40543   10817.00
 34.05430 -118.40207   10766.89
 34.05430 -118.39871   10494.56
 34.05430 -118.39536   10222.22
 34.05430 -118.39200   10000.00
 34.05430 -118.38864   10000.00
 34.05430 -118.38529   10000.00
 34.05430 -118.38194   10000.00
 34.05430 -118.37858   10000.00
 34.05430 -118.37522   10000.00
 34.05430 -118.37186    9888.89
 34.05430 -118.36852    9777.78
 34.05430 -118.36516    9555.56
 34.05430 -118.36180    9444.44
 34.05150 -118.57320   10300.00
 34.05150 -118.56984   10300.00
 34.05150 -118.56648   10300.00
 34.05150 -118.56313   10300.00
 34.05150 -118.55978   10300.00
 34.05150 -118.55642   10300.00
 34.05150 -118.55306   10300.00
 34.05150 -118.54971   10300.00
 34.05150 -118.54636   10300.00
 34.05150 -118.54300   10266.67
 34.05150 -118.53964   10166.67
 34.05150 -118.53629   10066.67
 34.05150 -118.53293   10000.00
 34.05150 -118.52957   10000.00
 34.05150 -118.52622   10000.00
 34.05150 -118.52287   10109.00
 34.05150 -118.51951   10218.00
 34.05150 -118.51615   10327.00
 34.05150 -118.51279   10327.00
 34.05150 -118.50945   10341.67
 34.05150 -118.50609   10566.00
 34.05150 -118.50273   10790.33
 34.05150 -118.49937   11000.00
 34.05150 -118.49602   11000.00
 34.05150 -118.49267   10777.78
 34.05150 -118.48931   10555.56
 34.05150 -118.48595   10222.22
 34.05150 -118.48260   10111.11
 34.05150 -118.47924   10000.00
 34.05150 -118.47589   10000.00
 34.05150 -118.47253   10000.00
 34.05150 -118.46918   10111.11
 34.05150 -118.46582   10111.11
 34.05150 -118.46246   10222.22
 34.05150 -118.45911   10222.22
 34.05150 -118.45576   10333.33
 34.05150 -118.45240   10222.22
 34.05150 -118.44904   10222.22
 34.05150 -118.44569   10222.22
 34.05150 -118.44233   10445.89
 34.05150 -118.43898   10520.11
 34.05150 -118.43562   10594.33
 34.05150 -118.43227   10704.00
 34.05150 -118.42891   10852.00
 34.05150 -118.42555   11000.00
 34.05150 -118.42220   11000.00
 34.05150 -118.41885   10887.33
 34.05150 -118.41549   10713.67
 34.05150 -118.41213   10540.00
 34.05150 -118.40878   10479.00
 34.05150 -118.40543   10479.00
 34.05150 -118.40207   10430.44
 34.05150 -118.39871   10270.78
 34.05150 -118.39536   10111.11
 34.05150 -118.39200   10000.00
 34.05150 -118.38864   10000.00
 34.05150 -118.38529   10000.00
 34.05150 -118.38194   10000.00
 34.05150 -118.37858    9888.89
 34.05150 -118.37522    9777.78
 34.05150 -118.37186    9555.56
 34.05150 -118.36852    9444.44
 34.05150 -118.36516    9222.22
 34.05150 -118.36180    9111.11
 34.04870 -118.57320   10300.00
 34.04870 -118.56984   10300.00
 34.04870 -118.56648   10300.00
 34.04870 -118.56313   10300.00
 34.04870 -118.55978   10300.00
 34.04870 -118.55642   10300.00
 34.04870 -118.55306   10300.00
 34.04870 -118.54971   10300.00
 34.04870 -118.54636   10300.00
 34.04870 -118.54300   10300.00
 34.04870 -118.53964   10200.00
 34.04870 -118.53629   10100.00
 34.04870 -118.53293   10000.00
 34.04870 -118.52957   10000.00
 34.04870 -118.52622   10000.00
 34.04870 -118.52287   10109.00
 34.04870 -118.51951   10218.00
 34.04870 -118.51615   10327.00
 34.04870 -118.51279   10334.33
 34.04870 -118.50945   10356.33
 34.04870 -118.50609   10580.67
 34.04870 -118.50273   10797.67
 34.04870 -118.49937   11000.00
 34.04870 -118.49602   11000.00
 34.04870 -118.49267   10888.89
 34.04870 -118.48931   10777.78
 34.04870 -118.48595   10555.56
 34.04870 -118.48260   10425.89
 34.04870 -118.47924   10318.33
 34.04870 -118.47589   10321.89
 34.04870 -118.47253   10340.44
 34.04870 -118.46918   10448.00
 34.04870 -118.46582   10444.44
 34.04870 -118.46246   10555.56
 34.04870 -118.45911   10555.56
 34.04870 -118.45576   10666.67
 34.04870 -118.45240   10555.56
 34.04870 -118.44904   10555.56
 34.04870 -118.44569   10555.56
 34.04870 -118.44233   10793.22
 34.04870 -118.43898   10867.44
 34.04870 -118.43562   10941.67
 34.04870 -118.43227   10926.22
 34.04870 -118.42891   10963.11
 34.04870 -118.42555   11000.00
 34.04870 -118.42220   11000.00
 34.04870 -118.41885   10887.33
 34.04870 -118.41549   10683.89
 34.04870 -118.41213   10480.44
 34.04870 -118.40878   10419.44
 34.04870 -118.40543   10449.22
 34.04870 -118.40207   10319.33
 34.04870 -118.39871   10159.67
 34.04870 -118.39536   10000.00
 34.04870 -118.39200   10000.00
 34.04870 -118.38864   10000.00
 34.04870 -118.38529    9888.89
 34.04870 -118.38194    9777.78
 34.04870 -118.37858    9555.56
 34.04870 -118.37522    9444.44
 34.04870 -118.37186    9222.22
 34.04870 -118.36852    9111.11
 34.04870 -118.36516    9000.00
 34.04870 -118.36180    9000.00
 34.04590 -118.57320   10300.00
 34.04590 -118.56984   10300.00
 34.04590 -118.56648   10300.00
 34.04590 -118.56313   10300.00
 34.04590 -118.55978   10300.00
 34.04590 -118.55642   10300.00
 34.04590 -118.55306   10300.00
 34.04590 -118.54971   10300.00
 34.04590 -118.54636   10300.00
 34.04590 -118.54300   10300.00
 34.04590 -118.53964   10233.33
 34.04590 -118.53629   10133.33
 34.04590 -118.53293   10033.33
 34.04590 -118.52957   10000.00
 34.04590 -118.52622   10000.00
 34.04590 -118.52287   10109.00
 34.04590 -118.51951   10218.00
 34.04590 -118.51615   10334.33
 34.04590 -118.51279   10349.00
 34.04590 -118.50945   10438.44
 34.04590 -118.50609   10655.44
 34.04590 -118.50273   10865.11
 34.04590 -118.49937   11000.00
 34.04590 -118.49602   11000.00
 34.04590 -118.49267   11000.00
 34.04590 -118.48931   11000.00
 34.04590 -118.48595   10888.89
 34.04590 -118.48260   10740.67
 34.04590 -118.47924   10636.67
 34.04590 -118.47589   10677.78
 34.04590 -118.47253   10714.89
 34.04590 -118.46918   10818.89
 34.04590 -118.46582   10777.78
 34.04590 -118.46246   10888.89
 34.04590 -118.45911   10888.89
 34.04590 -118.45576   11000.00
 34.04590 -118.45240   11000.00
 34.04590 -118.44904   11000.00
 34.04590 -118.44569   11000.00
 34.04590 -118.44233   11141.89
 34.04590 -118.43898   11123.44
 34.04590 -118.43562   11105.00
 34.04590 -118.43227   11074.22
 34.04590 -118.42891   11092.67
 34.04590 -118.42555   11111.11
 34.04590 -118.42220   11000.00
 34.04590 -118.41885   10897.89
 34.04590 -118.41549   10755.44
 34.04590 -118.41213   10613.00
 34.04590 -118.40878   10602.44
 34.04590 -118.40543   10521.11
 34.04590 -118.40207   10330.22
 34.04590 -118.39871   10109.56
 34.04590 -118.39536   10000.00
 34.04590 -118.39200    9888.89
 34.04590 -118.38864    9777.78
 34.04590 -118.38529    9555.56
 34.04590 -118.38194    9444.44
 34.04590 -118.37858    9222.22
 34.04590 -118.37522    9111.11
 34.04590 -118.37186    9000.00
 34.04590 -118.36852    9000.00
 34.04590 -118.36516    9000.00
 34.04590 -118.36180    9000.00
 34.04310 -118.57320   10300.00
 34.04310 -118.56984   10300.00
 34.04310 -118.56648   10300.00
 34.04310 -118.56313   10300.00
 34.04310 -118.55978   10300.00
 34.04310 -118.55642   10300.00
 34.04310 -118.55306   10300.00
 34.04310 -118.54971   10300.00
 34.04310 -118.54636   10300.00
 34.04310 -118.54300   10300.00
 34.04310 -118.53964   10266.67
 34.04310 -118.53629   10200.00
 34.04310 -118.53293   10100.00
 34.04310 -118.52957   10033.33
 34.04310 -118.52622   10000.00
 34.04310 -118.52287   10072.67
 34.04310 -118.51951   10181.67
 34.04310 -118.51615   10305.33
 34.04310 -118.51279   10363.67
 34.04310 -118.50945   10520.56
 34.04310 -118.50609   10730.22
 34.04310 -118.50273   10932.56
 34.04310 -118.49937   11000.00
 34.04310 -118.49602   11000.00
 34.04310 -118.49267   11000.00
 34.04310 -118.48931   11000.00
 34.04310 -118.48595   11000.00
 34.04310 -118.48260   10966.44
 34.04310 -118.47924   10977.11
 34.04310 -118.47589   11055.78
 34.04310 -118.47253   11126.89
 34.04310 -118.46918   11116.22
 34.04310 -118.46582   11037.56
 34.04310 -118.46246   11111.11
 34.04310 -118.45911   11222.22
 34.04310 -118.45576   11333.33
 34.04310 -118.45240   11444.44
 34.04310 -118.44904   11444.44
 34.04310 -118.44569   11444.44
 34.04310 -118.44233   11511.00
 34.04310 -118.43898   11511.00
 34.04310 -118.43562   11511.00
 34.04310 -118.43227   11444.44
 34.04310 -118.42891   11444.44
 34.04310 -118.42555   11333.33
 34.04310 -118.42220   11121.67
 34.04310 -118.41885   11031.67
 34.04310 -118.41549   11001.89
 34.04310 -118.41213   10961.56
 34.04310 -118.40878   10940.44
 34.04310 -118.40543   10748.00
 34.04310 -118.40207   10444.44
 34.04310 -118.39871   10111.11
 34.04310 -118.39536    9888.89
 34.04310 -118.39200    9666.67
 34.04310 -118.38864    9444.44
 34.04310 -118.38529    9222.22
 34.04310 -118.38194    9111.11
 34.04310 -118.37858    9000.00
 34.04310 -118.37522    9000.00
 34.04310 -118.37186    9000.00
 34.04310 -118.36852    9000.00
 34.04310 -118.36516    9000.00
 34.04310 -118.36180    9000.00
 34.04030 -118.57320   10300.00
 34.04030 -118.56984   10300.00
 34.04030 -118.56648   10300.00
 34.04030 -118.56313   10300.00
 34.04030 -118.55978   10300.00
 34.04030 -118.55642   10300.00
 34.04030 -118.55306   10300.00
 34.04030 -118.54971   10300.00
 34.04030 -118.54636   10300.00
 34.04030 -118.54300   10300.00
 34.04030 -118.53964   10300.00
 34.04030 -118.53629   10266.67
 34.04030 -118.53293   10200.00
 34.04030 -118.52957   10133.33
 34.04030 -118.52622   10066.67
 34.04030 -118.52287   10069.67
 34.04030 -118.51951   10109.00
 34.04030 -118.51615   10211.78
 34.04030 -118.51279   10262.78
 34.04030 -118.50945   10523.44
 34.04030 -118.50609   10754.00
 34.04030 -118.50273   11000.00
 34.04030 -118.49937   11000.00
 34.04030 -118.49602   11000.00
 34.04030 -118.49267   11000.00
 34.04030 -118.48931   11000.00
 34.04030 -118.48595   11000.00
 34.04030 -118.48260   10988.56
 34.04030 -118.47924   11058.33
 34.04030 -118.47589   11196.11
 34.04030 -118.47253   11323.00
 34.04030 -118.46918   11331.11
 34.04030 -118.46582   11267.56
 34.04030 -118.46246   11374.33
 34.04030 -118.45911   11518.67
 34.04030 -118.45576   11666.67
 34.04030 -118.45240   11777.78
 34.04030 -118.44904   11777.78
 34.04030 -118.44569   11777.78
 34.04030 -118.44233   11817.56
 34.04030 -118.43898   11817.56
 34.04030 -118.43562   11817.56
 34.04030 -118.43227   11777.78
 34.04030 -118.42891   11777.78
 34.04030 -118.42555   11666.67
 34.04030 -118.42220   11348.67
 34.04030 -118.41885   11152.33
 34.04030 -118.41549   11041.22
 34.04030 -118.41213   11025.89
 34.04030 -118.40878   11000.00
 34.04030 -118.40543   10666.67
 34.04030 -118.40207   10333.33
 34.04030 -118.39871   10000.00
 34.04030 -118.39536    9777.78
 34.04030 -118.39200    9444.44
 34.04030 -118.38864    9111.11
 34.04030 -118.38529    9000.00
 34.04030 -118.38194    9000.00
 34.04030 -118.37858    9000.00
 34.04030 -118.37522    9000.00
 34.04030 -118.37186    9000.00
 34.04030 -118.36852    9000.00
 34.04030 -118.36516    9000.00
 34.04030 -118.36180    9000.00
 34.03750 -118.57320   10300.00
 34.03750 -118.56984   10300.00
 34.03750 -118.56648   10300.00
 34.03750 -118.56313   10300.00
 34.03750 -118.55978   10300.00
 34.03750 -118.55642   10300.00
 34.03750 -118.55306   10300.00
 34.03750 -118.54971   10300.00
 34.03750 -118.54636   10300.00
 34.03750 -118.54300   10300.00
 34.03750 -118.53964   10300.00
 34.03750 -118.53629   10300.00
 34.03750 -118.53293   10266.67
 34.03750 -118.52957   10233.33
 34.03750 -118.52622   10133.33
 34.03750 -118.52287   10066.67
 34.03750 -118.51951   10036.33
 34.03750 -118.51615   10068.11
 34.03750 -118.51279   10111.78
 34.03750 -118.50945   10297.67
 34.03750 -118.50609   10599.22
 34.03750 -118.50273   10888.89
 34.03750 -118.49937   11000.00
 34.03750 -118.49602   11000.00
 34.03750 -118.49267   11000.00
 34.03750 -118.48931   11000.00
 34.03750 -118.48595   11000.00
 34.03750 -118.48260   11069.78
 34.03750 -118.47924   11198.67
 34.03750 -118.47589   11361.56
 34.03750 -118.47253   11485.11
 34.03750 -118.46918   11508.33
 34.03750 -118.46582   11493.89
 34.03750 -118.46246   11633.89
 34.03750 -118.45911   11815.11
 34.03750 -118.45576   12000.00
 34.03750 -118.45240   12000.00
 34.03750 -118.44904   12000.00
 34.03750 -118.44569   12043.78
 34.03750 -118.44233   12129.33
 34.03750 -118.43898   12191.11
 34.03750 -118.43562   12147.33
 34.03750 -118.43227   12061.78
 34.03750 -118.42891   12000.00
 34.03750 -118.42555   11888.89
 34.03750 -118.42220   11575.67
 34.03750 -118.41885   11262.44
 34.03750 -118.41549   11040.22
 34.03750 -118.41213   10975.33
 34.03750 -118.40878   10844.11
 34.03750 -118.40543   10510.78
 34.03750 -118.40207   10222.22
 34.03750 -118.39871   10000.00
 34.03750 -118.39536    9666.67
 34.03750 -118.39200    9333.33
 34.03750 -118.38864    9000.00
 34.03750 -118.38529    9000.00
 34.03750 -118.38194    9000.00
 34.03750 -118.37858    9000.00
 34.03750 -118.37522    9000.00
 34.03750 -118.37186    9000.00
 34.03750 -118.36852    9000.00
 34.03750 -118.36516    9000.00
 34.03750 -118.36180    9000.00
 34.03470 -118.57320   10300.00
 34.03470 -118.56984   10300.00
 34.03470 -118.56648   10300.00
 34.03470 -118.56313   10300.00
 34.03470 -118.55978   10300.00
 34.03470 -118.55642   10300.00
 34.03470 -118.55306   10300.00
 34.03470 -118.54971   10300.00
 34.03470 -118.54636   10300.00
 34.03470 -118.54300   10300.00
 34.03470 -118.53964   10300.00
 34.03470 -118.53629   10300.00
 34.03470 -118.53293   10300.00
 34.03470 -118.52957   10300.00
 34.03470 -118.52622   10233.33
 34.03470 -118.52287   10133.33
 34.03470 -118.51951   10006.00
 34.03470 -118.51615    9933.44
 34.03470 -118.51279    9918.11
 34.03470 -118.50945   10056.56
 34.03470 -118.50609   10318.00
 34.03470 -118.50273   10666.67
 34.03470 -118.49937   10888.89
 34.03470 -118.49602   11000.00
 34.03470 -118.49267   11000.00
 34.03470 -118.48931   11000.00
 34.03470 -118.48595   11000.00
 34.03470 -118.48260   11128.89
 34.03470 -118.47924   11316.89
 34.03470 -118.47589   11520.11
 34.03470 -118.47253   11624.89
 34.03470 -118.46918   11663.22
 34.03470 -118.46582   11660.67
 34.03470 -118.46246   11760.33
 34.03470 -118.45911   11867.33
 34.03470 -118.45576   12000.00
 34.03470 -118.45240   12000.00
 34.03470 -118.44904   12000.00
 34.03470 -118.44569   12087.56
 34.03470 -118.44233   12218.78
 34.03470 -118.43898   12324.22
 34.03470 -118.43562   12273.11
 34.03470 -118.43227   12141.89
 34.03470 -118.42891   12036.44
 34.03470 -118.42555   12000.00
 34.03470 -118.42220   11676.22
 34.03470 -118.41885   11352.44
 34.03470 -118.41549   11019.11
 34.03470 -118.41213   10920.00
 34.03470 -118.40878   10688.22
 34.03470 -118.40543   10354.89
 34.03470 -118.40207   10111.11
 34.03470 -118.39871   10000.00
 34.03470 -118.39536    9666.67
 34.03470 -118.39200    9333.33
 34.03470 -118.38864    9000.00
 34.03470 -118.38529    9000.00
 34.03470 -118.38194    9000.00
 34.03470 -118.37858    9000.00
 34.03470 -118.37522    9000.00
 34.03470 -118.37186    9000.00
 34.03470 -118.36852    9000.00
 34.03470 -118.36516    9000.00
 34.03470 -118.36180    9000.00
 34.03190 -118.57320    9866.67
 34.03190 -118.56984    9866.67
 34.03190 -118.56648    9866.67
 34.03190 -118.56313    9866.67
 34.03190 -118.55978    9866.67
 34.03190 -118.55642    9866.67
 34.03190 -118.55306    9866.67
 34.03190 -118.54971   10011.11
 34.03190 -118.54636   10155.56
 34.03190 -118.54300   10300.00
 34.03190 -118.53964   10300.00
 34.03190 -118.53629   10300.00
 34.03190 -118.53293   10300.00
 34.03190 -118.52957   10155.56
 34.03190 -118.52622    9977.78
 34.03190 -118.52287    9877.78
 34.03190 -118.51951    9894.89
 34.03190 -118.51615    9918.00
 34.03190 -118.51279    9960.78
 34.03190 -118.50945    9988.11
 34.03190 -118.50609   10153.89
 34.03190 -118.50273   10444.44
 34.03190 -118.49937   10777.78
 34.03190 -118.49602   11000.00
 34.03190 -118.49267   11000.00
 34.03190 -118.48931   11000.00
 34.03190 -118.48595   11000.00
 34.03190 -118.48260   11125.33
 34.03190 -118.47924   11250.67
 34.03190 -118.47589   11469.11
 34.03190 -118.47253   11573.78
 34.03190 -118.46918   11671.11
 34.03190 -118.46582   11631.33
 34.03190 -118.46246   11734.67
 34.03190 -118.45911   11845.33
 34.03190 -118.45576   12000.00
 34.03190 -118.45240   12000.00
 34.03190 -118.44904   12000.00
 34.03190 -118.44569   12087.56
 34.03190 -118.44233   12218.67
 34.03190 -118.43898   12367.78
 34.03190 -118.43562   12353.11
 34.03190 -118.43227   12222.00
 34.03190 -118.42891   12072.89
 34.03190 -118.42555   12000.00
 34.03190 -118.42220   11671.44
 34.03190 -118.41885   11342.89
 34.03190 -118.41549   11009.56
 34.03190 -118.41213   10823.00
 34.03190 -118.40878   10484.89
 34.03190 -118.40543   10151.56
 34.03190 -118.40207    9931.11
 34.03190 -118.39871    9820.00
 34.03190 -118.39536    9486.67
 34.03190 -118.39200    9222.22
 34.03190 -118.38864    9000.00
 34.03190 -118.38529    9000.00
 34.03190 -118.38194    9000.00
 34.03190 -118.37858    9000.00
 34.03190 -118.37522    9000.00
 34.03190 -118.37186    9000.00
 34.03190 -118.36852    9000.00
 34.03190 -118.36516    9000.00
 34.03190 -118.36180    9000.00
 34.02910 -118.57320    9433.33
 34.02910 -118.56984    9433.33
 34.02910 -118.56648    9433.33
 34.02910 -118.56313    9433.33
 34.02910 -118.55978    9433.33
 34.02910 -118.55642    9433.33
 34.02910 -118.55306    9433.33
 34.02910 -118.54971    9577.78
 34.02910 -118.54636    9722.22
 34.02910 -118.54300    9866.67
 34.02910 -118.53964    9866.67
 34.02910 -118.53629    9866.67
 34.02910 -118.53293    9866.67
 34.02910 -118.52957    9722.22
 34.02910 -118.52622    9577.78
 34.02910 -118.52287    9511.11
 34.02910 -118.51951    9672.67
 34.02910 -118.51615    9834.22
 34.02910 -118.51279   10046.22
 34.02910 -118.50945   10113.33
 34.02910 -118.50609   10140.67
 34.02910 -118.50273   10262.00
 34.02910 -118.49937   10555.56
 34.02910 -118.49602   10888.89
 34.02910 -118.49267   11000.00
 34.02910 -118.48931   11000.00
 34.02910 -118.48595   11000.00
 34.02910 -118.48260   11062.67
 34.02910 -118.47924   11125.33
 34.02910 -118.47589   11281.11
 34.02910 -118.47253   11370.56
 34.02910 -118.46918   11456.33
 34.02910 -118.46582   11457.22
 34.02910 -118.46246   11532.11
 34.02910 -118.45911   11717.00
 34.02910 -118.45576   11893.67
 34.02910 -118.45240   12000.00
 34.02910 -118.44904   12000.00
 34.02910 -118.44569   12043.78
 34.02910 -118.44233   12131.11
 34.02910 -118.43898   12218.44
 34.02910 -118.43562   12247.56
 34.02910 -118.43227   12160.22
 34.02910 -118.42891   12072.89
 34.02910 -118.42555   11888.89
 34.02910 -118.42220   11555.56
 34.02910 -118.41885   11222.22
 34.02910 -118.41549   11000.00
 34.02910 -118.41213   10770.78
 34.02910 -118.40878   10426.00
 34.02910 -118.40543   10023.78
 34.02910 -118.40207    9781.89
 34.02910 -118.39871    9571.11
 34.02910 -118.39536    9306.67
 34.02910 -118.39200    9111.11
 34.02910 -118.38864    9000.00
 34.02910 -118.38529    9000.00
 34.02910 -118.38194    9000.00
 34.02910 -118.37858    9000.00
 34.02910 -118.37522    9000.00
 34.02910 -118.37186    9000.00
 34.02910 -118.36852    9000.00
 34.02910 -118.36516    9000.00
 34.02910 -118.36180    9000.00
 34.02630 -118.57320    9000.00
 34.02630 -118.56984    9000.00
 34.02630 -118.56648    9000.00
 34.02630 -118.56313    9000.00
 34.02630 -118.55978    9000.00
 34.02630 -118.55642    9000.00
 34.02630 -118.55306    9000.00
 34.02630 -118.54971    9144.44
 34.02630 -118.54636    9288.89
 34.02630 -118.54300    9433.33
 34.02630 -118.53964    9433.33
 34.02630 -118.53629    9433.33
 34.02630 -118.53293    9433.33
 34.02630 -118.52957    9288.89
 34.02630 -118.52622    9144.44
 34.02630 -118.52287    9111.11
 34.02630 -118.51951    9333.33
 34.02630 -118.51615    9666.67
 34.02630 -118.51279   10005.11
 34.02630 -118.50945   10195.78
 34.02630 -118.50609   10195.78
 34.02630 -118.50273   10190.67
 34.02630 -118.49937   10444.44
 34.02630 -118.49602   10777.78
 34.02630 -118.49267   11000.00
 34.02630 -118.48931   11000.00
 34.02630 -118.48595   11000.00
 34.02630 -118.48260   11000.00
 34.02630 -118.47924   11000.00
 34.02630 -118.47589   11077.89
 34.02630 -118.47253   11152.11
 34.02630 -118.46918   11226.33
 34.02630 -118.46582   11252.89
 34.02630 -118.46246   11299.33
 34.02630 -118.45911   11447.33
 34.02630 -118.45576   11676.22
 34.02630 -118.45240   11777.78
 34.02630 -118.44904   11888.89
 34.02630 -118.44569   11888.89
 34.02630 -118.44233   12043.67
 34.02630 -118.43898   11976.22
 34.02630 -118.43562   12012.67
 34.02630 -118.43227   11940.44
 34.02630 -118.42891   11896.78
 34.02630 -118.42555   11638.11
 34.02630 -118.42220   11333.33
 34.02630 -118.41885   11111.11
 34.02630 -118.41549   10888.89
 34.02630 -118.41213   10593.33
 34.02630 -118.40878   10237.11
 34.02630 -118.40543    9877.11
 34.02630 -118.40207    9632.67
 34.02630 -118.39871    9322.22
 34.02630 -118.39536    9126.67
 34.02630 -118.39200    9000.00
 34.02630 -118.38864    9000.00
 34.02630 -118.38529    9000.00
 34.02630 -118.38194    9000.00
 34.02630 -118.37858    9000.00
 34.02630 -118.37522    9000.00
 34.02630 -118.37186    9000.00
 34.02630 -118.36852    9000.00
 34.02630 -118.36516    9000.00
 34.02630 -118.36180    9000.00
 34.02350 -118.57320    8666.67
 34.02350 -118.56984    8666.67
 34.02350 -118.56648    8666.67
 34.02350 -118.56313    8777.78
 34.02350 -118.55978    8888.89
 34.02350 -118.55642    9000.00
 34.02350 -118.55306    9000.00
 34.02350 -118.54971    9000.00
 34.02350 -118.54636    9000.00
 34.02350 -118.54300    9000.00
 34.02350 -118.53964    9000.00
 34.02350 -118.53629    8888.89
 34.02350 -118.53293    8888.89
 34.02350 -118.52957    8888.89
 34.02350 -118.52622    9000.00
 34.02350 -118.52287    9000.00
 34.02350 -118.51951    9111.11
 34.02350 -118.51615    9333.33
 34.02350 -118.51279    9724.78
 34.02350 -118.50945    9915.44
 34.02350 -118.50609    9995.11
 34.02350 -118.50273    9905.56
 34.02350 -118.49937   10048.22
 34.02350 -118.49602   10301.89
 34.02350 -118.49267   10555.56
 34.02350 -118.48931   10777.78
 34.02350 -118.48595   10777.78
 34.02350 -118.48260   10888.89
 34.02350 -118.47924   10888.89
 34.02350 -118.47589   10888.89
 34.02350 -118.47253   10888.89
 34.02350 -118.46918   10888.89
 34.02350 -118.46582   10941.11
 34.02350 -118.46246   10911.56
 34.02350 -118.45911   11022.67
 34.02350 -118.45576   11303.78
 34.02350 -118.45240   11444.44
 34.02350 -118.44904   11666.67
 34.02350 -118.44569   11777.78
 34.02350 -118.44233   12000.00
 34.02350 -118.43898   11777.78
 34.02350 -118.43562   11666.67
 34.02350 -118.43227   11609.56
 34.02350 -118.42891   11609.56
 34.02350 -118.42555   11380.89
 34.02350 -118.42220   11104.67
 34.02350 -118.41885   10993.56
 34.02350 -118.41549   10777.78
 34.02350 -118.41213   10463.33
 34.02350 -118.40878   10007.89
 34.02350 -118.40543    9659.78
 34.02350 -118.40207    9395.33
 34.02350 -118.39871    9184.11
 34.02350 -118.39536    9087.78
 34.02350 -118.39200    9000.00
 34.02350 -118.38864    9000.00
 34.02350 -118.38529    9000.00
 34.02350 -118.38194    9000.00
 34.02350 -118.37858    9000.00
 34.02350 -118.37522    9000.00
 34.02350 -118.37186    9000.00
 34.02350 -118.36852    9000.00
 34.02350 -118.36516    9000.00
 34.02350 -118.36180    9000.00
 34.02070 -118.57320    8333.33
 34.02070 -118.56984    8333.33
 34.02070 -118.56648    8333.33
 34.02070 -118.56313    8444.44
 34.02070 -118.55978    8555.56
 34.02070 -118.55642    8666.67
 34.02070 -118.55306    8666.67
 34.02070 -118.54971    8666.67
 34.02070 -118.54636    8666.67
 34.02070 -118.54300    8666.67
 34.02070 -118.53964    8666.67
 34.02070 -118.53629    8555.56
 34.02070 -118.53293    8555.56
 34.02070 -118.52957    8555.56
 34.02070 -118.52622    8777.78
 34.02070 -118.52287    8888.89
 34.02070 -118.51951    9000.00
 34.02070 -118.51615    9111.11
 34.02070 -118.51279    9333.33
 34.02070 -118.50945    9484.22
 34.02070 -118.50609    9643.56
 34.02070 -118.50273    9612.11
 34.02070 -118.49937    9683.44
 34.02070 -118.49602    9857.44
 34.02070 -118.49267   10111.11
 34.02070 -118.48931   10444.44
 34.02070 -118.48595   10444.44
 34.02070 -118.48260   10555.56
 34.02070 -118.47924   10666.67
 34.02070 -118.47589   10666.67
 34.02070 -118.47253   10666.67
 34.02070 -118.46918   10555.56
 34.02070 -118.46582   10555.56
 34.02070 -118.46246   10593.22
 34.02070 -118.45911   10581.33
 34.02070 -118.45576   10803.56
 34.02070 -118.45240   10877.00
 34.02070 -118.44904   11222.22
 34.02070 -118.44569   11333.33
 34.02070 -118.44233   11444.44
 34.02070 -118.43898   11222.22
 34.02070 -118.43562   11222.22
 34.02070 -118.43227   11276.22
 34.02070 -118.42891   11276.22
 34.02070 -118.42555   11152.22
 34.02070 -118.42220   10980.67
 34.02070 -118.41885   10869.56
 34.02070 -118.41549   10549.11
 34.02070 -118.41213   10222.22
 34.02070 -118.40878    9790.11
 34.02070 -118.40543    9522.78
 34.02070 -118.40207    9238.33
 34.02070 -118.39871    9114.89
 34.02070 -118.39536    9048.89
 34.02070 -118.39200    9000.00
 34.02070 -118.38864    9000.00
 34.02070 -118.38529    8963.89
 34.02070 -118.38194    8927.78
 34.02070 -118.37858    8891.67
 34.02070 -118.37522    8891.67
 34.02070 -118.37186    8891.67
 34.02070 -118.36852    8891.67
 34.02070 -118.36516    8894.22
 34.02070 -118.36180    8896.78
 34.01790 -118.57320    8000.00
 34.01790 -118.56984    8000.00
 34.01790 -118.56648    7888.89
 34.01790 -118.56313    8000.00
 34.01790 -118.55978    8111.11
 34.01790 -118.55642    8333.33
 34.01790 -118.55306    8222.22
 34.01790 -118.54971    8111.11
 34.01790 -118.54636    8111.11
 34.01790 -118.54300    8222.22
 34.01790 -118.53964    8333.33
 34.01790 -118.53629    8222.22
 34.01790 -118.53293    8222.22
 34.01790 -118.52957    8222.22
 34.01790 -118.52622    8444.44
 34.01790 -118.52287    8555.56
 34.01790 -118.51951    8666.67
 34.01790 -118.51615    8666.67
 34.01790 -118.51279    8888.89
 34.01790 -118.50945    9000.00
 34.01790 -118.50609    9237.67
 34.01790 -118.50273    9062.44
 34.01790 -118.49937    9062.44
 34.01790 -118.49602    9158.11
 34.01790 -118.49267    9555.56
 34.01790 -118.48931    9888.89
 34.01790 -118.48595    9888.89
 34.01790 -118.48260    9888.89
 34.01790 -118.47924   10111.11
 34.01790 -118.47589   10222.22
 34.01790 -118.47253   10333.33
 34.01790 -118.46918   10222.22
 34.01790 -118.46582   10222.22
 34.01790 -118.46246   10144.00
 34.01790 -118.45911   10120.22
 34.01790 -118.45576   10231.33
 34.01790 -118.45240   10420.67
 34.01790 -118.44904   10666.67
 34.01790 -118.44569   10777.78
 34.01790 -118.44233   10777.78
 34.01790 -118.43898   10666.67
 34.01790 -118.43562   10666.67
 34.01790 -118.43227   10749.22
 34.01790 -118.42891   10814.11
 34.01790 -118.42555   10866.11
 34.01790 -118.42220   10777.11
 34.01790 -118.41885   10601.11
 34.01790 -118.41549   10326.89
 34.01790 -118.41213   10111.11
 34.01790 -118.40878    9702.33
 34.01790 -118.40543    9396.11
 34.01790 -118.40207    9072.78
 34.01790 -118.39871    9023.78
 34.01790 -118.39536    8983.33
 34.01790 -118.39200    8961.56
 34.01790 -118.38864    8963.11
 34.01790 -118.38529    8904.22
 34.01790 -118.38194    8843.78
 34.01790 -118.37858    8783.33
 34.01790 -118.37522    8783.33
 34.01790 -118.37186    8783.33
 34.01790 -118.36852    8785.89
 34.01790 -118.36516    8791.00
 34.01790 -118.36180    8796.11
 34.01510 -118.57320    7888.89
 34.01510 -118.56984    7777.78
 34.01510 -118.56648    7555.56
 34.01510 -118.56313    7666.67
 34.01510 -118.55978    7777.78
 34.01510 -118.55642    8000.00
 34.01510 -118.55306    7777.78
 34.01510 -118.54971    7555.56
 34.01510 -118.54636    7555.56
 34.01510 -118.54300    7777.78
 34.01510 -118.53964    8000.00
 34.01510 -118.53629    8000.00
 34.01510 -118.53293    8000.00
 34.01510 -118.52957    8000.00
 34.01510 -118.52622    8000.00
 34.01510 -118.52287    8111.11
 34.01510 -118.51951    8222.22
 34.01510 -118.51615    8333.33
 34.01510 -118.51279    8444.44
 34.01510 -118.50945    8555.56
 34.01510 -118.50609    8791.89
 34.01510 -118.50273    8615.44
 34.01510 -118.49937    8582.78
 34.01510 -118.49602    8568.67
 34.01510 -118.49267    8967.33
 34.01510 -118.48931    9222.22
 34.01510 -118.48595    9333.33
 34.01510 -118.48260    9333.33
 34.01510 -118.47924    9555.56
 34.01510 -118.47589    9666.67
 34.01510 -118.47253    9666.67
 34.01510 -118.46918    9444.44
 34.01510 -118.46582    9444.44
 34.01510 -118.46246    9516.44
 34.01510 -118.45911    9603.78
 34.01510 -118.45576    9714.89
 34.01510 -118.45240    9820.78
 34.01510 -118.44904   10066.78
 34.01510 -118.44569   10066.78
 34.01510 -118.44233   10111.11
 34.01510 -118.43898   10111.11
 34.01510 -118.43562   10222.22
 34.01510 -118.43227   10333.33
 34.01510 -118.42891   10463.11
 34.01510 -118.42555   10586.44
 34.01510 -118.42220   10580.00
 34.01510 -118.41885   10329.33
 34.01510 -118.41549   10094.89
 34.01510 -118.41213    9990.22
 34.01510 -118.40878    9690.44
 34.01510 -118.40543    9372.33
 34.01510 -118.40207    9035.11
 34.01510 -118.39871    8987.44
 34.01510 -118.39536    8947.11
 34.01510 -118.39200    8927.44
 34.01510 -118.38864    8903.44
 34.01510 -118.38529    8820.22
 34.01510 -118.38194    8735.44
 34.01510 -118.37858    8675.00
 34.01510 -118.37522    8677.56
 34.01510 -118.37186    8680.11
 34.01510 -118.36852    8685.22
 34.01510 -118.36516    8690.33
 34.01510 -118.36180    8695.44
 34.01230 -118.57320    7333.33
 34.01230 -118.56984    7333.33
 34.01230 -118.56648    7222.22
 34.01230 -118.56313    7333.33
 34.01230 -118.55978    7333.33
 34.01230 -118.55642    7444.44
 34.01230 -118.55306    7222.22
 34.01230 -118.54971    7111.11
 34.01230 -118.54636    7222.22
 34.01230 -118.54300    7555.56
 34.01230 -118.53964    7666.67
 34.01230 -118.53629    7777.78
 34.01230 -118.53293    7666.67
 34.01230 -118.52957    7777.78
 34.01230 -118.52622    7555.56
 34.01230 -118.52287    7666.67
 34.01230 -118.51951    7777.78
 34.01230 -118.51615    7888.89
 34.01230 -118.51279    7888.89
 34.01230 -118.50945    8000.00
 34.01230 -118.50609    8267.78
 34.01230 -118.50273    8169.78
 34.01230 -118.49937    8007.44
 34.01230 -118.49602    7961.89
 34.01230 -118.49267    8282.11
 34.01230 -118.48931    8555.56
 34.01230 -118.48595    8666.67
 34.01230 -118.48260    8666.67
 34.01230 -118.47924    8888.89
 34.01230 -118.47589    9111.11
 34.01230 -118.47253    9111.11
 34.01230 -118.46918    8888.89
 34.01230 -118.46582    8888.89
 34.01230 -118.46246    9000.00
 34.01230 -118.45911    9210.33
 34.01230 -118.45576    9321.44
 34.01230 -118.45240    9343.89
 34.01230 -118.44904    9373.22
 34.01230 -118.44569    9373.22
 34.01230 -118.44233    9573.00
 34.01230 -118.43898    9777.78
 34.01230 -118.43562    9888.89
 34.01230 -118.43227   10000.00
 34.01230 -118.42891   10194.67
 34.01230 -118.42555   10324.44
 34.01230 -118.42220   10324.44
 34.01230 -118.41885   10110.22
 34.01230 -118.41549    9980.44
 34.01230 -118.41213    9980.44
 34.01230 -118.40878    9678.56
 34.01230 -118.40543    9348.56
 34.01230 -118.40207    9008.00
 34.01230 -118.39871    8961.67
 34.01230 -118.39536    8921.44
 34.01230 -118.39200    8869.00
 34.01230 -118.38864    8819.44
 34.01230 -118.38529    8748.00
 34.01230 -118.38194    8699.33
 34.01230 -118.37858    8677.56
 34.01230 -118.37522    8682.67
 34.01230 -118.37186    8687.78
 34.01230 -118.36852    8692.89
 34.01230 -118.36516    8695.44
 34.01230 -118.36180    8698.00
 34.00950 -118.57320    6666.67
 34.00950 -118.56984    6777.78
 34.00950 -118.56648    6888.89
 34.00950 -118.56313    7111.11
 34.00950 -118.55978    7000.00
 34.00950 -118.55642    6888.89
 34.00950 -118.55306    6777.78
 34.00950 -118.54971    6888.89
 34.00950 -118.54636    7111.11
 34.00950 -118.54300    7222.22
 34.00950 -118.53964    7111.11
 34.00950 -118.53629    7111.11
 34.00950 -118.53293    7111.11
 34.00950 -118.52957    7333.33
 34.00950 -118.52622    7222.22
 34.00950 -118.52287    7444.44
 34.00950 -118.51951    7666.67
 34.00950 -118.51615    7777.78
 34.00950 -118.51279    7555.56
 34.00950 -118.50945    7444.44
 34.00950 -118.50609    7745.00
 34.00950 -118.50273    7772.22
 34.00950 -118.49937    7591.33
 34.00950 -118.49602    7513.00
 34.00950 -118.49267    7596.89
 34.00950 -118.48931    8000.00
 34.00950 -118.48595    8111.11
 34.00950 -118.48260    8333.33
 34.00950 -118.47924    8333.33
 34.00950 -118.47589    8444.44
 34.00950 -118.47253    8333.33
 34.00950 -118.46918    8222.22
 34.00950 -118.46582    8333.33
 34.00950 -118.46246    8666.67
 34.00950 -118.45911    8888.89
 34.00950 -118.45576    8888.89
 34.00950 -118.45240    8755.89
 34.00950 -118.44904    8790.78
 34.00950 -118.44569    8901.89
 34.00950 -118.44233    9146.00
 34.00950 -118.43898    9444.44
 34.00950 -118.43562    9555.56
 34.00950 -118.43227    9777.78
 34.00950 -118.42891    9907.56
 34.00950 -118.42555   10083.56
 34.00950 -118.42220   10061.78
 34.00950 -118.41885   10001.78
 34.00950 -118.41549    9920.00
 34.00950 -118.41213    9924.89
 34.00950 -118.40878    9632.89
 34.00950 -118.40543    9316.44
 34.00950 -118.40207    8989.44
 34.00950 -118.39871    8956.56
 34.00950 -118.39536    8921.22
 34.00950 -118.39200    8847.78
 34.00950 -118.38864    8772.33
 34.00950 -118.38529    8701.89
 34.00950 -118.38194    8680.11
 34.00950 -118.37858    8685.22
 34.00950 -118.37522    8690.33
 34.00950 -118.37186    8695.44
 34.00950 -118.36852    8698.00
 34.00950 -118.36516    8698.00
 34.00950 -118.36180    8698.00
 34.00670 -118.57320    6111.11
 34.00670 -118.56984    6333.33
 34.00670 -118.56648    6666.67
 34.00670 -118.56313    6777.78
 34.00670 -118.55978    6555.56
 34.00670 -118.55642    6222.22
 34.00670 -118.55306    6222.22
 34.00670 -118.54971    6555.56
 34.00670 -118.54636    6888.89
 34.00670 -118.54300    6888.89
 34.00670 -118.53964    6555.56
 34.00670 -118.53629    6444.44
 34.00670 -118.53293    6555.56
 34.00670 -118.52957    6888.89
 34.00670 -118.52622    7000.00
 34.00670 -118.52287    7111.11
 34.00670 -118.51951    7222.22
 34.00670 -118.51615    7222.22
 34.00670 -118.51279    7111.11
 34.00670 -118.50945    7111.11
 34.00670 -118.50609    7222.22
 34.00670 -118.50273    7263.56
 34.00670 -118.49937    7096.78
 34.00670 -118.49602    7102.33
 34.00670 -118.49267    7172.11
 34.00670 -118.48931    7450.00
 34.00670 -118.48595    7666.67
 34.00670 -118.48260    7777.78
 34.00670 -118.47924    7777.78
 34.00670 -118.47589    7777.78
 34.00670 -118.47253    7888.89
 34.00670 -118.46918    8000.00
 34.00670 -118.46582    8222.22
 34.00670 -118.46246    8444.44
 34.00670 -118.45911    8555.56
 34.00670 -118.45576    8444.44
 34.00670 -118.45240    8343.56
 34.00670 -118.44904    8255.11
 34.00670 -118.44569    8366.22
 34.00670 -118.44233    8578.22
 34.00670 -118.43898    9000.00
 34.00670 -118.43562    9222.22
 34.00670 -118.43227    9444.44
 34.00670 -118.42891    9509.33
 34.00670 -118.42555    9620.44
 34.00670 -118.42220    9688.00
 34.00670 -118.41885    9792.00
 34.00670 -118.41549    9869.33
 34.00670 -118.41213    9886.33
 34.00670 -118.40878    9606.33
 34.00670 -118.40543    9306.78
 34.00670 -118.40207    9000.00
 34.00670 -118.39871    8965.89
 34.00670 -118.39536    8902.33
 34.00670 -118.39200    8790.11
 34.00670 -118.38864    8718.44
 34.00670 -118.38529    8678.78
 34.00670 -118.38194    8687.78
 34.00670 -118.37858    8692.89
 34.00670 -118.37522    8695.44
 34.00670 -118.37186    8698.00
 34.00670 -118.36852    8698.00
 34.00670 -118.36516    8698.00
 34.00670 -118.36180    8698.00
 34.00390 -118.57320    6000.00
 34.00390 -118.56984    6111.11
 34.00390 -118.56648    6333.33
 34.00390 -118.56313    6444.44
 34.00390 -118.55978    6333.33
 34.00390 -118.55642    6111.11
 34.00390 -118.55306    6111.11
 34.00390 -118.54971    6333.33
 34.00390 -118.54636    6555.56
 34.00390 -118.54300    6444.44
 34.00390 -118.53964    6222.22
 34.00390 -118.53629    6000.00
 34.00390 -118.53293    6333.33
 34.00390 -118.52957    6666.67
 34.00390 -118.52622    7000.00
 34.00390 -118.52287    6888.89
 34.00390 -118.51951    6777.78
 34.00390 -118.51615    6666.67
 34.00390 -118.51279    6777.78
 34.00390 -118.50945    6777.78
 34.00390 -118.50609    6777.78
 34.00390 -118.50273    6629.56
 34.00390 -118.49937    6598.00
 34.00390 -118.49602    6609.11
 34.00390 -118.49267    6757.33
 34.00390 -118.48931    6900.00
 34.00390 -118.48595    7111.11
 34.00390 -118.48260    7222.22
 34.00390 -118.47924    7222.22
 34.00390 -118.47589    7222.22
 34.00390 -118.47253    7333.33
 34.00390 -118.46918    7555.56
 34.00390 -118.46582    7777.78
 34.00390 -118.46246    8000.00
 34.00390 -118.45911    8111.11
 34.00390 -118.45576    8111.11
 34.00390 -118.45240    8042.33
 34.00390 -118.44904    8035.33
 34.00390 -118.44569    8146.44
 34.00390 -118.44233    8326.33
 34.00390 -118.43898    8666.67
 34.00390 -118.43562    8888.89
 34.00390 -118.43227    9111.11
 34.00390 -118.42891    9111.11
 34.00390 -118.42555    9222.22
 34.00390 -118.42220    9379.11
 34.00390 -118.41885    9652.00
 34.00390 -118.41549    9823.56
 34.00390 -118.41213    9852.67
 34.00390 -118.40878    9681.22
 34.00390 -118.40543    9398.56
 34.00390 -118.40207    9101.44
 34.00390 -118.39871    8976.44
 34.00390 -118.39536    8884.67
 34.00390 -118.39200    8768.56
 34.00390 -118.38864    8688.89
 34.00390 -118.38529    8680.00
 34.00390 -118.38194    8695.44
 34.00390 -118.37858    8698.00
 34.00390 -118.37522    8698.00
 34.00390 -118.37186    8698.00
 34.00390 -118.36852    8698.00
 34.00390 -118.36516    8698.00
 34.00390 -118.36180    8698.00
 34.00110 -118.57320    6000.00
 34.00110 -118.56984    6000.00
 34.00110 -118.56648    6111.11
 34.00110 -118.56313    6111.11
 34.00110 -118.55978    6111.11
 34.00110 -118.55642    6000.00
 34.00110 -118.55306    6000.00
 34.00110 -118.54971    6111.11
 34.00110 -118.54636    6222.22
 34.00110 -118.54300    6222.22
 34.00110 -118.53964    6111.11
 34.00110 -118.53629    6000.00
 34.00110 -118.53293    6222.22
 34.00110 -118.52957    6555.56
 34.00110 -118.52622    6777.78
 34.00110 -118.52287    6555.56
 34.00110 -118.51951    6222.22
 34.00110 -118.51615    6111.11
 34.00110 -118.51279    6333.33
 34.00110 -118.50945    6444.44
 34.00110 -118.50609    6333.33
 34.00110 -118.50273    6203.67
 34.00110 -118.49937    6196.22
 34.00110 -118.49602    6212.89
 34.00110 -118.49267    6290.33
 34.00110 -118.48931    6297.78
 34.00110 -118.48595    6503.33
 34.00110 -118.48260    6666.67
 34.00110 -118.47924    6888.89
 34.00110 -118.47589    7000.00
 34.00110 -118.47253    7111.11
 34.00110 -118.46918    7222.22
 34.00110 -118.46582    7333.33
 34.00110 -118.46246    7444.44
 34.00110 -118.45911    7666.67
 34.00110 -118.45576    7888.89
 34.00110 -118.45240    7963.33
 34.00110 -118.44904    7906.44
 34.00110 -118.44569    7874.00
 34.00110 -118.44233    7982.33
 34.00110 -118.43898    8261.44
 34.00110 -118.43562    8516.11
 34.00110 -118.43227    8777.78
 34.00110 -118.42891    8888.89
 34.00110 -118.42555    9000.00
 34.00110 -118.42220    9178.67
 34.00110 -118.41885    9456.44
 34.00110 -118.41549    9740.33
 34.00110 -118.41213    9860.00
 34.00110 -118.40878    9779.11
 34.00110 -118.40543    9495.22
 34.00110 -118.40207    9196.89
 34.00110 -118.39871    8988.22
 34.00110 -118.39536    8868.22
 34.00110 -118.39200    8754.67
 34.00110 -118.38864    8665.78
 34.00110 -118.38529    8685.11
 34.00110 -118.38194    8698.00
 34.00110 -118.37858    8698.00
 34.00110 -118.37522    8698.00
 34.00110 -118.37186    8698.00
 34.00110 -118.36852    8698.00
 34.00110 -118.36516    8698.00
 34.00110 -118.36180    8698.00
 33.99830 -118.57320    5666.67
 33.99830 -118.56984    5666.67
 33.99830 -118.56648    5666.67
 33.99830 -118.56313    5666.67
 33.99830 -118.55978    5666.67
 33.99830 -118.55642    5777.78
 33.99830 -118.55306    5888.89
 33.99830 -118.54971    6000.00
 33.99830 -118.54636    6000.00
 33.99830 -118.54300    6000.00
 33.99830 -118.53964    6000.00
 33.99830 -118.53629    6000.00
 33.99830 -118.53293    6111.11
 33.99830 -118.52957    6444.44
 33.99830 -118.52622    6555.56
 33.99830 -118.52287    6444.44
 33.99830 -118.51951    6111.11
 33.99830 -118.51615    6000.00
 33.99830 -118.51279    6111.11
 33.99830 -118.50945    6111.11
 33.99830 -118.50609    6111.11
 33.99830 -118.50273    6000.00
 33.99830 -118.49937    6016.67
 33.99830 -118.49602    5975.56
 33.99830 -118.49267    5982.22
 33.99830 -118.48931    5965.56
 33.99830 -118.48595    6006.67
 33.99830 -118.48260    6222.22
 33.99830 -118.47924    6444.44
 33.99830 -118.47589    6666.67
 33.99830 -118.47253    6777.78
 33.99830 -118.46918    6888.89
 33.99830 -118.46582    7000.00
 33.99830 -118.46246    7111.11
 33.99830 -118.45911    7333.33
 33.99830 -118.45576    7634.22
 33.99830 -118.45240    7799.56
 33.99830 -118.44904    7833.56
 33.99830 -118.44569    7801.11
 33.99830 -118.44233    7779.11
 33.99830 -118.43898    7967.33
 33.99830 -118.43562    8143.33
 33.99830 -118.43227    8555.56
 33.99830 -118.42891    8777.78
 33.99830 -118.42555    9000.00
 33.99830 -118.42220    9089.33
 33.99830 -118.41885    9277.78
 33.99830 -118.41549    9562.89
 33.99830 -118.41213    9765.89
 33.99830 -118.40878    9869.78
 33.99830 -118.40543    9584.67
 33.99830 -118.40207    9292.33
 33.99830 -118.39871    9000.00
 33.99830 -118.39536    8886.44
 33.99830 -118.39200    8779.33
 33.99830 -118.38864    8678.67
 33.99830 -118.38529    8691.56
 33.99830 -118.38194    8698.00
 33.99830 -118.37858    8698.00
 33.99830 -118.37522    8698.00
 33.99830 -118.37186    8698.00
 33.99830 -118.36852    8698.00
 33.99830 -118.36516    8698.00
 33.99830 -118.36180    8698.00
 33.99550 -118.57320    5333.33
 33.99550 -118.56984    5333.33
 33.99550 -118.56648    5333.33
 33.99550 -118.56313    5333.33
 33.99550 -118.55978    5333.33
 33.99550 -118.55642    5444.44
 33.99550 -118.55306    5555.56
 33.99550 -118.54971    5666.67
 33.99550 -118.54636    5666.67
 33.99550 -118.54300    5777.78
 33.99550 -118.53964    5888.89
 33.99550 -118.53629    6000.00
 33.99550 -118.53293    5888.89
 33.99550 -118.52957    6000.00
 33.99550 -118.52622    6000.00
 33.99550 -118.52287    6111.11
 33.99550 -118.51951    6000.00
 33.99550 -118.51615    6000.00
 33.99550 -118.51279    6000.00
 33.99550 -118.50945    6000.00
 33.99550 -118.50609    6000.00
 33.99550 -118.50273    6000.00
 33.99550 -118.49937    5958.89
 33.99550 -118.49602    5860.00
 33.99550 -118.49267    5703.33
 33.99550 -118.48931    5677.78
 33.99550 -118.48595    5710.00
 33.99550 -118.48260    5977.78
 33.99550 -118.47924    6155.56
 33.99550 -118.47589    6333.33
 33.99550 -118.47253    6555.56
 33.99550 -118.46918    6777.78
 33.99550 -118.46582    7000.00
 33.99550 -118.46246    7000.00
 33.99550 -118.45911    7111.11
 33.99550 -118.45576    7300.89
 33.99550 -118.45240    7557.11
 33.99550 -118.44904    7682.00
 33.99550 -118.44569    7721.22
 33.99550 -118.44233    7680.00
 33.99550 -118.43898    7777.33
 33.99550 -118.43562    7881.67
 33.99550 -118.43227    8222.22
 33.99550 -118.42891    8444.44
 33.99550 -118.42555    8777.78
 33.99550 -118.42220    8888.89
 33.99550 -118.41885    9094.22
 33.99550 -118.41549    9380.56
 33.99550 -118.41213    9666.89
 33.99550 -118.40878    9859.00
 33.99550 -118.40543    9572.67
 33.99550 -118.40207    9286.33
 33.99550 -118.39871    9000.00
 33.99550 -118.39536    8926.44
 33.99550 -118.39200    8825.78
 33.99550 -118.38864    8725.11
 33.99550 -118.38529    8698.00
 33.99550 -118.38194    8698.00
 33.99550 -118.37858    8698.00
 33.99550 -118.37522    8698.00
 33.99550 -118.37186    8698.00
 33.99550 -118.36852    8698.00
 33.99550 -118.36516    8698.00
 33.99550 -118.36180    8698.00
 33.99270 -118.57320    5000.00
 33.99270 -118.56984    5000.00
 33.99270 -118.56648    5000.00
 33.99270 -118.56313    5000.00
 33.99270 -118.55978    5000.00
 33.99270 -118.55642    5111.11
 33.99270 -118.55306    5222.22
 33.99270 -118.54971    5333.33
 33.99270 -118.54636    5333.33
 33.99270 -118.54300    5444.44
 33.99270 -118.53964    5555.56
 33.99270 -118.53629    5666.67
 33.99270 -118.53293    5555.56
 33.99270 -118.52957    5555.56
 33.99270 -118.52622    5555.56
 33.99270 -118.52287    5666.67
 33.99270 -118.51951    5777.78
 33.99270 -118.51615    5888.89
 33.99270 -118.51279    6000.00
 33.99270 -118.50945    6000.00
 33.99270 -118.50609    6000.00
 33.99270 -118.50273    6000.00
 33.99270 -118.49937    5901.11
 33.99270 -118.49602    5744.44
 33.99270 -118.49267    5590.78
 33.99270 -118.48931    5573.78
 33.99270 -118.48595    5614.56
 33.99270 -118.48260    5768.22
 33.99270 -118.47924    5884.11
 33.99270 -118.47589    6000.00
 33.99270 -118.47253    6222.22
 33.99270 -118.46918    6555.56
 33.99270 -118.46582    6888.89
 33.99270 -118.46246    7000.00
 33.99270 -118.45911    7000.00
 33.99270 -118.45576    7078.67
 33.99270 -118.45240    7236.00
 33.99270 -118.44904    7481.22
 33.99270 -118.44569    7640.78
 33.99270 -118.44233    7714.67
 33.99270 -118.43898    7779.56
 33.99270 -118.43562    7874.67
 33.99270 -118.43227    8087.89
 33.99270 -118.42891    8222.22
 33.99270 -118.42555    8444.44
 33.99270 -118.42220    8666.67
 33.99270 -118.41885    8888.89
 33.99270 -118.41549    9190.89
 33.99270 -118.41213    9381.78
 33.99270 -118.40878    9572.67
 33.99270 -118.40543    9381.78
 33.99270 -118.40207    9190.89
 33.99270 -118.39871    9000.00
 33.99270 -118.39536    8966.44
 33.99270 -118.39200    8865.78
 33.99270 -118.38864    8765.11
 33.99270 -118.38529    8698.00
 33.99270 -118.38194    8698.00
 33.99270 -118.37858    8698.00
 33.99270 -118.37522    8698.00
 33.99270 -118.37186    8698.00
 33.99270 -118.36852    8698.00
 33.99270 -118.36516    8698.00
 33.99270 -118.36180    8698.00
 33.98990 -118.57320    5000.00
 33.98990 -118.56984    5000.00
 33.98990 -118.56648    5000.00
 33.98990 -118.56313    5000.00
 33.98990 -118.55978    5000.00
 33.98990 -118.55642    5000.00
 33.98990 -118.55306    5000.00
 33.98990 -118.54971    5000.00
 33.98990 -118.54636    5000.00
 33.98990 -118.54300    5111.11
 33.98990 -118.53964    5222.22
 33.98990 -118.53629    5333.33
 33.98990 -118.53293    5222.22
 33.98990 -118.52957    5111.11
 33.98990 -118.52622    5111.11
 33.98990 -118.52287    5222.22
 33.98990 -118.51951    5444.44
 33.98990 -118.51615    5555.56
 33.98990 -118.51279    5666.67
 33.98990 -118.50945    5777.78
 33.98990 -118.50609    5888.89
 33.98990 -118.50273    6000.00
 33.98990 -118.49937    5870.44
 33.98990 -118.49602    5740.89
 33.98990 -118.49267    5614.33
 33.98990 -118.48931    5602.89
 33.98990 -118.48595    5591.44
 33.98990 -118.48260    5718.00
 33.98990 -118.47924    5859.00
 33.98990 -118.47589    6000.00
 33.98990 -118.47253    6111.11
 33.98990 -118.46918    6333.33
 33.98990 -118.46582    6666.67
 33.98990 -118.46246    6888.89
 33.98990 -118.45911    7000.00
 33.98990 -118.45576    7000.00
 33.98990 -118.45240    7078.67
 33.98990 -118.44904    7336.89
 33.98990 -118.44569    7588.11
 33.98990 -118.44233    7760.67
 33.98990 -118.43898    7803.33
 33.98990 -118.43562    7876.22
 33.98990 -118.43227    7958.33
 33.98990 -118.42891    7990.78
 33.98990 -118.42555    8111.11
 33.98990 -118.42220    8444.44
 33.98990 -118.41885    8777.78
 33.98990 -118.41549    9095.44
 33.98990 -118.41213    9190.89
 33.98990 -118.40878    9286.33
 33.98990 -118.40543    9190.89
 33.98990 -118.40207    9095.44
 33.98990 -118.39871    9000.00
 33.98990 -118.39536    9000.00
 33.98990 -118.39200    8932.89
 33.98990 -118.38864    8832.22
 33.98990 -118.38529    8731.56
 33.98990 -118.38194    8698.00
 33.98990 -118.37858    8698.00
 33.98990 -118.37522    8698.00
 33.98990 -118.37186    8698.00
 33.98990 -118.36852    8698.00
 33.98990 -118.36516    8698.00
 33.98990 -118.36180    8698.00
 33.98710 -118.57320    5000.00
 33.98710 -118.56984    5000.00
 33.98710 -118.56648    5000.00
 33.98710 -118.56313    5000.00
 33.98710 -118.55978    5000.00
 33.98710 -118.55642    5000.00
 33.98710 -118.55306    5000.00
 33.98710 -118.54971    5000.00
 33.98710 -118.54636    5000.00
 33.98710 -118.54300    5000.00
 33.98710 -118.53964    5000.00
 33.98710 -118.53629    5000.00
 33.98710 -118.53293    5000.00
 33.98710 -118.52957    5000.00
 33.98710 -118.52622    5000.00
 33.98710 -118.52287    5000.00
 33.98710 -118.51951    5111.11
 33.98710 -118.51615    5222.22
 33.98710 -118.51279    5333.33
 33.98710 -118.50945    5444.44
 33.98710 -118.50609    5555.56
 33.98710 -118.50273    5666.67
 33.98710 -118.49937    5675.33
 33.98710 -118.49602    5684.00
 33.98710 -118.49267    5695.67
 33.98710 -118.48931    5698.67
 33.98710 -118.48595    5701.67
 33.98710 -118.48260    5801.11
 33.98710 -118.47924    5900.56
 33.98710 -118.47589    6000.00
 33.98710 -118.47253    6000.00
 33.98710 -118.46918    6111.11
 33.98710 -118.46582    6333.33
 33.98710 -118.46246    6666.67
 33.98710 -118.45911    6888.89
 33.98710 -118.45576    7000.00
 33.98710 -118.45240    7000.00
 33.98710 -118.44904    7271.22
 33.98710 -118.44569    7542.44
 33.98710 -118.44233    7813.67
 33.98710 -118.43898    7834.11
 33.98710 -118.43562    7877.78
 33.98710 -118.43227    7939.89
 33.98710 -118.42891    7981.56
 33.98710 -118.42555    8000.00
 33.98710 -118.42220    8222.22
 33.98710 -118.41885    8555.56
 33.98710 -118.41549    8888.89
 33.98710 -118.41213    9000.00
 33.98710 -118.40878    9000.00
 33.98710 -118.40543    9000.00
 33.98710 -118.40207    9000.00
 33.98710 -118.39871    9000.00
 33.98710 -118.39536    9000.00
 33.98710 -118.39200    8966.44
 33.98710 -118.38864    8865.78
 33.98710 -118.38529    8765.11
 33.98710 -118.38194    8698.00
 33.98710 -118.37858    8698.00
 33.98710 -118.37522    8698.00
 33.98710 -118.37186    8698.00
 33.98710 -118.36852    8698.00
 33.98710 -118.36516    8698.00
 33.98710 -118.36180    8698.00
 33.98430 -118.57320    5000.00
 33.98430 -118.56984    5000.00
 33.98430 -118.56648    5000.00
 33.98430 -118.56313    5000.00
 33.98430 -118.55978    5000.00
 33.98430 -118.55642    5000.00
 33.98430 -118.55306    5000.00
 33.98430 -118.54971    5000.00
 33.98430 -118.54636    5000.00
 33.98430 -118.54300    5000.00
 33.98430 -118.53964    5000.00
 33.98430 -118.53629    5000.00
 33.98430 -118.53293    5000.00
 33.98430 -118.52957    5000.00
 33.98430 -118.52622    5000.00
 33.98430 -118.52287    5000.00
 33.98430 -118.51951    5000.00
 33.98430 -118.51615    5000.00
 33.98430 -118.51279    5000.00
 33.98430 -118.50945    5111.11
 33.98430 -118.50609    5222.22
 33.98430 -118.50273    5333.33
 33.98430 -118.49937    5480.22
 33.98430 -118.49602    5627.11
 33.98430 -118.49267    5774.00
 33.98430 -118.48931    5774.00
 33.98430 -118.48595    5774.00
 33.98430 -118.48260    5849.33
 33.98430 -118.47924    5924.67
 33.98430 -118.47589    6000.00
 33.98430 -118.47253    6000.00
 33.98430 -118.46918    6000.00
 33.98430 -118.46582    6111.11
 33.98430 -118.46246    6333.33
 33.98430 -118.45911    6666.67
 33.98430 -118.45576    6888.89
 33.98430 -118.45240    7000.00
 33.98430 -118.44904    7183.33
 33.98430 -118.44569    7458.33
 33.98430 -118.44233    7733.78
 33.98430 -118.43898    7846.33
 33.98430 -118.43562    7867.22
 33.98430 -118.43227    7925.11
 33.98430 -118.42891    7962.56
 33.98430 -118.42555    8000.00
 33.98430 -118.42220    8111.11
 33.98430 -118.41885    8444.44
 33.98430 -118.41549    8777.78
 33.98430 -118.41213    9000.00
 33.98430 -118.40878    9000.00
 33.98430 -118.40543    9000.00
 33.98430 -118.40207    9000.00
 33.98430 -118.39871    9000.00
 33.98430 -118.39536    9000.00
 33.98430 -118.39200    9000.00
 33.98430 -118.38864    8932.89
 33.98430 -118.38529    8832.22
 33.98430 -118.38194    8731.56
 33.98430 -118.37858    8698.00
 33.98430 -118.37522    8698.00
 33.98430 -118.37186    8698.00
 33.98430 -118.36852    8698.00
 33.98430 -118.36516    8698.00
 33.98430 -118.36180    8698.00
 33.98150 -118.57320    5000.00
 33.98150 -118.56984    5000.00
 33.98150 -118.56648    5000.00
 33.98150 -118.56313    5000.00
 33.98150 -118.55978    5000.00
 33.98150 -118.55642    5000.00
 33.98150 -118.55306    5000.00
 33.98150 -118.54971    5000.00
 33.98150 -118.54636    5000.00
 33.98150 -118.54300    5000.00
 33.98150 -118.53964    5000.00
 33.98150 -118.53629    5000.00
 33.98150 -118.53293    5000.00
 33.98150 -118.52957    5000.00
 33.98150 -118.52622    5000.00
 33.98150 -118.52287    5000.00
 33.98150 -118.51951    5000.00
 33.98150 -118.51615    5000.00
 33.98150 -118.51279    5000.00
 33.98150 -118.50945    5000.00
 33.98150 -118.50609    5000.00
 33.98150 -118.50273    5000.00
 33.98150 -118.49937    5172.00
 33.98150 -118.49602    5430.00
 33.98150 -118.49267    5688.00
 33.98150 -118.48931    5774.00
 33.98150 -118.48595    5774.00
 33.98150 -118.48260    5849.33
 33.98150 -118.47924    5924.67
 33.98150 -118.47589    6000.00
 33.98150 -118.47253    6000.00
 33.98150 -118.46918    6000.00
 33.98150 -118.46582    6000.00
 33.98150 -118.46246    6111.11
 33.98150 -118.45911    6333.33
 33.98150 -118.45576    6666.67
 33.98150 -118.45240    6888.89
 33.98150 -118.44904    7091.67
 33.98150 -118.44569    7359.89
 33.98150 -118.44233    7628.56
 33.98150 -118.43898    7815.78
 33.98150 -118.43562    7826.44
 33.98150 -118.43227    7864.89
 33.98150 -118.42891    7919.33
 33.98150 -118.42555    7973.78
 33.98150 -118.42220    8000.00
 33.98150 -118.41885    8222.22
 33.98150 -118.41549    8444.44
 33.98150 -118.41213    8777.78
 33.98150 -118.40878    8888.89
 33.98150 -118.40543    9000.00
 33.98150 -118.40207    9000.00
 33.98150 -118.39871    9000.00
 33.98150 -118.39536    9000.00
 33.98150 -118.39200    9000.00
 33.98150 -118.38864    8966.44
 33.98150 -118.38529    8865.78
 33.98150 -118.38194    8765.11
 33.98150 -118.37858    8698.00
 33.98150 -118.37522    8698.00
 33.98150 -118.37186    8698.00
 33.98150 -118.36852    8698.00
 33.98150 -118.36516    8698.00
 33.98150 -118.36180    8698.00
 33.97870 -118.57320    5000.00
 33.97870 -118.56984    5000.00
 33.97870 -118.56648    5000.00
 33.97870 -118.56313    5000.00
 33.97870 -118.55978    5000.00
 33.97870 -118.55642    5000.00
 33.97870 -118.55306    5000.00
 33.97870 -118.54971    5000.00
 33.97870 -118.54636    5000.00
 33.97870 -118.54300    5000.00
 33.97870 -118.53964    5000.00
 33.97870 -118.53629    5000.00
 33.97870 -118.53293    5000.00
 33.97870 -118.52957    5000.00
 33.97870 -118.52622    5000.00
 33.97870 -118.52287    5000.00
 33.97870 -118.51951    5000.00
 33.97870 -118.51615    5000.00
 33.97870 -118.51279    5000.00
 33.97870 -118.50945    5000.00
 33.97870 -118.50609    5000.00
 33.97870 -118.50273    5000.00
 33.97870 -118.49937    5086.00
 33.97870 -118.49602    5344.00
 33.97870 -118.49267    5602.00
 33.97870 -118.48931    5774.00
 33.97870 -118.48595    5774.00
 33.97870 -118.48260    5849.33
 33.97870 -118.47924    5924.67
 33.97870 -118.47589    6000.00
 33.97870 -118.47253    6000.00
 33.97870 -118.46918    6000.00
 33.97870 -118.46582    6000.00
 33.97870 -118.46246    6000.00
 33.97870 -118.45911    6111.11
 33.97870 -118.45576    6333.33
 33.97870 -118.45240    6666.67
 33.97870 -118.44904    6888.89
 33.97870 -118.44569    7261.44
 33.97870 -118.44233    7523.33
 33.97870 -118.43898    7785.22
 33.97870 -118.43562    7785.67
 33.97870 -118.43227    7804.67
 33.97870 -118.42891    7876.11
 33.97870 -118.42555    7947.56
 33.97870 -118.42220    8000.00
 33.97870 -118.41885    8111.11
 33.97870 -118.41549    8222.22
 33.97870 -118.41213    8444.44
 33.97870 -118.40878    8666.67
 33.97870 -118.40543    8888.89
 33.97870 -118.40207    9000.00
 33.97870 -118.39871    9000.00
 33.97870 -118.39536    9000.00
 33.97870 -118.39200    9000.00
 33.97870 -118.38864    9000.00
 33.97870 -118.38529    8932.89
 33.97870 -118.38194    8832.22
 33.97870 -118.37858    8731.56
 33.97870 -118.37522    8698.00
 33.97870 -118.37186    8698.00
 33.97870 -118.36852    8698.00
 33.97870 -118.36516    8698.00
 33.97870 -118.36180    8698.00
 33.97590 -118.57320    5000.00
 33.97590 -118.56984    5000.00
 33.97590 -118.56648    5000.00
 33.97590 -118.56313    5000.00
 33.97590 -118.55978    5000.00
 33.97590 -118.55642    5000.00
 33.97590 -118.55306    5000.00
 33.97590 -118.54971    5000.00
 33.97590 -118.54636    5000.00
 33.97590 -118.54300    5000.00
 33.97590 -118.53964    5000.00
 33.97590 -118.53629    5000.00
 33.97590 -118.53293    5000.00
 33.97590 -118.52957    5000.00
 33.97590 -118.52622    5000.00
 33.97590 -118.52287    5000.00
 33.97590 -118.51951    5000.00
 33.97590 -118.51615    5000.00
 33.97590 -118.51279    5000.00
 33.97590 -118.50945    5000.00
 33.97590 -118.50609    5000.00
 33.97590 -118.50273    5000.00
 33.97590 -118.49937    5000.00
 33.97590 -118.49602    5172.00
 33.97590 -118.49267    5430.00
 33.97590 -118.48931    5688.00
 33.97590 -118.48595    5774.00
 33.97590 -118.48260    5849.33
 33.97590 -118.47924    5924.67
 33.97590 -118.47589    6000.00
 33.97590 -118.47253    6000.00
 33.97590 -118.46918    6000.00
 33.97590 -118.46582    6000.00
 33.97590 -118.46246    6000.00
 33.97590 -118.45911    6000.00
 33.97590 -118.45576    6111.11
 33.97590 -118.45240    6444.44
 33.97590 -118.44904    6777.78
 33.97590 -118.44569    7169.78
 33.97590 -118.44233    7424.44
 33.97590 -118.43898    7679.11
 33.97590 -118.43562    7764.00
 33.97590 -118.43227    7764.00
 33.97590 -118.42891    7842.67
 33.97590 -118.42555    7921.33
 33.97590 -118.42220    8000.00
 33.97590 -118.41885    8000.00
 33.97590 -118.41549    8000.00
 33.97590 -118.41213    8111.11
 33.97590 -118.40878    8333.33
 33.97590 -118.40543    8666.67
 33.97590 -118.40207    8888.89
 33.97590 -118.39871    9000.00
 33.97590 -118.39536    9000.00
 33.97590 -118.39200    9000.00
 33.97590 -118.38864    9000.00
 33.97590 -118.38529    8966.44
 33.97590 -118.38194    8899.33
 33.97590 -118.37858    8832.22
 33.97590 -118.37522    8798.67
 33.97590 -118.37186    8765.11
 33.97590 -118.36852    8731.56
 33.97590 -118.36516    8698.00
 33.97590 -118.36180    8698.00
 33.97310 -118.57320    5000.00
 33.97310 -118.56984    5000.00
 33.97310 -118.56648    5000.00
 33.97310 -118.56313    5000.00
 33.97310 -118.55978    5000.00
 33.97310 -118.55642    5000.00
 33.97310 -118.55306    5000.00
 33.97310 -118.54971    5000.00
 33.97310 -118.54636    5000.00
 33.97310 -118.54300    5000.00
 33.97310 -118.53964    5000.00
 33.97310 -118.53629    5000.00
 33.97310 -118.53293    5000.00
 33.97310 -118.52957    5000.00
 33.97310 -118.52622    5000.00
 33.97310 -118.52287    5000.00
 33.97310 -118.51951    5000.00
 33.97310 -118.51615    5000.00
 33.97310 -118.51279    5000.00
 33.97310 -118.50945    5000.00
 33.97310 -118.50609    5000.00
 33.97310 -118.50273    5000.00
 33.97310 -118.49937    5000.00
 33.97310 -118.49602    5086.00
 33.97310 -118.49267    5258.00
 33.97310 -118.48931    5516.00
 33.97310 -118.48595    5688.00
 33.97310 -118.48260    5849.33
 33.97310 -118.47924    5924.67
 33.97310 -118.47589    6000.00
 33.97310 -118.47253    6000.00
 33.97310 -118.46918    6000.00
 33.97310 -118.46582    6000.00
 33.97310 -118.46246    6000.00
 33.97310 -118.45911    6000.00
 33.97310 -118.45576    6000.00
 33.97310 -118.45240    6333.33
 33.97310 -118.44904    6666.67
 33.97310 -118.44569    7084.89
 33.97310 -118.44233    7339.56
 33.97310 -118.43898    7594.22
 33.97310 -118.43562    7764.00
 33.97310 -118.43227    7764.00
 33.97310 -118.42891    7842.67
 33.97310 -118.42555    7921.33
 33.97310 -118.42220    8000.00
 33.97310 -118.41885    8000.00
 33.97310 -118.41549    8000.00
 33.97310 -118.41213    8000.00
 33.97310 -118.40878    8111.11
 33.97310 -118.40543    8333.33
 33.97310 -118.40207    8666.67
 33.97310 -118.39871    8888.89
 33.97310 -118.39536    9000.00
 33.97310 -118.39200    9000.00
 33.97310 -118.38864    9000.00
 33.97310 -118.38529    9000.00
 33.97310 -118.38194    8966.44
 33.97310 -118.37858    8932.89
 33.97310 -118.37522    8899.33
 33.97310 -118.37186    8865.78
 33.97310 -118.36852    8798.67
 33.97310 -118.36516    8731.56
 33.97310 -118.36180    8698.00
 33.97030 -118.57320    5000.00
 33.97030 -118.56984    5000.00
 33.97030 -118.56648    5000.00
 33.97030 -118.56313    5000.00
 33.97030 -118.55978    5000.00
 33.97030 -118.55642    5000.00
 33.97030 -118.55306    5000.00
 33.97030 -118.54971    5000.00
 33.97030 -118.54636    5000.00
 33.97030 -118.54300    5000.00
 33.97030 -118.53964    5000.00
 33.97030 -118.53629    5000.00
 33.97030 -118.53293    5000.00
 33.97030 -118.52957    5000.00
 33.97030 -118.52622    5000.00
 33.97030 -118.52287    5000.00
 33.97030 -118.51951    5000.00
 33.97030 -118.51615    5000.00
 33.97030 -118.51279    5000.00
 33.97030 -118.50945    5000.00
 33.97030 -118.50609    5000.00
 33.97030 -118.50273    5000.00
 33.97030 -118.49937    5000.00
 33.97030 -118.49602    5000.00
 33.97030 -118.49267    5086.00
 33.97030 -118.48931    5344.00
 33.97030 -118.48595    5602.00
 33.97030 -118.48260    5849.33
 33.97030 -118.47924    5924.67
 33.97030 -118.47589    6000.00
 33.97030 -118.47253    6000.00
 33.97030 -118.46918    6000.00
 33.97030 -118.46582    6000.00
 33.97030 -118.46246    6000.00
 33.97030 -118.45911    6000.00
 33.97030 -118.45576    6000.00
 33.97030 -118.45240    6333.33
 33.97030 -118.44904    6666.67
 33.97030 -118.44569    7000.00
 33.97030 -118.44233    7254.67
 33.97030 -118.43898    7509.33
 33.97030 -118.43562    7764.00
 33.97030 -118.43227    7764.00
 33.97030 -118.42891    7842.67
 33.97030 -118.42555    7921.33
 33.97030 -118.42220    8000.00
 33.97030 -118.41885    8000.00
 33.97030 -118.41549    8000.00
 33.97030 -118.41213    8000.00
 33.97030 -118.40878    8000.00
 33.97030 -118.40543    8111.11
 33.97030 -118.40207    8444.44
 33.97030 -118.39871    8777.78
 33.97030 -118.39536    9000.00
 33.97030 -118.39200    9000.00
 33.97030 -118.38864    9000.00
 33.97030 -118.38529    9000.00
 33.97030 -118.38194    9000.00
 33.97030 -118.37858    9000.00
 33.97030 -118.37522    9000.00
 33.97030 -118.37186    8966.44
 33.97030 -118.36852    8865.78
 33.97030 -118.36516    8765.11
 33.97030 -118.36180    8698.00
