   -118.572    33.9741
   -118.571    33.9895
   -118.572    34.0037
   -118.572    34.0174
   -118.571    34.0312
   -118.572    34.0374
   -118.571    34.0426
   -118.562    34.0429
   -118.550    34.0438
   -118.534    34.0437
   -118.520    34.0427
   -118.514    34.0433
   -118.503    34.0445
   -118.491    34.0475
   -118.477    34.0508
   -118.467    34.0511
   -118.452    34.0518
   -118.437    34.0527
   -118.426    34.0538
   -118.414    34.0559
   -118.402    34.0578
   -118.396    34.0594
   -118.393    34.0602
   -118.388    34.0520
   -118.383    34.0406
   -118.379    34.0319
   -118.373    34.0231
   -118.368    34.0130
   -118.365    34.0060
   -118.363    34.0022
   -118.371    33.9977
   -118.380    33.9922
   -118.387    33.9882
   -118.395    33.9830
   -118.405    33.9777
   -118.412    33.9746
   -118.414    33.9735
   -118.423    33.9733
   -118.440    33.9730
   -118.458    33.9729
   -118.477    33.9725
   -118.491    33.9715
   -118.511    33.9716
   -118.531    33.9723
   -118.549    33.9721
   -118.562    33.9720
   -118.571    33.9721
