 34.06140 -118.57320    9000.00
 34.06140 -118.56984    9000.00
 34.06140 -118.56648    9000.00
 34.06140 -118.56313    9000.00
 34.06140 -118.55978    9000.00
 34.06140 -118.55642    9000.00
 34.06140 -118.55306    9000.00
 34.06140 -118.54971    9000.00
 34.06140 -118.54636    9000.00
 34.06140 -118.54300    9000.00
 34.06140 -118.53964    9000.00
 34.06140 -118.53629    9000.00
 34.06140 -118.53293    9058.22
 34.06140 -118.52957    9145.56
 34.06140 -118.52622    9232.89
 34.06140 -118.52287    9262.00
 34.06140 -118.51951    9262.00
 34.06140 -118.51615    9262.00
 34.06140 -118.51279    9203.78
 34.06140 -118.50945    9116.44
 34.06140 -118.50609    9029.11
 34.06140 -118.50273    9000.00
 34.06140 -118.49937    9000.00
 34.06140 -118.49602    8929.78
 34.06140 -118.49267    8824.44
 34.06140 -118.48931    8719.11
 34.06140 -118.48595    8684.00
 34.06140 -118.48260    8684.00
 34.06140 -118.47924    8684.00
 34.06140 -118.47589    8789.33
 34.06140 -118.47253    8894.67
 34.06140 -118.46918    9000.00
 34.06140 -118.46582    9000.00
 34.06140 -118.46246    9000.00
 34.06140 -118.45911    9000.00
 34.06140 -118.45576    9000.00
 34.06140 -118.45240    8788.00
 34.06140 -118.44904    8414.44
 34.06140 -118.44569    7960.11
 34.06140 -118.44233    7717.78
 34.06140 -118.43898    7637.00
 34.06140 -118.43562    7637.00
 34.06140 -118.43227    7677.33
 34.06140 -118.42891    7798.33
 34.06140 -118.42555    7818.67
 34.06140 -118.42220    7798.67
 34.06140 -118.41885    7698.00
 34.06140 -118.41549    7698.00
 34.06140 -118.41213    7698.00
 34.06140 -118.40878    7698.00
 34.06140 -118.40543    7698.00
 34.06140 -118.40207    7698.00
 34.06140 -118.39871    7698.00
 34.06140 -118.39536    7731.56
 34.06140 -118.39200    7832.22
 34.06140 -118.38864    7932.89
 34.06140 -118.38529    8000.00
 34.06140 -118.38194    8000.00
 34.06140 -118.37858    8000.00
 34.06140 -118.37522    8000.00
 34.06140 -118.37186    8000.00
 34.06140 -118.36852    8000.00
 34.06140 -118.36516    8000.00
 34.06140 -118.36180    8000.00
 34.05856 -118.57320    9000.00
 34.05856 -118.56984    9000.00
 34.05856 -118.56648    9000.00
 34.05856 -118.56313    9000.00
 34.05856 -118.55978    9000.00
 34.05856 -118.55642    9000.00
 34.05856 -118.55306    9000.00
 34.05856 -118.54971    9000.00
 34.05856 -118.54636    9000.00
 34.05856 -118.54300    9000.00
 34.05856 -118.53964    9000.00
 34.05856 -118.53629    9000.00
 34.05856 -118.53293    9029.11
 34.05856 -118.52957    9116.44
 34.05856 -118.52622    9203.78
 34.05856 -118.52287    9262.00
 34.05856 -118.51951    9262.00
 34.05856 -118.51615    9262.00
 34.05856 -118.51279    9232.89
 34.05856 -118.50945    9145.56
 34.05856 -118.50609    9058.22
 34.05856 -118.50273    9000.00
 34.05856 -118.49937    9000.00
 34.05856 -118.49602    8964.89
 34.05856 -118.49267    8859.56
 34.05856 -118.48931    8754.22
 34.05856 -118.48595    8684.00
 34.05856 -118.48260    8684.00
 34.05856 -118.47924    8684.00
 34.05856 -118.47589    8789.33
 34.05856 -118.47253    8894.67
 34.05856 -118.46918    9000.00
 34.05856 -118.46582    9000.00
 34.05856 -118.46246    9000.00
 34.05856 -118.45911    9000.00
 34.05856 -118.45576    9000.00
 34.05856 -118.45240    8788.00
 34.05856 -118.44904    8495.22
 34.05856 -118.44569    8121.67
 34.05856 -118.44233    7879.33
 34.05856 -118.43898    7717.78
 34.05856 -118.43562    7637.00
 34.05856 -118.43227    7717.67
 34.05856 -118.42891    7838.67
 34.05856 -118.42555    7892.56
 34.05856 -118.42220    7832.22
 34.05856 -118.41885    7731.56
 34.05856 -118.41549    7698.00
 34.05856 -118.41213    7698.00
 34.05856 -118.40878    7698.00
 34.05856 -118.40543    7698.00
 34.05856 -118.40207    7731.56
 34.05856 -118.39871    7765.11
 34.05856 -118.39536    7832.22
 34.05856 -118.39200    7899.33
 34.05856 -118.38864    7966.44
 34.05856 -118.38529    8000.00
 34.05856 -118.38194    8000.00
 34.05856 -118.37858    8000.00
 34.05856 -118.37522    8000.00
 34.05856 -118.37186    8000.00
 34.05856 -118.36852    8000.00
 34.05856 -118.36516    8000.00
 34.05856 -118.36180    8000.00
 34.05571 -118.57320    9000.00
 34.05571 -118.56984    9000.00
 34.05571 -118.56648    9000.00
 34.05571 -118.56313    9000.00
 34.05571 -118.55978    9000.00
 34.05571 -118.55642    9000.00
 34.05571 -118.55306    9000.00
 34.05571 -118.54971    9000.00
 34.05571 -118.54636    9000.00
 34.05571 -118.54300    9000.00
 34.05571 -118.53964    9000.00
 34.05571 -118.53629    9000.00
 34.05571 -118.53293    9000.00
 34.05571 -118.52957    9058.22
 34.05571 -118.52622    9145.56
 34.05571 -118.52287    9232.89
 34.05571 -118.51951    9262.00
 34.05571 -118.51615    9262.00
 34.05571 -118.51279    9262.00
 34.05571 -118.50945    9174.67
 34.05571 -118.50609    9087.33
 34.05571 -118.50273    9000.00
 34.05571 -118.49937    9000.00
 34.05571 -118.49602    9000.00
 34.05571 -118.49267    8894.67
 34.05571 -118.48931    8789.33
 34.05571 -118.48595    8684.00
 34.05571 -118.48260    8684.00
 34.05571 -118.47924    8684.00
 34.05571 -118.47589    8789.33
 34.05571 -118.47253    8894.67
 34.05571 -118.46918    9000.00
 34.05571 -118.46582    9000.00
 34.05571 -118.46246    9000.00
 34.05571 -118.45911    9000.00
 34.05571 -118.45576    9000.00
 34.05571 -118.45240    8788.00
 34.05571 -118.44904    8576.00
 34.05571 -118.44569    8283.22
 34.05571 -118.44233    8121.67
 34.05571 -118.43898    7879.33
 34.05571 -118.43562    7717.78
 34.05571 -118.43227    7758.00
 34.05571 -118.42891    7879.00
 34.05571 -118.42555    7966.44
 34.05571 -118.42220    7899.33
 34.05571 -118.41885    7827.44
 34.05571 -118.41549    7789.11
 34.05571 -118.41213    7784.33
 34.05571 -118.40878    7784.33
 34.05571 -118.40543    7789.11
 34.05571 -118.40207    7827.44
 34.05571 -118.39871    7865.78
 34.05571 -118.39536    7932.89
 34.05571 -118.39200    7966.44
 34.05571 -118.38864    8000.00
 34.05571 -118.38529    8000.00
 34.05571 -118.38194    8000.00
 34.05571 -118.37858    8000.00
 34.05571 -118.37522    8000.00
 34.05571 -118.37186    8000.00
 34.05571 -118.36852    8000.00
 34.05571 -118.36516    8000.00
 34.05571 -118.36180    8000.00
 34.05286 -118.57320    9000.00
 34.05286 -118.56984    9000.00
 34.05286 -118.56648    9000.00
 34.05286 -118.56313    9000.00
 34.05286 -118.55978    9000.00
 34.05286 -118.55642    9000.00
 34.05286 -118.55306    9000.00
 34.05286 -118.54971    9000.00
 34.05286 -118.54636    9000.00
 34.05286 -118.54300    9000.00
 34.05286 -118.53964    9000.00
 34.05286 -118.53629    9000.00
 34.05286 -118.53293    9000.00
 34.05286 -118.52957    9029.11
 34.05286 -118.52622    9116.44
 34.05286 -118.52287    9203.78
 34.05286 -118.51951    9262.00
 34.05286 -118.51615    9262.00
 34.05286 -118.51279    9262.00
 34.05286 -118.50945    9174.67
 34.05286 -118.50609    9087.33
 34.05286 -118.50273    9000.00
 34.05286 -118.49937    9000.00
 34.05286 -118.49602    9000.00
 34.05286 -118.49267    8929.78
 34.05286 -118.48931    8824.44
 34.05286 -118.48595    8719.11
 34.05286 -118.48260    8684.00
 34.05286 -118.47924    8684.00
 34.05286 -118.47589    8789.33
 34.05286 -118.47253    8894.67
 34.05286 -118.46918    9000.00
 34.05286 -118.46582    9000.00
 34.05286 -118.46246    9000.00
 34.05286 -118.45911    9000.00
 34.05286 -118.45576    9000.00
 34.05286 -118.45240    8858.67
 34.05286 -118.44904    8717.33
 34.05286 -118.44569    8505.33
 34.05286 -118.44233    8353.89
 34.05286 -118.43898    8081.22
 34.05286 -118.43562    7879.22
 34.05286 -118.43227    7838.67
 34.05286 -118.42891    7919.33
 34.05286 -118.42555    8000.00
 34.05286 -118.42220    7966.44
 34.05286 -118.41885    7906.56
 34.05286 -118.41549    7846.67
 34.05286 -118.41213    7820.33
 34.05286 -118.40878    7841.89
 34.05286 -118.40543    7868.22
 34.05286 -118.40207    7928.11
 34.05286 -118.39871    7966.44
 34.05286 -118.39536    8000.00
 34.05286 -118.39200    8000.00
 34.05286 -118.38864    8000.00
 34.05286 -118.38529    8000.00
 34.05286 -118.38194    8000.00
 34.05286 -118.37858    8000.00
 34.05286 -118.37522    8000.00
 34.05286 -118.37186    8000.00
 34.05286 -118.36852    8000.00
 34.05286 -118.36516    8000.00
 34.05286 -118.36180    8000.00
 34.05001 -118.57320    9000.00
 34.05001 -118.56984    9000.00
 34.05001 -118.56648    9000.00
 34.05001 -118.56313    9000.00
 34.05001 -118.55978    9000.00
 34.05001 -118.55642    9000.00
 34.05001 -118.55306    9000.00
 34.05001 -118.54971    9000.00
 34.05001 -118.54636    9000.00
 34.05001 -118.54300    9000.00
 34.05001 -118.53964    9000.00
 34.05001 -118.53629    9000.00
 34.05001 -118.53293    9000.00
 34.05001 -118.52957    9000.00
 34.05001 -118.52622    9058.22
 34.05001 -118.52287    9145.56
 34.05001 -118.51951    9232.89
 34.05001 -118.51615    9262.00
 34.05001 -118.51279    9262.00
 34.05001 -118.50945    9174.67
 34.05001 -118.50609    9087.33
 34.05001 -118.50273    9000.00
 34.05001 -118.49937    9000.00
 34.05001 -118.49602    9000.00
 34.05001 -118.49267    8964.89
 34.05001 -118.48931    8894.67
 34.05001 -118.48595    8824.44
 34.05001 -118.48260    8789.33
 34.05001 -118.47924    8891.89
 34.05001 -118.47589    9064.67
 34.05001 -118.47253    9134.89
 34.05001 -118.46918    9102.56
 34.05001 -118.46582    9000.00
 34.05001 -118.46246    9000.00
 34.05001 -118.45911    9000.00
 34.05001 -118.45576    9000.00
 34.05001 -118.45240    9151.56
 34.05001 -118.44904    9080.89
 34.05001 -118.44569    8939.56
 34.05001 -118.44233    8543.44
 34.05001 -118.43898    8240.44
 34.05001 -118.43562    8119.22
 34.05001 -118.43227    8030.44
 34.05001 -118.42891    8181.89
 34.05001 -118.42555    8111.11
 34.05001 -118.42220    8111.11
 34.05001 -118.41885    7973.67
 34.05001 -118.41549    7810.67
 34.05001 -118.41213    7647.67
 34.05001 -118.40878    7669.22
 34.05001 -118.40543    7832.22
 34.05001 -118.40207    7995.22
 34.05001 -118.39871    8000.00
 34.05001 -118.39536    8000.00
 34.05001 -118.39200    8000.00
 34.05001 -118.38864    8000.00
 34.05001 -118.38529    8000.00
 34.05001 -118.38194    8000.00
 34.05001 -118.37858    8000.00
 34.05001 -118.37522    8000.00
 34.05001 -118.37186    8000.00
 34.05001 -118.36852    8000.00
 34.05001 -118.36516    8000.00
 34.05001 -118.36180    8000.00
 34.04716 -118.57320    9000.00
 34.04716 -118.56984    9000.00
 34.04716 -118.56648    9000.00
 34.04716 -118.56313    9000.00
 34.04716 -118.55978    9000.00
 34.04716 -118.55642    9000.00
 34.04716 -118.55306    9000.00
 34.04716 -118.54971    9000.00
 34.04716 -118.54636    9000.00
 34.04716 -118.54300    9000.00
 34.04716 -118.53964    9000.00
 34.04716 -118.53629    9000.00
 34.04716 -118.53293    9000.00
 34.04716 -118.52957    9000.00
 34.04716 -118.52622    9029.11
 34.04716 -118.52287    9116.44
 34.04716 -118.51951    9203.78
 34.04716 -118.51615    9262.00
 34.04716 -118.51279    9262.00
 34.04716 -118.50945    9174.67
 34.04716 -118.50609    9087.33
 34.04716 -118.50273    9000.00
 34.04716 -118.49937    9000.00
 34.04716 -118.49602    9000.00
 34.04716 -118.49267    9000.00
 34.04716 -118.48931    8964.89
 34.04716 -118.48595    8929.78
 34.04716 -118.48260    8894.67
 34.04716 -118.47924    9099.78
 34.04716 -118.47589    9348.56
 34.04716 -118.47253    9494.78
 34.04716 -118.46918    9324.78
 34.04716 -118.46582    9222.22
 34.04716 -118.46246    9222.22
 34.04716 -118.45911    9333.33
 34.04716 -118.45576    9444.44
 34.04716 -118.45240    9777.78
 34.04716 -118.44904    9888.89
 34.04716 -118.44569    9596.00
 34.04716 -118.44233    9069.56
 34.04716 -118.43898    8717.00
 34.04716 -118.43562    8676.56
 34.04716 -118.43227    8647.44
 34.04716 -118.42891    8666.67
 34.04716 -118.42555    8444.44
 34.04716 -118.42220    8222.22
 34.04716 -118.41885    7978.44
 34.04716 -118.41549    7638.11
 34.04716 -118.41213    7479.89
 34.04716 -118.40878    7501.44
 34.04716 -118.40543    7841.78
 34.04716 -118.40207    8000.00
 34.04716 -118.39871    8000.00
 34.04716 -118.39536    8000.00
 34.04716 -118.39200    8000.00
 34.04716 -118.38864    8000.00
 34.04716 -118.38529    8000.00
 34.04716 -118.38194    8000.00
 34.04716 -118.37858    8000.00
 34.04716 -118.37522    8000.00
 34.04716 -118.37186    8000.00
 34.04716 -118.36852    8000.00
 34.04716 -118.36516    8000.00
 34.04716 -118.36180    8000.00
 34.04432 -118.57320    9000.00
 34.04432 -118.56984    9000.00
 34.04432 -118.56648    9000.00
 34.04432 -118.56313    9000.00
 34.04432 -118.55978    9000.00
 34.04432 -118.55642    9000.00
 34.04432 -118.55306    9000.00
 34.04432 -118.54971    9000.00
 34.04432 -118.54636    9000.00
 34.04432 -118.54300    9000.00
 34.04432 -118.53964    9000.00
 34.04432 -118.53629    9000.00
 34.04432 -118.53293    9000.00
 34.04432 -118.52957    9000.00
 34.04432 -118.52622    9000.00
 34.04432 -118.52287    9058.22
 34.04432 -118.51951    9145.56
 34.04432 -118.51615    9232.89
 34.04432 -118.51279    9262.00
 34.04432 -118.50945    9174.67
 34.04432 -118.50609    9087.33
 34.04432 -118.50273    9000.00
 34.04432 -118.49937    9000.00
 34.04432 -118.49602    9000.00
 34.04432 -118.49267    9000.00
 34.04432 -118.48931    9000.00
 34.04432 -118.48595    9111.11
 34.04432 -118.48260    9213.67
 34.04432 -118.47924    9521.33
 34.04432 -118.47589    9735.00
 34.04432 -118.47253    9854.67
 34.04432 -118.46918    9658.11
 34.04432 -118.46582    9555.56
 34.04432 -118.46246    9555.56
 34.04432 -118.45911    9777.78
 34.04432 -118.45576   10000.00
 34.04432 -118.45240   10444.44
 34.04432 -118.44904   10555.56
 34.04432 -118.44569   10222.22
 34.04432 -118.44233    9737.11
 34.04432 -118.43898    9495.67
 34.04432 -118.43562    9384.56
 34.04432 -118.43227    9314.11
 34.04432 -118.42891    9111.11
 34.04432 -118.42555    8888.89
 34.04432 -118.42220    8666.67
 34.04432 -118.41885    8333.33
 34.04432 -118.41549    8014.56
 34.04432 -118.41213    7766.78
 34.04432 -118.40878    7766.78
 34.04432 -118.40543    7974.44
 34.04432 -118.40207    8000.00
 34.04432 -118.39871    8000.00
 34.04432 -118.39536    8000.00
 34.04432 -118.39200    8000.00
 34.04432 -118.38864    8000.00
 34.04432 -118.38529    8000.00
 34.04432 -118.38194    8000.00
 34.04432 -118.37858    8000.00
 34.04432 -118.37522    8000.00
 34.04432 -118.37186    8000.00
 34.04432 -118.36852    8000.00
 34.04432 -118.36516    8000.00
 34.04432 -118.36180    8000.00
 34.04147 -118.57320    9000.00
 34.04147 -118.56984    9000.00
 34.04147 -118.56648    9000.00
 34.04147 -118.56313    9000.00
 34.04147 -118.55978    9000.00
 34.04147 -118.55642    9000.00
 34.04147 -118.55306    9000.00
 34.04147 -118.54971    9000.00
 34.04147 -118.54636    9000.00
 34.04147 -118.54300    9000.00
 34.04147 -118.53964    9000.00
 34.04147 -118.53629    9000.00
 34.04147 -118.53293    9000.00
 34.04147 -118.52957    9000.00
 34.04147 -118.52622    9000.00
 34.04147 -118.52287    9029.11
 34.04147 -118.51951    9087.33
 34.04147 -118.51615    9145.56
 34.04147 -118.51279    9174.67
 34.04147 -118.50945    9116.44
 34.04147 -118.50609    9058.22
 34.04147 -118.50273    9000.00
 34.04147 -118.49937    9111.11
 34.04147 -118.49602    9222.22
 34.04147 -118.49267    9222.22
 34.04147 -118.48931    9222.22
 34.04147 -118.48595    9333.33
 34.04147 -118.48260    9547.00
 34.04147 -118.47924    9824.22
 34.04147 -118.47589   10007.44
 34.04147 -118.47253   10199.22
 34.04147 -118.46918   10118.22
 34.04147 -118.46582   10157.22
 34.04147 -118.46246   10196.22
 34.04147 -118.45911   10444.44
 34.04147 -118.45576   10666.67
 34.04147 -118.45240   10888.89
 34.04147 -118.44904   11000.00
 34.04147 -118.44569   10687.89
 34.04147 -118.44233   10573.44
 34.04147 -118.43898   10443.11
 34.04147 -118.43562   10310.78
 34.04147 -118.43227   10203.00
 34.04147 -118.42891    9888.89
 34.04147 -118.42555    9666.67
 34.04147 -118.42220    9333.33
 34.04147 -118.41885    8984.44
 34.04147 -118.41549    8691.22
 34.04147 -118.41213    8469.00
 34.04147 -118.40878    8373.44
 34.04147 -118.40543    8444.44
 34.04147 -118.40207    8222.22
 34.04147 -118.39871    8111.11
 34.04147 -118.39536    8000.00
 34.04147 -118.39200    8000.00
 34.04147 -118.38864    8000.00
 34.04147 -118.38529    8000.00
 34.04147 -118.38194    8000.00
 34.04147 -118.37858    8000.00
 34.04147 -118.37522    8000.00
 34.04147 -118.37186    8000.00
 34.04147 -118.36852    8000.00
 34.04147 -118.36516    8000.00
 34.04147 -118.36180    8000.00
 34.03863 -118.57320    9000.00
 34.03863 -118.56984    9000.00
 34.03863 -118.56648    9000.00
 34.03863 -118.56313    9000.00
 34.03863 -118.55978    9000.00
 34.03863 -118.55642    9000.00
 34.03863 -118.55306    9000.00
 34.03863 -118.54971    9000.00
 34.03863 -118.54636    9000.00
 34.03863 -118.54300    9000.00
 34.03863 -118.53964    9000.00
 34.03863 -118.53629    8888.89
 34.03863 -118.53293    8777.78
 34.03863 -118.52957    8777.78
 34.03863 -118.52622    8888.89
 34.03863 -118.52287    9000.00
 34.03863 -118.51951    9012.11
 34.03863 -118.51615    9024.22
 34.03863 -118.51279    9053.33
 34.03863 -118.50945    9041.22
 34.03863 -118.50609    9029.11
 34.03863 -118.50273    9000.00
 34.03863 -118.49937    9222.22
 34.03863 -118.49602    9444.44
 34.03863 -118.49267    9444.44
 34.03863 -118.48931    9444.44
 34.03863 -118.48595    9555.56
 34.03863 -118.48260    9880.33
 34.03863 -118.47924   10127.11
 34.03863 -118.47589   10271.33
 34.03863 -118.47253   10437.11
 34.03863 -118.46918   10471.67
 34.03863 -118.46582   10549.67
 34.03863 -118.46246   10614.67
 34.03863 -118.45911   10777.78
 34.03863 -118.45576   10888.89
 34.03863 -118.45240   11000.00
 34.03863 -118.44904   11021.22
 34.03863 -118.44569   10952.56
 34.03863 -118.44233   11013.67
 34.03863 -118.43898   11036.56
 34.03863 -118.43562   10927.11
 34.03863 -118.43227   10754.89
 34.03863 -118.42891   10488.56
 34.03863 -118.42555   10333.33
 34.03863 -118.42220   10111.11
 34.03863 -118.41885    9762.22
 34.03863 -118.41549    9510.22
 34.03863 -118.41213    9213.56
 34.03863 -118.40878    9006.89
 34.03863 -118.40543    8703.33
 34.03863 -118.40207    8333.33
 34.03863 -118.39871    8111.11
 34.03863 -118.39536    8000.00
 34.03863 -118.39200    8000.00
 34.03863 -118.38864    8000.00
 34.03863 -118.38529    8000.00
 34.03863 -118.38194    8000.00
 34.03863 -118.37858    8000.00
 34.03863 -118.37522    8000.00
 34.03863 -118.37186    8000.00
 34.03863 -118.36852    8000.00
 34.03863 -118.36516    8000.00
 34.03863 -118.36180    8000.00
 34.03578 -118.57320    8666.67
 34.03578 -118.56984    8777.78
 34.03578 -118.56648    8888.89
 34.03578 -118.56313    9000.00
 34.03578 -118.55978    9000.00
 34.03578 -118.55642    9000.00
 34.03578 -118.55306    9000.00
 34.03578 -118.54971    9000.00
 34.03578 -118.54636    9000.00
 34.03578 -118.54300    9000.00
 34.03578 -118.53964    9000.00
 34.03578 -118.53629    8777.78
 34.03578 -118.53293    8555.56
 34.03578 -118.52957    8444.44
 34.03578 -118.52622    8666.67
 34.03578 -118.52287    8888.89
 34.03578 -118.51951    8948.22
 34.03578 -118.51615    8896.44
 34.03578 -118.51279    8896.44
 34.03578 -118.50945    8948.22
 34.03578 -118.50609    9111.11
 34.03578 -118.50273    9222.22
 34.03578 -118.49937    9555.56
 34.03578 -118.49602    9777.78
 34.03578 -118.49267    9777.78
 34.03578 -118.48931    9777.78
 34.03578 -118.48595    9777.78
 34.03578 -118.48260   10000.00
 34.03578 -118.47924   10216.33
 34.03578 -118.47589   10445.67
 34.03578 -118.47253   10688.00
 34.03578 -118.46918   10724.44
 34.03578 -118.46582   10828.44
 34.03578 -118.46246   10919.44
 34.03578 -118.45911   11000.00
 34.03578 -118.45576   11000.00
 34.03578 -118.45240   11000.00
 34.03578 -118.44904   11042.44
 34.03578 -118.44569   11106.11
 34.03578 -118.44233   11240.67
 34.03578 -118.43898   11286.44
 34.03578 -118.43562   11292.89
 34.03578 -118.43227   11158.33
 34.03578 -118.42891   11070.11
 34.03578 -118.42555   10888.89
 34.03578 -118.42220   10555.56
 34.03578 -118.41885   10206.67
 34.03578 -118.41549    9813.78
 34.03578 -118.41213    9553.78
 34.03578 -118.40878    9272.67
 34.03578 -118.40543    8887.78
 34.03578 -118.40207    8481.11
 34.03578 -118.39871    8111.11
 34.03578 -118.39536    8000.00
 34.03578 -118.39200    8000.00
 34.03578 -118.38864    8000.00
 34.03578 -118.38529    8000.00
 34.03578 -118.38194    8000.00
 34.03578 -118.37858    8000.00
 34.03578 -118.37522    8000.00
 34.03578 -118.37186    8000.00
 34.03578 -118.36852    8000.00
 34.03578 -118.36516    8000.00
 34.03578 -118.36180    8000.00
 34.03293 -118.57320    8333.33
 34.03293 -118.56984    8444.44
 34.03293 -118.56648    8555.56
 34.03293 -118.56313    8777.78
 34.03293 -118.55978    8888.89
 34.03293 -118.55642    8888.89
 34.03293 -118.55306    8777.78
 34.03293 -118.54971    8666.67
 34.03293 -118.54636    8666.67
 34.03293 -118.54300    8666.67
 34.03293 -118.53964    8666.67
 34.03293 -118.53629    8444.44
 34.03293 -118.53293    8222.22
 34.03293 -118.52957    8111.11
 34.03293 -118.52622    8444.44
 34.03293 -118.52287    8777.78
 34.03293 -118.51951    8913.44
 34.03293 -118.51615    8826.89
 34.03293 -118.51279    8915.11
 34.03293 -118.50945    9089.89
 34.03293 -118.50609    9398.67
 34.03293 -118.50273    9532.67
 34.03293 -118.49937    9777.78
 34.03293 -118.49602    9888.89
 34.03293 -118.49267    9888.89
 34.03293 -118.48931    9888.89
 34.03293 -118.48595    9888.89
 34.03293 -118.48260   10000.00
 34.03293 -118.47924   10144.22
 34.03293 -118.47589   10386.56
 34.03293 -118.47253   10641.89
 34.03293 -118.46918   10747.89
 34.03293 -118.46582   10783.33
 34.03293 -118.46246   10861.33
 34.03293 -118.45911   10944.44
 34.03293 -118.45576   11000.00
 34.03293 -118.45240   11000.00
 34.03293 -118.44904   11042.44
 34.03293 -118.44569   11084.89
 34.03293 -118.44233   11174.22
 34.03293 -118.43898   11264.11
 34.03293 -118.43562   11317.78
 34.03293 -118.43227   11228.44
 34.03293 -118.42891   11096.11
 34.03293 -118.42555   11000.00
 34.03293 -118.42220   10666.67
 34.03293 -118.41885   10333.33
 34.03293 -118.41549    9823.89
 34.03293 -118.41213    9558.44
 34.03293 -118.40878    9209.22
 34.03293 -118.40543    8718.67
 34.03293 -118.40207    8317.44
 34.03293 -118.39871    8000.00
 34.03293 -118.39536    8000.00
 34.03293 -118.39200    8000.00
 34.03293 -118.38864    8000.00
 34.03293 -118.38529    8000.00
 34.03293 -118.38194    8000.00
 34.03293 -118.37858    8000.00
 34.03293 -118.37522    8000.00
 34.03293 -118.37186    8000.00
 34.03293 -118.36852    8000.00
 34.03293 -118.36516    8000.00
 34.03293 -118.36180    8000.00
 34.03009 -118.57320    8000.00
 34.03009 -118.56984    8111.11
 34.03009 -118.56648    8222.22
 34.03009 -118.56313    8444.44
 34.03009 -118.55978    8555.56
 34.03009 -118.55642    8555.56
 34.03009 -118.55306    8444.44
 34.03009 -118.54971    8333.33
 34.03009 -118.54636    8333.33
 34.03009 -118.54300    8333.33
 34.03009 -118.53964    8333.33
 34.03009 -118.53629    8222.22
 34.03009 -118.53293    8111.11
 34.03009 -118.52957    8000.00
 34.03009 -118.52622    8333.33
 34.03009 -118.52287    8666.67
 34.03009 -118.51951    8930.44
 34.03009 -118.51615    8949.11
 34.03009 -118.51279    9125.56
 34.03009 -118.50945    9327.33
 34.03009 -118.50609    9530.89
 34.03009 -118.50273    9687.78
 34.03009 -118.49937    9888.89
 34.03009 -118.49602   10000.00
 34.03009 -118.49267   10000.00
 34.03009 -118.48931    9888.89
 34.03009 -118.48595    9888.89
 34.03009 -118.48260    9888.89
 34.03009 -118.47924   10072.11
 34.03009 -118.47589   10242.33
 34.03009 -118.47253   10495.11
 34.03009 -118.46918   10670.67
 34.03009 -118.46582   10722.67
 34.03009 -118.46246   10803.22
 34.03009 -118.45911   10888.89
 34.03009 -118.45576   10888.89
 34.03009 -118.45240   10888.89
 34.03009 -118.44904   10910.11
 34.03009 -118.44569   11042.44
 34.03009 -118.44233   11086.56
 34.03009 -118.43898   11153.56
 34.03009 -118.43562   11193.56
 34.03009 -118.43227   11130.89
 34.03009 -118.42891   11024.11
 34.03009 -118.42555   10851.78
 34.03009 -118.42220   10537.00
 34.03009 -118.41885   10222.22
 34.03009 -118.41549    9742.56
 34.03009 -118.41213    9440.44
 34.03009 -118.40878    9038.67
 34.03009 -118.40543    8597.67
 34.03009 -118.40207    8201.33
 34.03009 -118.39871    7936.44
 34.03009 -118.39536    7968.22
 34.03009 -118.39200    8000.00
 34.03009 -118.38864    8000.00
 34.03009 -118.38529    8000.00
 34.03009 -118.38194    8000.00
 34.03009 -118.37858    8000.00
 34.03009 -118.37522    8000.00
 34.03009 -118.37186    8000.00
 34.03009 -118.36852    8000.00
 34.03009 -118.36516    8000.00
 34.03009 -118.36180    8000.00
 34.02724 -118.57320    8000.00
 34.02724 -118.56984    8000.00
 34.02724 -118.56648    8000.00
 34.02724 -118.56313    8111.11
 34.02724 -118.55978    8222.22
 34.02724 -118.55642    8222.22
 34.02724 -118.55306    8111.11
 34.02724 -118.54971    8000.00
 34.02724 -118.54636    8000.00
 34.02724 -118.54300    8000.00
 34.02724 -118.53964    8000.00
 34.02724 -118.53629    8000.00
 34.02724 -118.53293    8000.00
 34.02724 -118.52957    8111.11
 34.02724 -118.52622    8444.44
 34.02724 -118.52287    8777.78
 34.02724 -118.51951    8965.22
 34.02724 -118.51615    9018.67
 34.02724 -118.51279    9239.11
 34.02724 -118.50945    9450.11
 34.02724 -118.50609    9507.78
 34.02724 -118.50273    9620.67
 34.02724 -118.49937    9777.78
 34.02724 -118.49602   10000.00
 34.02724 -118.49267    9888.89
 34.02724 -118.48931    9666.67
 34.02724 -118.48595    9666.67
 34.02724 -118.48260    9777.78
 34.02724 -118.47924   10000.00
 34.02724 -118.47589   10085.11
 34.02724 -118.47253   10335.33
 34.02724 -118.46918   10500.44
 34.02724 -118.46582   10526.44
 34.02724 -118.46246   10495.56
 34.02724 -118.45911   10552.67
 34.02724 -118.45576   10552.67
 34.02724 -118.45240   10666.67
 34.02724 -118.44904   10777.78
 34.02724 -118.44569   11000.00
 34.02724 -118.44233   11000.00
 34.02724 -118.43898   11044.11
 34.02724 -118.43562   11088.56
 34.02724 -118.43227   11010.56
 34.02724 -118.42891   10852.33
 34.02724 -118.42555   10585.67
 34.02724 -118.42220   10330.33
 34.02724 -118.41885   10111.11
 34.02724 -118.41549    9661.22
 34.02724 -118.41213    9322.44
 34.02724 -118.40878    8780.33
 34.02724 -118.40543    8388.89
 34.02724 -118.40207    7997.44
 34.02724 -118.39871    7837.11
 34.02724 -118.39536    7864.89
 34.02724 -118.39200    7928.44
 34.02724 -118.38864    7964.22
 34.02724 -118.38529    8000.00
 34.02724 -118.38194    8000.00
 34.02724 -118.37858    8000.00
 34.02724 -118.37522    8000.00
 34.02724 -118.37186    8000.00
 34.02724 -118.36852    8000.00
 34.02724 -118.36516    8000.00
 34.02724 -118.36180    8000.00
 34.02439 -118.57320    7666.67
 34.02439 -118.56984    7666.67
 34.02439 -118.56648    7666.67
 34.02439 -118.56313    7777.78
 34.02439 -118.55978    7888.89
 34.02439 -118.55642    8000.00
 34.02439 -118.55306    8000.00
 34.02439 -118.54971    8000.00
 34.02439 -118.54636    8000.00
 34.02439 -118.54300    8000.00
 34.02439 -118.53964    8000.00
 34.02439 -118.53629    8000.00
 34.02439 -118.53293    8000.00
 34.02439 -118.52957    8222.22
 34.02439 -118.52622    8555.56
 34.02439 -118.52287    8777.78
 34.02439 -118.51951    8888.89
 34.02439 -118.51615    8977.11
 34.02439 -118.51279    9264.44
 34.02439 -118.50945    9396.44
 34.02439 -118.50609    9281.67
 34.02439 -118.50273    9301.11
 34.02439 -118.49937    9502.44
 34.02439 -118.49602    9862.33
 34.02439 -118.49267    9777.78
 34.02439 -118.48931    9444.44
 34.02439 -118.48595    9333.33
 34.02439 -118.48260    9555.56
 34.02439 -118.47924    9888.89
 34.02439 -118.47589   10000.00
 34.02439 -118.47253   10054.00
 34.02439 -118.46918   10025.44
 34.02439 -118.46582   10081.00
 34.02439 -118.46246   10132.33
 34.02439 -118.45911   10206.67
 34.02439 -118.45576   10151.11
 34.02439 -118.45240   10268.00
 34.02439 -118.44904   10444.44
 34.02439 -118.44569   10666.67
 34.02439 -118.44233   10666.67
 34.02439 -118.43898   10777.78
 34.02439 -118.43562   10847.89
 34.02439 -118.43227   10821.56
 34.02439 -118.42891   10611.89
 34.02439 -118.42555   10284.56
 34.02439 -118.42220   10088.67
 34.02439 -118.41885    9965.00
 34.02439 -118.41549    9666.67
 34.02439 -118.41213    9229.67
 34.02439 -118.40878    8636.44
 34.02439 -118.40543    8239.56
 34.02439 -118.40207    7910.56
 34.02439 -118.39871    7765.56
 34.02439 -118.39536    7751.56
 34.02439 -118.39200    7850.89
 34.02439 -118.38864    7922.44
 34.02439 -118.38529    8000.00
 34.02439 -118.38194    8000.00
 34.02439 -118.37858    8000.00
 34.02439 -118.37522    8000.00
 34.02439 -118.37186    8000.00
 34.02439 -118.36852    8000.00
 34.02439 -118.36516    8000.00
 34.02439 -118.36180    8000.00
 34.02155 -118.57320    7333.33
 34.02155 -118.56984    7333.33
 34.02155 -118.56648    7333.33
 34.02155 -118.56313    7444.44
 34.02155 -118.55978    7555.56
 34.02155 -118.55642    7666.67
 34.02155 -118.55306    7666.67
 34.02155 -118.54971    7666.67
 34.02155 -118.54636    7666.67
 34.02155 -118.54300    7666.67
 34.02155 -118.53964    7666.67
 34.02155 -118.53629    7777.78
 34.02155 -118.53293    7888.89
 34.02155 -118.52957    8333.33
 34.02155 -118.52622    8666.67
 34.02155 -118.52287    8777.78
 34.02155 -118.51951    8777.78
 34.02155 -118.51615    8777.78
 34.02155 -118.51279    8976.89
 34.02155 -118.50945    8953.78
 34.02155 -118.50609    8790.78
 34.02155 -118.50273    8762.00
 34.02155 -118.49937    8896.22
 34.02155 -118.49602    9170.33
 34.02155 -118.49267    9222.22
 34.02155 -118.48931    9111.11
 34.02155 -118.48595    9111.11
 34.02155 -118.48260    9333.33
 34.02155 -118.47924    9555.56
 34.02155 -118.47589    9666.67
 34.02155 -118.47253    9638.11
 34.02155 -118.46918    9527.00
 34.02155 -118.46582    9415.89
 34.02155 -118.46246    9546.89
 34.02155 -118.45911    9638.44
 34.02155 -118.45576    9686.56
 34.02155 -118.45240    9695.22
 34.02155 -118.44904    9937.00
 34.02155 -118.44569   10222.22
 34.02155 -118.44233   10333.33
 34.02155 -118.43898   10333.33
 34.02155 -118.43562   10283.11
 34.02155 -118.43227   10275.33
 34.02155 -118.42891   10195.33
 34.02155 -118.42555   10064.44
 34.02155 -118.42220    9875.56
 34.02155 -118.41885    9733.33
 34.02155 -118.41549    9470.00
 34.02155 -118.41213    9118.56
 34.02155 -118.40878    8577.89
 34.02155 -118.40543    8212.78
 34.02155 -118.40207    7879.78
 34.02155 -118.39871    7751.56
 34.02155 -118.39536    7664.00
 34.02155 -118.39200    7725.56
 34.02155 -118.38864    7838.89
 34.02155 -118.38529    7958.22
 34.02155 -118.38194    8000.00
 34.02155 -118.37858    8000.00
 34.02155 -118.37522    8000.00
 34.02155 -118.37186    8000.00
 34.02155 -118.36852    8000.00
 34.02155 -118.36516    8000.00
 34.02155 -118.36180    8000.00
 34.01870 -118.57320    7000.00
 34.01870 -118.56984    7000.00
 34.01870 -118.56648    7000.00
 34.01870 -118.56313    7111.11
 34.01870 -118.55978    7222.22
 34.01870 -118.55642    7333.33
 34.01870 -118.55306    7333.33
 34.01870 -118.54971    7333.33
 34.01870 -118.54636    7333.33
 34.01870 -118.54300    7333.33
 34.01870 -118.53964    7333.33
 34.01870 -118.53629    7444.44
 34.01870 -118.53293    7666.67
 34.01870 -118.52957    8000.00
 34.01870 -118.52622    8222.22
 34.01870 -118.52287    8222.22
 34.01870 -118.51951    8333.33
 34.01870 -118.51615    8555.56
 34.01870 -118.51279    8710.67
 34.01870 -118.50945    8643.56
 34.01870 -118.50609    8344.11
 34.01870 -118.50273    8146.67
 34.01870 -118.49937    8213.78
 34.01870 -118.49602    8402.11
 34.01870 -118.49267    8666.67
 34.01870 -118.48931    8777.78
 34.01870 -118.48595    8777.78
 34.01870 -118.48260    8888.89
 34.01870 -118.47924    8888.89
 34.01870 -118.47589    9000.00
 34.01870 -118.47253    9000.00
 34.01870 -118.46918    9000.00
 34.01870 -118.46582    8888.89
 34.01870 -118.46246    8994.22
 34.01870 -118.45911    9131.56
 34.01870 -118.45576    9227.78
 34.01870 -118.45240    9233.56
 34.01870 -118.44904    9318.44
 34.01870 -118.44569    9666.67
 34.01870 -118.44233    9777.78
 34.01870 -118.43898    9777.78
 34.01870 -118.43562    9607.22
 34.01870 -118.43227    9770.00
 34.01870 -118.42891    9896.67
 34.01870 -118.42555    9962.22
 34.01870 -118.42220    9739.44
 34.01870 -118.41885    9527.22
 34.01870 -118.41549    9298.89
 34.01870 -118.41213    9033.00
 34.01870 -118.40878    8570.44
 34.01870 -118.40543    8201.33
 34.01870 -118.40207    7864.33
 34.01870 -118.39871    7737.56
 34.01870 -118.39536    7648.00
 34.01870 -118.39200    7670.89
 34.01870 -118.38864    7747.56
 34.01870 -118.38529    7872.89
 34.01870 -118.38194    7957.33
 34.01870 -118.37858    8000.00
 34.01870 -118.37522    8000.00
 34.01870 -118.37186    8000.00
 34.01870 -118.36852    8000.00
 34.01870 -118.36516    8000.00
 34.01870 -118.36180    8000.00
 34.01585 -118.57320    6666.67
 34.01585 -118.56984    6666.67
 34.01585 -118.56648    6666.67
 34.01585 -118.56313    6777.78
 34.01585 -118.55978    6888.89
 34.01585 -118.55642    7000.00
 34.01585 -118.55306    7000.00
 34.01585 -118.54971    7000.00
 34.01585 -118.54636    7000.00
 34.01585 -118.54300    7000.00
 34.01585 -118.53964    7000.00
 34.01585 -118.53629    7111.11
 34.01585 -118.53293    7333.33
 34.01585 -118.52957    7555.56
 34.01585 -118.52622    7666.67
 34.01585 -118.52287    7666.67
 34.01585 -118.51951    7888.89
 34.01585 -118.51615    8111.11
 34.01585 -118.51279    8111.11
 34.01585 -118.50945    7888.89
 34.01585 -118.50609    7701.78
 34.01585 -118.50273    7584.44
 34.01585 -118.49937    7594.00
 34.01585 -118.49602    7558.89
 34.01585 -118.49267    7787.33
 34.01585 -118.48931    8000.00
 34.01585 -118.48595    8222.22
 34.01585 -118.48260    8333.33
 34.01585 -118.47924    8333.33
 34.01585 -118.47589    8222.22
 34.01585 -118.47253    8222.22
 34.01585 -118.46918    8333.33
 34.01585 -118.46582    8333.33
 34.01585 -118.46246    8441.56
 34.01585 -118.45911    8581.22
 34.01585 -118.45576    8725.56
 34.01585 -118.45240    8728.44
 34.01585 -118.44904    8699.89
 34.01585 -118.44569    9000.00
 34.01585 -118.44233    9111.11
 34.01585 -118.43898    9111.11
 34.01585 -118.43562    9000.00
 34.01585 -118.43227    9222.22
 34.01585 -118.42891    9444.44
 34.01585 -118.42555    9596.67
 34.01585 -118.42220    9425.56
 34.01585 -118.41885    9228.89
 34.01585 -118.41549    9076.67
 34.01585 -118.41213    8914.44
 34.01585 -118.40878    8555.56
 34.01585 -118.40543    8150.67
 34.01585 -118.40207    7811.89
 34.01585 -118.39871    7683.33
 34.01585 -118.39536    7628.67
 34.01585 -118.39200    7618.11
 34.01585 -118.38864    7656.11
 34.01585 -118.38529    7734.44
 34.01585 -118.38194    7861.56
 34.01585 -118.37858    7952.11
 34.01585 -118.37522    8000.00
 34.01585 -118.37186    8000.00
 34.01585 -118.36852    8000.00
 34.01585 -118.36516    8000.00
 34.01585 -118.36180    8000.00
 34.01300 -118.57320    6333.33
 34.01300 -118.56984    6333.33
 34.01300 -118.56648    6333.33
 34.01300 -118.56313    6444.44
 34.01300 -118.55978    6555.56
 34.01300 -118.55642    6666.67
 34.01300 -118.55306    6666.67
 34.01300 -118.54971    6666.67
 34.01300 -118.54636    6666.67
 34.01300 -118.54300    6666.67
 34.01300 -118.53964    6666.67
 34.01300 -118.53629    6666.67
 34.01300 -118.53293    6666.67
 34.01300 -118.52957    6777.78
 34.01300 -118.52622    6888.89
 34.01300 -118.52287    7000.00
 34.01300 -118.51951    7111.11
 34.01300 -118.51615    7222.22
 34.01300 -118.51279    7222.22
 34.01300 -118.50945    7111.11
 34.01300 -118.50609    7060.44
 34.01300 -118.50273    7089.11
 34.01300 -118.49937    7146.78
 34.01300 -118.49602    7197.44
 34.01300 -118.49267    7279.89
 34.01300 -118.48931    7333.33
 34.01300 -118.48595    7333.33
 34.01300 -118.48260    7555.56
 34.01300 -118.47924    7666.67
 34.01300 -118.47589    7666.67
 34.01300 -118.47253    7555.56
 34.01300 -118.46918    7777.78
 34.01300 -118.46582    7888.89
 34.01300 -118.46246    7888.89
 34.01300 -118.45911    7871.67
 34.01300 -118.45576    8046.33
 34.01300 -118.45240    8235.89
 34.01300 -118.44904    8160.78
 34.01300 -118.44569    8319.44
 34.01300 -118.44233    8352.11
 34.01300 -118.43898    8555.56
 34.01300 -118.43562    8666.67
 34.01300 -118.43227    9000.00
 34.01300 -118.42891    9222.22
 34.01300 -118.42555    9289.00
 34.01300 -118.42220    9194.11
 34.01300 -118.41885    9084.78
 34.01300 -118.41549    8994.22
 34.01300 -118.41213    8755.78
 34.01300 -118.40878    8420.67
 34.01300 -118.40543    8039.56
 34.01300 -118.40207    7802.67
 34.01300 -118.39871    7670.89
 34.01300 -118.39536    7615.33
 34.01300 -118.39200    7607.89
 34.01300 -118.38864    7601.22
 34.01300 -118.38529    7632.56
 34.01300 -118.38194    7717.89
 34.01300 -118.37858    7856.33
 34.01300 -118.37522    7952.11
 34.01300 -118.37186    8000.00
 34.01300 -118.36852    8000.00
 34.01300 -118.36516    8000.00
 34.01300 -118.36180    8000.00
 34.01015 -118.57320    6000.00
 34.01015 -118.56984    6000.00
 34.01015 -118.56648    6000.00
 34.01015 -118.56313    6000.00
 34.01015 -118.55978    6111.11
 34.01015 -118.55642    6222.22
 34.01015 -118.55306    6333.33
 34.01015 -118.54971    6222.22
 34.01015 -118.54636    6111.11
 34.01015 -118.54300    6111.11
 34.01015 -118.53964    6222.22
 34.01015 -118.53629    6333.33
 34.01015 -118.53293    6111.11
 34.01015 -118.52957    6111.11
 34.01015 -118.52622    6222.22
 34.01015 -118.52287    6444.44
 34.01015 -118.51951    6555.56
 34.01015 -118.51615    6333.33
 34.01015 -118.51279    6333.33
 34.01015 -118.50945    6222.22
 34.01015 -118.50609    6419.11
 34.01015 -118.50273    6597.44
 34.01015 -118.49937    6703.22
 34.01015 -118.49602    6728.56
 34.01015 -118.49267    6661.33
 34.01015 -118.48931    6555.56
 34.01015 -118.48595    6555.56
 34.01015 -118.48260    6777.78
 34.01015 -118.47924    7111.11
 34.01015 -118.47589    7222.22
 34.01015 -118.47253    7111.11
 34.01015 -118.46918    7222.22
 34.01015 -118.46582    7333.33
 34.01015 -118.46246    7444.44
 34.01015 -118.45911    7381.44
 34.01015 -118.45576    7508.00
 34.01015 -118.45240    7664.89
 34.01015 -118.44904    7654.33
 34.01015 -118.44569    7657.67
 34.01015 -118.44233    7723.00
 34.01015 -118.43898    8018.78
 34.01015 -118.43562    8333.33
 34.01015 -118.43227    8666.67
 34.01015 -118.42891    8888.89
 34.01015 -118.42555    8981.33
 34.01015 -118.42220    8962.67
 34.01015 -118.41885    8915.11
 34.01015 -118.41549    8886.22
 34.01015 -118.41213    8571.56
 34.01015 -118.40878    8285.78
 34.01015 -118.40543    7964.22
 34.01015 -118.40207    7829.22
 34.01015 -118.39871    7696.56
 34.01015 -118.39536    7604.33
 34.01015 -118.39200    7600.89
 34.01015 -118.38864    7589.89
 34.01015 -118.38529    7572.56
 34.01015 -118.38194    7613.56
 34.01015 -118.37858    7707.67
 34.01015 -118.37522    7803.44
 34.01015 -118.37186    7900.89
 34.01015 -118.36852    7950.44
 34.01015 -118.36516    8000.00
 34.01015 -118.36180    8000.00
 34.00731 -118.57320    5666.67
 34.00731 -118.56984    5666.67
 34.00731 -118.56648    5666.67
 34.00731 -118.56313    5555.56
 34.00731 -118.55978    5555.56
 34.00731 -118.55642    5555.56
 34.00731 -118.55306    5777.78
 34.00731 -118.54971    5666.67
 34.00731 -118.54636    5555.56
 34.00731 -118.54300    5444.44
 34.00731 -118.53964    5666.67
 34.00731 -118.53629    5777.78
 34.00731 -118.53293    5555.56
 34.00731 -118.52957    5444.44
 34.00731 -118.52622    5666.67
 34.00731 -118.52287    6000.00
 34.00731 -118.51951    6000.00
 34.00731 -118.51615    5666.67
 34.00731 -118.51279    5666.67
 34.00731 -118.50945    5777.78
 34.00731 -118.50609    6000.00
 34.00731 -118.50273    6149.00
 34.00731 -118.49937    6225.44
 34.00731 -118.49602    6336.56
 34.00731 -118.49267    6298.67
 34.00731 -118.48931    6111.11
 34.00731 -118.48595    6000.00
 34.00731 -118.48260    6111.11
 34.00731 -118.47924    6555.56
 34.00731 -118.47589    6888.89
 34.00731 -118.47253    7000.00
 34.00731 -118.46918    7111.11
 34.00731 -118.46582    7111.11
 34.00731 -118.46246    7111.11
 34.00731 -118.45911    7000.00
 34.00731 -118.45576    7078.44
 34.00731 -118.45240    7235.33
 34.00731 -118.44904    7291.67
 34.00731 -118.44569    7336.22
 34.00731 -118.44233    7401.56
 34.00731 -118.43898    7567.44
 34.00731 -118.43562    7888.89
 34.00731 -118.43227    8222.22
 34.00731 -118.42891    8555.56
 34.00731 -118.42555    8749.78
 34.00731 -118.42220    8818.44
 34.00731 -118.41885    8858.22
 34.00731 -118.41549    8814.89
 34.00731 -118.41213    8614.89
 34.00731 -118.40878    8352.89
 34.00731 -118.40543    8090.89
 34.00731 -118.40207    7910.00
 34.00731 -118.39871    7779.67
 34.00731 -118.39536    7644.78
 34.00731 -118.39200    7589.44
 34.00731 -118.38864    7574.44
 34.00731 -118.38529    7562.33
 34.00731 -118.38194    7560.67
 34.00731 -118.37858    7606.89
 34.00731 -118.37522    7654.78
 34.00731 -118.37186    7752.22
 34.00731 -118.36852    7851.33
 34.00731 -118.36516    7950.44
 34.00731 -118.36180    8000.00
 34.00446 -118.57320    5333.33
 34.00446 -118.56984    5333.33
 34.00446 -118.56648    5333.33
 34.00446 -118.56313    5222.22
 34.00446 -118.55978    5222.22
 34.00446 -118.55642    5222.22
 34.00446 -118.55306    5444.44
 34.00446 -118.54971    5333.33
 34.00446 -118.54636    5222.22
 34.00446 -118.54300    5111.11
 34.00446 -118.53964    5333.33
 34.00446 -118.53629    5444.44
 34.00446 -118.53293    5333.33
 34.00446 -118.52957    5111.11
 34.00446 -118.52622    5333.33
 34.00446 -118.52287    5555.56
 34.00446 -118.51951    5666.67
 34.00446 -118.51615    5333.33
 34.00446 -118.51279    5333.33
 34.00446 -118.50945    5444.44
 34.00446 -118.50609    5666.67
 34.00446 -118.50273    5786.33
 34.00446 -118.49937    5906.00
 34.00446 -118.49602    5906.00
 34.00446 -118.49267    5778.00
 34.00446 -118.48931    5547.22
 34.00446 -118.48595    5658.33
 34.00446 -118.48260    5777.78
 34.00446 -118.47924    6222.22
 34.00446 -118.47589    6444.44
 34.00446 -118.47253    6666.67
 34.00446 -118.46918    6666.67
 34.00446 -118.46582    6777.78
 34.00446 -118.46246    6888.89
 34.00446 -118.45911    7000.00
 34.00446 -118.45576    7000.00
 34.00446 -118.45240    7078.44
 34.00446 -118.44904    7109.11
 34.00446 -118.44569    7114.11
 34.00446 -118.44233    7129.22
 34.00446 -118.43898    7209.67
 34.00446 -118.43562    7538.00
 34.00446 -118.43227    7888.89
 34.00446 -118.42891    8222.22
 34.00446 -118.42555    8425.78
 34.00446 -118.42220    8591.11
 34.00446 -118.41885    8742.89
 34.00446 -118.41549    8802.22
 34.00446 -118.41213    8707.56
 34.00446 -118.40878    8444.67
 34.00446 -118.40543    8181.78
 34.00446 -118.40207    7955.00
 34.00446 -118.39871    7820.11
 34.00446 -118.39536    7678.33
 34.00446 -118.39200    7576.33
 34.00446 -118.38864    7564.22
 34.00446 -118.38529    7557.33
 34.00446 -118.38194    7555.67
 34.00446 -118.37858    7554.00
 34.00446 -118.37522    7554.00
 34.00446 -118.37186    7603.56
 34.00446 -118.36852    7702.67
 34.00446 -118.36516    7801.78
 34.00446 -118.36180    7851.33
 34.00161 -118.57320    5000.00
 34.00161 -118.56984    5000.00
 34.00161 -118.56648    5000.00
 34.00161 -118.56313    5000.00
 34.00161 -118.55978    5000.00
 34.00161 -118.55642    5000.00
 34.00161 -118.55306    5111.11
 34.00161 -118.54971    5111.11
 34.00161 -118.54636    5111.11
 34.00161 -118.54300    5000.00
 34.00161 -118.53964    5111.11
 34.00161 -118.53629    5111.11
 34.00161 -118.53293    5111.11
 34.00161 -118.52957    5000.00
 34.00161 -118.52622    5222.22
 34.00161 -118.52287    5333.33
 34.00161 -118.51951    5333.33
 34.00161 -118.51615    5111.11
 34.00161 -118.51279    5111.11
 34.00161 -118.50945    5222.22
 34.00161 -118.50609    5333.33
 34.00161 -118.50273    5496.22
 34.00161 -118.49937    5567.78
 34.00161 -118.49602    5567.78
 34.00161 -118.49267    5388.22
 34.00161 -118.48931    5205.56
 34.00161 -118.48595    5316.67
 34.00161 -118.48260    5444.44
 34.00161 -118.47924    5888.89
 34.00161 -118.47589    6111.11
 34.00161 -118.47253    6333.33
 34.00161 -118.46918    6333.33
 34.00161 -118.46582    6444.44
 34.00161 -118.46246    6555.56
 34.00161 -118.45911    6777.78
 34.00161 -118.45576    6888.89
 34.00161 -118.45240    7000.00
 34.00161 -118.44904    7005.00
 34.00161 -118.44569    6984.33
 34.00161 -118.44233    6949.22
 34.00161 -118.43898    6944.22
 34.00161 -118.43562    7298.22
 34.00161 -118.43227    7666.67
 34.00161 -118.42891    8000.00
 34.00161 -118.42555    8101.78
 34.00161 -118.42220    8276.44
 34.00161 -118.41885    8540.22
 34.00161 -118.41549    8702.22
 34.00161 -118.41213    8805.11
 34.00161 -118.40878    8541.33
 34.00161 -118.40543    8277.56
 34.00161 -118.40207    8000.00
 34.00161 -118.39871    7858.22
 34.00161 -118.39536    7709.56
 34.00161 -118.39200    7562.00
 34.00161 -118.38864    7556.22
 34.00161 -118.38529    7557.33
 34.00161 -118.38194    7557.33
 34.00161 -118.37858    7557.33
 34.00161 -118.37522    7557.33
 34.00161 -118.37186    7557.33
 34.00161 -118.36852    7606.89
 34.00161 -118.36516    7656.44
 34.00161 -118.36180    7706.00
 33.99877 -118.57320    5000.00
 33.99877 -118.56984    5000.00
 33.99877 -118.56648    5000.00
 33.99877 -118.56313    5000.00
 33.99877 -118.55978    5000.00
 33.99877 -118.55642    5000.00
 33.99877 -118.55306    5000.00
 33.99877 -118.54971    5000.00
 33.99877 -118.54636    5000.00
 33.99877 -118.54300    5000.00
 33.99877 -118.53964    5000.00
 33.99877 -118.53629    5000.00
 33.99877 -118.53293    5000.00
 33.99877 -118.52957    5000.00
 33.99877 -118.52622    5111.11
 33.99877 -118.52287    5111.11
 33.99877 -118.51951    5111.11
 33.99877 -118.51615    5000.00
 33.99877 -118.51279    5000.00
 33.99877 -118.50945    5000.00
 33.99877 -118.50609    5000.00
 33.99877 -118.50273    5182.67
 33.99877 -118.49937    5274.00
 33.99877 -118.49602    5265.67
 33.99877 -118.49267    5058.00
 33.99877 -118.48931    4946.22
 33.99877 -118.48595    5065.67
 33.99877 -118.48260    5201.78
 33.99877 -118.47924    5444.44
 33.99877 -118.47589    5666.67
 33.99877 -118.47253    5888.89
 33.99877 -118.46918    6000.00
 33.99877 -118.46582    6111.11
 33.99877 -118.46246    6222.22
 33.99877 -118.45911    6444.44
 33.99877 -118.45576    6666.67
 33.99877 -118.45240    6882.00
 33.99877 -118.44904    6972.44
 33.99877 -118.44569    6941.11
 33.99877 -118.44233    6895.33
 33.99877 -118.43898    6916.00
 33.99877 -118.43562    7169.56
 33.99877 -118.43227    7555.56
 33.99877 -118.42891    7888.89
 33.99877 -118.42555    8000.00
 33.99877 -118.42220    8087.33
 33.99877 -118.41885    8263.78
 33.99877 -118.41549    8536.00
 33.99877 -118.41213    8731.11
 33.99877 -118.40878    8650.44
 33.99877 -118.40543    8378.22
 33.99877 -118.40207    8095.78
 33.99877 -118.39871    7900.89
 33.99877 -118.39536    7753.33
 33.99877 -118.39200    7606.89
 33.99877 -118.38864    7559.56
 33.99877 -118.38529    7560.67
 33.99877 -118.38194    7560.67
 33.99877 -118.37858    7560.67
 33.99877 -118.37522    7560.67
 33.99877 -118.37186    7560.67
 33.99877 -118.36852    7560.67
 33.99877 -118.36516    7560.67
 33.99877 -118.36180    7560.67
 33.99592 -118.57320    4666.67
 33.99592 -118.56984    4666.67
 33.99592 -118.56648    4666.67
 33.99592 -118.56313    4666.67
 33.99592 -118.55978    4666.67
 33.99592 -118.55642    4666.67
 33.99592 -118.55306    4666.67
 33.99592 -118.54971    4666.67
 33.99592 -118.54636    4666.67
 33.99592 -118.54300    4666.67
 33.99592 -118.53964    4666.67
 33.99592 -118.53629    4666.67
 33.99592 -118.53293    4666.67
 33.99592 -118.52957    4666.67
 33.99592 -118.52622    4777.78
 33.99592 -118.52287    4888.89
 33.99592 -118.51951    5000.00
 33.99592 -118.51615    5000.00
 33.99592 -118.51279    5000.00
 33.99592 -118.50945    5000.00
 33.99592 -118.50609    5000.00
 33.99592 -118.50273    5069.33
 33.99592 -118.49937    5047.33
 33.99592 -118.49602    5017.00
 33.99592 -118.49267    4909.00
 33.99592 -118.48931    4890.11
 33.99592 -118.48595    4900.00
 33.99592 -118.48260    4938.67
 33.99592 -118.47924    5090.67
 33.99592 -118.47589    5444.44
 33.99592 -118.47253    5777.78
 33.99592 -118.46918    6000.00
 33.99592 -118.46582    6000.00
 33.99592 -118.46246    6000.00
 33.99592 -118.45911    6111.11
 33.99592 -118.45576    6333.33
 33.99592 -118.45240    6642.89
 33.99592 -118.44904    6834.44
 33.99592 -118.44569    6904.22
 33.99592 -118.44233    6876.00
 33.99592 -118.43898    6906.67
 33.99592 -118.43562    7059.11
 33.99592 -118.43227    7333.33
 33.99592 -118.42891    7666.67
 33.99592 -118.42555    7888.89
 33.99592 -118.42220    8000.00
 33.99592 -118.41885    8088.22
 33.99592 -118.41549    8272.22
 33.99592 -118.41213    8559.56
 33.99592 -118.40878    8662.89
 33.99592 -118.40543    8478.89
 33.99592 -118.40207    8191.56
 33.99592 -118.39871    7950.44
 33.99592 -118.39536    7852.44
 33.99592 -118.39200    7707.11
 33.99592 -118.38864    7611.33
 33.99592 -118.38529    7564.00
 33.99592 -118.38194    7564.00
 33.99592 -118.37858    7564.00
 33.99592 -118.37522    7564.00
 33.99592 -118.37186    7564.00
 33.99592 -118.36852    7564.00
 33.99592 -118.36516    7564.00
 33.99592 -118.36180    7564.00
 33.99307 -118.57320    4333.33
 33.99307 -118.56984    4333.33
 33.99307 -118.56648    4333.33
 33.99307 -118.56313    4333.33
 33.99307 -118.55978    4333.33
 33.99307 -118.55642    4333.33
 33.99307 -118.55306    4333.33
 33.99307 -118.54971    4333.33
 33.99307 -118.54636    4333.33
 33.99307 -118.54300    4333.33
 33.99307 -118.53964    4333.33
 33.99307 -118.53629    4333.33
 33.99307 -118.53293    4333.33
 33.99307 -118.52957    4333.33
 33.99307 -118.52622    4444.44
 33.99307 -118.52287    4555.56
 33.99307 -118.51951    4777.78
 33.99307 -118.51615    4888.89
 33.99307 -118.51279    5000.00
 33.99307 -118.50945    5000.00
 33.99307 -118.50609    5000.00
 33.99307 -118.50273    4978.00
 33.99307 -118.49937    4956.00
 33.99307 -118.49602    4903.67
 33.99307 -118.49267    4873.33
 33.99307 -118.48931    4834.00
 33.99307 -118.48595    4882.00
 33.99307 -118.48260    4934.33
 33.99307 -118.47924    4995.67
 33.99307 -118.47589    5222.22
 33.99307 -118.47253    5555.56
 33.99307 -118.46918    5888.89
 33.99307 -118.46582    6000.00
 33.99307 -118.46246    6000.00
 33.99307 -118.45911    6000.00
 33.99307 -118.45576    6111.11
 33.99307 -118.45240    6411.89
 33.99307 -118.44904    6712.67
 33.99307 -118.44569    6891.67
 33.99307 -118.44233    6881.00
 33.99307 -118.43898    6913.56
 33.99307 -118.43562    6956.78
 33.99307 -118.43227    7111.11
 33.99307 -118.42891    7444.44
 33.99307 -118.42555    7777.78
 33.99307 -118.42220    8000.00
 33.99307 -118.41885    8000.00
 33.99307 -118.41549    8095.78
 33.99307 -118.41213    8287.33
 33.99307 -118.40878    8478.89
 33.99307 -118.40543    8383.11
 33.99307 -118.40207    8191.56
 33.99307 -118.39871    8000.00
 33.99307 -118.39536    7951.56
 33.99307 -118.39200    7806.22
 33.99307 -118.38864    7660.89
 33.99307 -118.38529    7564.00
 33.99307 -118.38194    7564.00
 33.99307 -118.37858    7564.00
 33.99307 -118.37522    7564.00
 33.99307 -118.37186    7564.00
 33.99307 -118.36852    7564.00
 33.99307 -118.36516    7564.00
 33.99307 -118.36180    7564.00
 33.99023 -118.57320    4000.00
 33.99023 -118.56984    4000.00
 33.99023 -118.56648    4000.00
 33.99023 -118.56313    4000.00
 33.99023 -118.55978    4000.00
 33.99023 -118.55642    4000.00
 33.99023 -118.55306    4000.00
 33.99023 -118.54971    4000.00
 33.99023 -118.54636    4000.00
 33.99023 -118.54300    4000.00
 33.99023 -118.53964    4000.00
 33.99023 -118.53629    4000.00
 33.99023 -118.53293    4000.00
 33.99023 -118.52957    4000.00
 33.99023 -118.52622    4111.11
 33.99023 -118.52287    4222.22
 33.99023 -118.51951    4444.44
 33.99023 -118.51615    4555.56
 33.99023 -118.51279    4777.78
 33.99023 -118.50945    4888.89
 33.99023 -118.50609    5000.00
 33.99023 -118.50273    4978.00
 33.99023 -118.49937    4956.00
 33.99023 -118.49602    4912.00
 33.99023 -118.49267    4890.00
 33.99023 -118.48931    4871.11
 33.99023 -118.48595    4926.89
 33.99023 -118.48260    4970.89
 33.99023 -118.47924    5011.78
 33.99023 -118.47589    5111.11
 33.99023 -118.47253    5444.44
 33.99023 -118.46918    5777.78
 33.99023 -118.46582    6000.00
 33.99023 -118.46246    6000.00
 33.99023 -118.45911    6000.00
 33.99023 -118.45576    6000.00
 33.99023 -118.45240    6298.89
 33.99023 -118.44904    6597.78
 33.99023 -118.44569    6896.67
 33.99023 -118.44233    6896.67
 33.99023 -118.43898    6931.11
 33.99023 -118.43562    6965.56
 33.99023 -118.43227    7000.00
 33.99023 -118.42891    7222.22
 33.99023 -118.42555    7444.44
 33.99023 -118.42220    7777.78
 33.99023 -118.41885    7888.89
 33.99023 -118.41549    8000.00
 33.99023 -118.41213    8095.78
 33.99023 -118.40878    8191.56
 33.99023 -118.40543    8191.56
 33.99023 -118.40207    8095.78
 33.99023 -118.39871    8000.00
 33.99023 -118.39536    8000.00
 33.99023 -118.39200    7903.11
 33.99023 -118.38864    7757.78
 33.99023 -118.38529    7612.44
 33.99023 -118.38194    7564.00
 33.99023 -118.37858    7564.00
 33.99023 -118.37522    7564.00
 33.99023 -118.37186    7564.00
 33.99023 -118.36852    7564.00
 33.99023 -118.36516    7564.00
 33.99023 -118.36180    7564.00
 33.98738 -118.57320    4000.00
 33.98738 -118.56984    4000.00
 33.98738 -118.56648    4000.00
 33.98738 -118.56313    4000.00
 33.98738 -118.55978    4000.00
 33.98738 -118.55642    4000.00
 33.98738 -118.55306    4000.00
 33.98738 -118.54971    4000.00
 33.98738 -118.54636    4000.00
 33.98738 -118.54300    4000.00
 33.98738 -118.53964    4000.00
 33.98738 -118.53629    4000.00
 33.98738 -118.53293    4000.00
 33.98738 -118.52957    4000.00
 33.98738 -118.52622    4000.00
 33.98738 -118.52287    4000.00
 33.98738 -118.51951    4111.11
 33.98738 -118.51615    4222.22
 33.98738 -118.51279    4555.56
 33.98738 -118.50945    4777.78
 33.98738 -118.50609    5000.00
 33.98738 -118.50273    5000.00
 33.98738 -118.49937    5000.00
 33.98738 -118.49602    4978.00
 33.98738 -118.49267    4956.00
 33.98738 -118.48931    4935.56
 33.98738 -118.48595    5005.89
 33.98738 -118.48260    5044.00
 33.98738 -118.47924    5064.44
 33.98738 -118.47589    5016.11
 33.98738 -118.47253    5333.33
 33.98738 -118.46918    5666.67
 33.98738 -118.46582    6000.00
 33.98738 -118.46246    6000.00
 33.98738 -118.45911    6000.00
 33.98738 -118.45576    6000.00
 33.98738 -118.45240    6204.67
 33.98738 -118.44904    6520.44
 33.98738 -118.44569    6836.22
 33.98738 -118.44233    6947.33
 33.98738 -118.43898    6972.00
 33.98738 -118.43562    6989.56
 33.98738 -118.43227    7007.11
 33.98738 -118.42891    7111.11
 33.98738 -118.42555    7222.22
 33.98738 -118.42220    7444.44
 33.98738 -118.41885    7666.67
 33.98738 -118.41549    7888.89
 33.98738 -118.41213    8000.00
 33.98738 -118.40878    8000.00
 33.98738 -118.40543    8000.00
 33.98738 -118.40207    8000.00
 33.98738 -118.39871    8000.00
 33.98738 -118.39536    8000.00
 33.98738 -118.39200    7951.56
 33.98738 -118.38864    7806.22
 33.98738 -118.38529    7660.89
 33.98738 -118.38194    7564.00
 33.98738 -118.37858    7564.00
 33.98738 -118.37522    7564.00
 33.98738 -118.37186    7564.00
 33.98738 -118.36852    7564.00
 33.98738 -118.36516    7564.00
 33.98738 -118.36180    7564.00
 33.98454 -118.57320    4000.00
 33.98454 -118.56984    4000.00
 33.98454 -118.56648    4000.00
 33.98454 -118.56313    4000.00
 33.98454 -118.55978    4000.00
 33.98454 -118.55642    4000.00
 33.98454 -118.55306    4000.00
 33.98454 -118.54971    4000.00
 33.98454 -118.54636    4000.00
 33.98454 -118.54300    4000.00
 33.98454 -118.53964    4000.00
 33.98454 -118.53629    4000.00
 33.98454 -118.53293    4000.00
 33.98454 -118.52957    4000.00
 33.98454 -118.52622    4000.00
 33.98454 -118.52287    4000.00
 33.98454 -118.51951    4000.00
 33.98454 -118.51615    4000.00
 33.98454 -118.51279    4222.22
 33.98454 -118.50945    4555.56
 33.98454 -118.50609    4888.89
 33.98454 -118.50273    5000.00
 33.98454 -118.49937    5000.00
 33.98454 -118.49602    5000.00
 33.98454 -118.49267    5000.00
 33.98454 -118.48931    5000.00
 33.98454 -118.48595    5048.33
 33.98454 -118.48260    5080.56
 33.98454 -118.47924    5096.67
 33.98454 -118.47589    5048.33
 33.98454 -118.47253    5349.44
 33.98454 -118.46918    5666.67
 33.98454 -118.46582    6000.00
 33.98454 -118.46246    6000.00
 33.98454 -118.45911    6000.00
 33.98454 -118.45576    6000.00
 33.98454 -118.45240    6102.33
 33.98454 -118.44904    6426.89
 33.98454 -118.44569    6751.44
 33.98454 -118.44233    6973.67
 33.98454 -118.43898    6996.44
 33.98454 -118.43562    7005.22
 33.98454 -118.43227    7014.00
 33.98454 -118.42891    7000.00
 33.98454 -118.42555    7000.00
 33.98454 -118.42220    7111.11
 33.98454 -118.41885    7333.33
 33.98454 -118.41549    7666.67
 33.98454 -118.41213    7888.89
 33.98454 -118.40878    8000.00
 33.98454 -118.40543    8000.00
 33.98454 -118.40207    8000.00
 33.98454 -118.39871    8000.00
 33.98454 -118.39536    8000.00
 33.98454 -118.39200    8000.00
 33.98454 -118.38864    7903.11
 33.98454 -118.38529    7757.78
 33.98454 -118.38194    7612.44
 33.98454 -118.37858    7564.00
 33.98454 -118.37522    7564.00
 33.98454 -118.37186    7564.00
 33.98454 -118.36852    7564.00
 33.98454 -118.36516    7564.00
 33.98454 -118.36180    7564.00
 33.98169 -118.57320    4000.00
 33.98169 -118.56984    4000.00
 33.98169 -118.56648    4000.00
 33.98169 -118.56313    4000.00
 33.98169 -118.55978    4000.00
 33.98169 -118.55642    4000.00
 33.98169 -118.55306    4000.00
 33.98169 -118.54971    4000.00
 33.98169 -118.54636    4000.00
 33.98169 -118.54300    4000.00
 33.98169 -118.53964    4000.00
 33.98169 -118.53629    4000.00
 33.98169 -118.53293    4000.00
 33.98169 -118.52957    4000.00
 33.98169 -118.52622    4000.00
 33.98169 -118.52287    4000.00
 33.98169 -118.51951    4000.00
 33.98169 -118.51615    4000.00
 33.98169 -118.51279    4111.11
 33.98169 -118.50945    4444.44
 33.98169 -118.50609    4777.78
 33.98169 -118.50273    5000.00
 33.98169 -118.49937    5000.00
 33.98169 -118.49602    5000.00
 33.98169 -118.49267    5000.00
 33.98169 -118.48931    5000.00
 33.98169 -118.48595    5032.22
 33.98169 -118.48260    5080.56
 33.98169 -118.47924    5112.78
 33.98169 -118.47589    5096.67
 33.98169 -118.47253    5381.67
 33.98169 -118.46918    5682.78
 33.98169 -118.46582    6000.00
 33.98169 -118.46246    6000.00
 33.98169 -118.45911    6000.00
 33.98169 -118.45576    6000.00
 33.98169 -118.45240    6000.00
 33.98169 -118.44904    6333.33
 33.98169 -118.44569    6666.67
 33.98169 -118.44233    7000.00
 33.98169 -118.43898    6997.67
 33.98169 -118.43562    6997.67
 33.98169 -118.43227    6997.67
 33.98169 -118.42891    7000.00
 33.98169 -118.42555    7000.00
 33.98169 -118.42220    7000.00
 33.98169 -118.41885    7111.11
 33.98169 -118.41549    7444.44
 33.98169 -118.41213    7777.78
 33.98169 -118.40878    8000.00
 33.98169 -118.40543    8000.00
 33.98169 -118.40207    8000.00
 33.98169 -118.39871    8000.00
 33.98169 -118.39536    8000.00
 33.98169 -118.39200    8000.00
 33.98169 -118.38864    7951.56
 33.98169 -118.38529    7806.22
 33.98169 -118.38194    7660.89
 33.98169 -118.37858    7564.00
 33.98169 -118.37522    7564.00
 33.98169 -118.37186    7564.00
 33.98169 -118.36852    7564.00
 33.98169 -118.36516    7564.00
 33.98169 -118.36180    7564.00
 33.97884 -118.57320    4000.00
 33.97884 -118.56984    4000.00
 33.97884 -118.56648    4000.00
 33.97884 -118.56313    4000.00
 33.97884 -118.55978    4000.00
 33.97884 -118.55642    4000.00
 33.97884 -118.55306    4000.00
 33.97884 -118.54971    4000.00
 33.97884 -118.54636    4000.00
 33.97884 -118.54300    4000.00
 33.97884 -118.53964    4000.00
 33.97884 -118.53629    4000.00
 33.97884 -118.53293    4000.00
 33.97884 -118.52957    4000.00
 33.97884 -118.52622    4000.00
 33.97884 -118.52287    4000.00
 33.97884 -118.51951    4000.00
 33.97884 -118.51615    4000.00
 33.97884 -118.51279    4000.00
 33.97884 -118.50945    4222.22
 33.97884 -118.50609    4555.56
 33.97884 -118.50273    4888.89
 33.97884 -118.49937    5000.00
 33.97884 -118.49602    5000.00
 33.97884 -118.49267    5000.00
 33.97884 -118.48931    5000.00
 33.97884 -118.48595    5016.11
 33.97884 -118.48260    5048.33
 33.97884 -118.47924    5096.67
 33.97884 -118.47589    5112.78
 33.97884 -118.47253    5413.89
 33.97884 -118.46918    5698.89
 33.97884 -118.46582    6000.00
 33.97884 -118.46246    6000.00
 33.97884 -118.45911    6000.00
 33.97884 -118.45576    6000.00
 33.97884 -118.45240    6000.00
 33.97884 -118.44904    6222.22
 33.97884 -118.44569    6555.56
 33.97884 -118.44233    6872.56
 33.97884 -118.43898    6957.89
 33.97884 -118.43562    6941.56
 33.97884 -118.43227    6957.89
 33.97884 -118.42891    6983.67
 33.97884 -118.42555    7000.00
 33.97884 -118.42220    7000.00
 33.97884 -118.41885    7000.00
 33.97884 -118.41549    7222.22
 33.97884 -118.41213    7555.56
 33.97884 -118.40878    7888.89
 33.97884 -118.40543    8000.00
 33.97884 -118.40207    8000.00
 33.97884 -118.39871    8000.00
 33.97884 -118.39536    8000.00
 33.97884 -118.39200    8000.00
 33.97884 -118.38864    8000.00
 33.97884 -118.38529    7903.11
 33.97884 -118.38194    7757.78
 33.97884 -118.37858    7612.44
 33.97884 -118.37522    7564.00
 33.97884 -118.37186    7564.00
 33.97884 -118.36852    7564.00
 33.97884 -118.36516    7564.00
 33.97884 -118.36180    7564.00
 33.97599 -118.57320    4000.00
 33.97599 -118.56984    4000.00
 33.97599 -118.56648    4000.00
 33.97599 -118.56313    4000.00
 33.97599 -118.55978    4000.00
 33.97599 -118.55642    4000.00
 33.97599 -118.55306    4000.00
 33.97599 -118.54971    4000.00
 33.97599 -118.54636    4000.00
 33.97599 -118.54300    4000.00
 33.97599 -118.53964    4000.00
 33.97599 -118.53629    4000.00
 33.97599 -118.53293    4000.00
 33.97599 -118.52957    4000.00
 33.97599 -118.52622    4000.00
 33.97599 -118.52287    4000.00
 33.97599 -118.51951    4000.00
 33.97599 -118.51615    4000.00
 33.97599 -118.51279    4000.00
 33.97599 -118.50945    4111.11
 33.97599 -118.50609    4444.44
 33.97599 -118.50273    4777.78
 33.97599 -118.49937    5000.00
 33.97599 -118.49602    5000.00
 33.97599 -118.49267    5000.00
 33.97599 -118.48931    5000.00
 33.97599 -118.48595    5000.00
 33.97599 -118.48260    5016.11
 33.97599 -118.47924    5048.33
 33.97599 -118.47589    5080.56
 33.97599 -118.47253    5397.78
 33.97599 -118.46918    5698.89
 33.97599 -118.46582    6000.00
 33.97599 -118.46246    6000.00
 33.97599 -118.45911    6000.00
 33.97599 -118.45576    6000.00
 33.97599 -118.45240    6000.00
 33.97599 -118.44904    6111.11
 33.97599 -118.44569    6428.11
 33.97599 -118.44233    6728.78
 33.97599 -118.43898    6902.00
 33.97599 -118.43562    6885.67
 33.97599 -118.43227    6902.00
 33.97599 -118.42891    6951.00
 33.97599 -118.42555    6983.67
 33.97599 -118.42220    7000.00
 33.97599 -118.41885    7000.00
 33.97599 -118.41549    7111.11
 33.97599 -118.41213    7333.33
 33.97599 -118.40878    7666.67
 33.97599 -118.40543    7888.89
 33.97599 -118.40207    8000.00
 33.97599 -118.39871    8000.00
 33.97599 -118.39536    8000.00
 33.97599 -118.39200    8000.00
 33.97599 -118.38864    8000.00
 33.97599 -118.38529    7951.56
 33.97599 -118.38194    7854.67
 33.97599 -118.37858    7709.33
 33.97599 -118.37522    7612.44
 33.97599 -118.37186    7564.00
 33.97599 -118.36852    7564.00
 33.97599 -118.36516    7564.00
 33.97599 -118.36180    7564.00
 33.97314 -118.57320    4000.00
 33.97314 -118.56984    4000.00
 33.97314 -118.56648    4000.00
 33.97314 -118.56313    4000.00
 33.97314 -118.55978    4000.00
 33.97314 -118.55642    4000.00
 33.97314 -118.55306    4000.00
 33.97314 -118.54971    4000.00
 33.97314 -118.54636    4000.00
 33.97314 -118.54300    4000.00
 33.97314 -118.53964    4000.00
 33.97314 -118.53629    4000.00
 33.97314 -118.53293    4000.00
 33.97314 -118.52957    4000.00
 33.97314 -118.52622    4000.00
 33.97314 -118.52287    4000.00
 33.97314 -118.51951    4000.00
 33.97314 -118.51615    4000.00
 33.97314 -118.51279    4000.00
 33.97314 -118.50945    4000.00
 33.97314 -118.50609    4222.22
 33.97314 -118.50273    4555.56
 33.97314 -118.49937    4888.89
 33.97314 -118.49602    5000.00
 33.97314 -118.49267    5000.00
 33.97314 -118.48931    5000.00
 33.97314 -118.48595    5000.00
 33.97314 -118.48260    5000.00
 33.97314 -118.47924    5016.11
 33.97314 -118.47589    5032.22
 33.97314 -118.47253    5365.56
 33.97314 -118.46918    5682.78
 33.97314 -118.46582    6000.00
 33.97314 -118.46246    6000.00
 33.97314 -118.45911    6000.00
 33.97314 -118.45576    6000.00
 33.97314 -118.45240    6000.00
 33.97314 -118.44904    6000.00
 33.97314 -118.44569    6205.89
 33.97314 -118.44233    6490.22
 33.97314 -118.43898    6774.56
 33.97314 -118.43562    6853.00
 33.97314 -118.43227    6869.33
 33.97314 -118.42891    6918.33
 33.97314 -118.42555    6967.33
 33.97314 -118.42220    7000.00
 33.97314 -118.41885    7000.00
 33.97314 -118.41549    7000.00
 33.97314 -118.41213    7111.11
 33.97314 -118.40878    7333.33
 33.97314 -118.40543    7666.67
 33.97314 -118.40207    7888.89
 33.97314 -118.39871    8000.00
 33.97314 -118.39536    8000.00
 33.97314 -118.39200    8000.00
 33.97314 -118.38864    8000.00
 33.97314 -118.38529    8000.00
 33.97314 -118.38194    7951.56
 33.97314 -118.37858    7806.22
 33.97314 -118.37522    7660.89
 33.97314 -118.37186    7564.00
 33.97314 -118.36852    7564.00
 33.97314 -118.36516    7564.00
 33.97314 -118.36180    7564.00
 33.97030 -118.57320    4000.00
 33.97030 -118.56984    4000.00
 33.97030 -118.56648    4000.00
 33.97030 -118.56313    4000.00
 33.97030 -118.55978    4000.00
 33.97030 -118.55642    4000.00
 33.97030 -118.55306    4000.00
 33.97030 -118.54971    4000.00
 33.97030 -118.54636    4000.00
 33.97030 -118.54300    4000.00
 33.97030 -118.53964    4000.00
 33.97030 -118.53629    4000.00
 33.97030 -118.53293    4000.00
 33.97030 -118.52957    4000.00
 33.97030 -118.52622    4000.00
 33.97030 -118.52287    4000.00
 33.97030 -118.51951    4000.00
 33.97030 -118.51615    4000.00
 33.97030 -118.51279    4000.00
 33.97030 -118.50945    4000.00
 33.97030 -118.50609    4111.11
 33.97030 -118.50273    4444.44
 33.97030 -118.49937    4777.78
 33.97030 -118.49602    5000.00
 33.97030 -118.49267    5000.00
 33.97030 -118.48931    5000.00
 33.97030 -118.48595    5000.00
 33.97030 -118.48260    5000.00
 33.97030 -118.47924    5000.00
 33.97030 -118.47589    5000.00
 33.97030 -118.47253    5333.33
 33.97030 -118.46918    5666.67
 33.97030 -118.46582    6000.00
 33.97030 -118.46246    6000.00
 33.97030 -118.45911    6000.00
 33.97030 -118.45576    6000.00
 33.97030 -118.45240    6000.00
 33.97030 -118.44904    6000.00
 33.97030 -118.44569    6094.78
 33.97030 -118.44233    6379.11
 33.97030 -118.43898    6663.44
 33.97030 -118.43562    6853.00
 33.97030 -118.43227    6853.00
 33.97030 -118.42891    6902.00
 33.97030 -118.42555    6951.00
 33.97030 -118.42220    7000.00
 33.97030 -118.41885    7000.00
 33.97030 -118.41549    7000.00
 33.97030 -118.41213    7000.00
 33.97030 -118.40878    7111.11
 33.97030 -118.40543    7444.44
 33.97030 -118.40207    7777.78
 33.97030 -118.39871    8000.00
 33.97030 -118.39536    8000.00
 33.97030 -118.39200    8000.00
 33.97030 -118.38864    8000.00
 33.97030 -118.38529    8000.00
 33.97030 -118.38194    8000.00
 33.97030 -118.37858    7854.67
 33.97030 -118.37522    7709.33
 33.97030 -118.37186    7564.00
 33.97030 -118.36852    7564.00
 33.97030 -118.36516    7564.00
 33.97030 -118.36180    7564.00
