55 
   273.306      .000
   273.306     1.524
   365.742     1.524
   365.742     4.267
   579.092     4.267
   579.092     8.534
   835.111     8.534
   835.111    11.582
   978.360    11.582
   978.360    15.135
  1091.131    15.135
  1091.131    20.721
  1170.375    20.721
  1170.375    28.715
  1246.571    28.715
  1246.571    34.811
  1312.100    34.811
  1312.100    41.007
  1377.629    41.007
  1377.629    47.962
  1432.490    47.962
  1432.490    56.891
  1487.351    56.891
  1487.351    68.573
  1523.926    68.573
  1523.926    81.374
  1578.788    81.374
  1578.788   104.328
  1627.457   104.328
  1627.457   158.046
  1720.000   158.046
  1720.000   273.046
  1890.000   273.046
  1890.000   433.046
  2070.000   433.046
  2070.000   670.046
  2300.000   670.046
  2300.000   898.046
  2550.000   898.046
  2550.000  1448.046
  2760.000  1448.046
  2760.000  2248.046
  2970.000  2248.046
  2970.000  3348.046
  3150.000  3348.046
  3150.000  4898.046
  3320.000  4898.046
  3320.000  7298.046
  3500.000  7298.046
  3500.000 13398.050
  3700.000 13398.050
  3700.000 20898.050
  4000.000 20898.050
  4000.000 29898.050
  4250.000 29898.050
Allbc2.prm (for B1)
55 
   273.306      .000
   273.306     1.524
   365.742     1.524
   365.742     4.267
   579.092     4.267
   579.092     8.534
   835.111     8.534
   835.111    11.582
   978.360    11.582
   978.360    15.135
  1091.131    15.135
  1091.131    20.721
  1170.375    20.721
  1170.375    28.715
  1246.571    28.715
  1246.571    34.811
  1312.100    34.811
  1312.100    41.007
  1377.629    41.007
  1377.629    47.962
  1432.490    47.962
  1432.490    56.891
  1487.351    56.891
  1487.351    68.573
  1523.926    68.573
  1523.926    81.374
  1578.788    81.374
  1578.788   104.328
  1627.457   104.328
  1627.457   158.046
  1720.000   158.046
  1720.000   273.046
  1890.000   273.046
  1890.000   433.046
  2070.000   433.046
  2070.000   670.046
  2300.000   670.046
  2300.000   898.046
  2550.000   898.046
  2550.000  1448.046
  2760.000  1448.046
  2760.000  2248.046
  2970.000  2248.046
  2970.000  3348.046
  3150.000  3348.046
  3150.000  4898.046
  3320.000  4898.046
  3320.000  7298.046
  3500.000  7298.046
  3500.000 13398.050
  3700.000 13398.050
  3700.000 20898.050
  4000.000 20898.050
  4000.000 29898.050
  4250.000 29898.050
Allbc2.prm
133
   237.732      .000
   237.732     1.219
   286.498     1.219
   286.498     3.962
   377.934     3.962
   377.934     6.096
   377.934     6.096
   377.934     8.230
   512.039     8.230
   512.039    11.278
   512.039    11.278
   512.039    14.326
   609.570    14.326
   609.570    18.136
   609.570    18.136
   609.570    21.946
   689.123    21.946
   689.123    26.366
   689.123    26.366
   689.123    30.785
   737.889    30.785
   737.889    36.881
   737.889    36.881
   737.889    42.976
   798.846    42.976
   798.846    49.884
   798.846    49.884
   798.846    56.792
   798.846    56.792
   798.846    63.701
   850.659    63.701
   850.659    70.101
   850.659    70.101
   850.659    76.501
   850.659    76.501
   850.659    82.901
   905.521    82.901
   905.521    89.149
   905.521    89.149
   905.521    95.397
   905.521    95.397
   905.521   101.645
   905.521   101.645
   905.521   107.893
   960.382   107.893
   960.382   115.513
   960.382   115.513
   960.382   123.133
   960.382   123.133
   960.382   130.753
   960.382   130.753
   960.382   138.373
   960.382   138.373
   960.382   145.993
  1000.000   145.993
  1000.000   154.273
  1000.000   154.273
  1000.000   162.553
  1000.000   162.553
  1000.000   170.833
  1000.000   170.833
  1000.000   179.113
  1000.000   179.113
  1000.000   187.393
  1000.000   187.393
  1000.000   195.673
  1000.000   195.673
  1000.000   204.664
  1000.000   204.664
  1000.000   213.655
  1000.000   213.655
  1000.000   222.646
  1000.000   222.646
  1000.000   231.637
  1000.000   231.637
  1000.000   240.628
  1000.000   240.628
  1000.000   249.619
  1000.000   249.619
  1000.000   259.017
  1000.000   259.017
  1000.000   268.415
  1000.000   268.415
  1000.000   277.813
  1000.000   277.813
  1000.000   287.210
  1000.000   287.210
  1000.000   296.607
  1000.000   296.607
  1000.000   306.004
  1000.000   306.004
  1000.000   330.387
  1000.000   330.387
  1000.000   354.770
  1000.000   354.770
  1000.000   379.153
  1000.000   379.153
  1000.000   403.536
  1000.000   403.536
  1000.000   427.919
  1000.000   427.919
  1000.000   460.919
  1190.000   460.919
  1190.000   500.919
  1360.000   500.919
  1360.000   565.919
  1530.000   565.919
  1530.000   665.919
  1720.000   665.919
  1720.000   780.919
  1890.000   780.919
  1890.000   940.919
  2070.000   940.919
  2070.000  1177.919
  2300.000  1177.919
  2300.000  1405.919
  2550.000  1405.919
  2550.000  1955.919
  2760.000  1955.919
  2760.000  2755.919
  2970.000  2755.919
  2970.000  3855.919
  3150.000  3855.919
  3150.000  5405.919
  3320.000  5405.919
  3320.000  7805.919
  3500.000  7805.919
  3500.000 13905.920
  3700.000 13905.920
  3700.000 21405.920
  4000.000 21405.920
  4000.000 30405.920
  4250.000 30405.920
Allc4.prm
117 
   213.000      .000
   213.000     2.129
   274.000     2.129
   274.000     6.089
   323.000     6.089
   323.000    10.959
   371.000    10.959
   371.000    17.769
   441.000    17.769
   441.000    24.359
   517.000    24.359
   517.000    33.189
   548.000    33.189
   548.000    54.199
   588.000    54.199
   588.000    90.739
   597.420    90.739
   597.420    93.969
   603.470    93.969
   603.470    97.474
   603.470    97.474
   603.470   100.979
   609.570   100.979
   609.570   106.364
   609.570   106.364
   609.570   111.749
   609.570   111.749
   609.570   117.134
   627.860   117.134
   627.860   122.696
   627.860   122.696
   627.860   128.258
   627.860   128.258
   627.860   133.820
   627.860   133.820
   627.860   139.382
   646.140   139.382
   646.140   145.478
   646.140   145.478
   646.140   151.574
   646.140   151.574
   646.140   157.670
   646.140   157.670
   646.140   163.766
   646.140   163.766
   646.140   169.862
   667.480   169.862
   667.480   175.958
   667.480   175.958
   667.480   182.054
   667.480   182.054
   667.480   188.150
   667.480   188.150
   667.480   194.246
   694.910   194.246
   694.910   200.139
   694.910   200.139
   694.910   206.032
   694.910   206.032
   694.910   211.925
   694.910   211.925
   694.910   217.818
   694.910   217.818
   694.910   223.711
   694.910   223.711
   694.910   229.604
   725.390   229.604
   725.390   236.476
   725.390   236.476
   725.390   243.348
   725.390   243.348
   725.390   250.220
   725.390   250.220
   725.390   257.092
   725.390   257.092
   725.390   263.964
   725.390   263.964
   725.390   270.836
   725.390   270.836
   725.390   277.708
   725.390   277.708
   725.390   284.580
   725.390   284.580
   725.390   291.452
   725.390   291.452
   725.390   298.324
   725.390   298.324
   725.390   305.196
   746.720   305.196
   746.720   320.436
   746.720   320.436
   746.720   335.676
   746.720   335.676
   746.720   350.916
   746.720   350.916
   746.720   366.156
   746.720   366.156
   746.720   381.396
   746.720   381.396
   746.720   396.636
   746.720   396.636
   746.720   411.876
   746.720   411.876
   746.720   427.116
   746.720   427.116
   746.720   442.356
   746.720   442.356
   746.720   457.596
   746.720   457.596
   746.720   472.836
   746.720   472.836
   746.720   488.076
   746.720   488.076
   746.720   503.316
   746.720   503.316
   746.720   518.556
   746.720   518.556
Labcd5.prm
167 
   160.480      .000
   160.480     2.743
   213.350     2.743
   213.350     6.370
   269.920     6.370
   269.920    10.932
   304.790    10.932
   304.790    14.589
   347.460    14.589
   347.460    19.156
   377.930    19.156
   377.930    24.947
   408.410    24.947
   408.410    35.867
   416.670    35.867
   416.670    38.482
   416.670    38.482
   416.670    41.097
   434.960    41.097
   434.960    43.712
   434.960    43.712
   434.960    46.327
   451.720    46.327
   451.720    48.942
   451.720    48.942
   451.720    51.557
   468.480    51.557
   468.480    54.415
   468.480    54.415
   468.480    57.272
   482.200    57.272
   482.200    60.130
   482.200    60.130
   482.200    62.987
   495.920    62.987
   495.920    65.845
   495.920    65.845
   495.920    68.702
   514.200    68.702
   514.200    71.750
   514.200    71.750
   514.200    74.798
   526.390    74.798
   526.390    77.846
   526.390    77.846
   526.390    80.894
   541.640    80.894
   541.640    83.942
   541.640    83.942
   541.640    86.990
   553.830    86.990
   553.830    90.220
   553.830    90.220
   553.830    93.450
   559.880    93.450
   559.880    96.955
   559.880    96.955
   559.880   100.460
   565.980   100.460
   565.980   105.845
   565.980   105.845
   565.980   111.230
   565.980   111.230
   565.980   116.615
   584.270   116.615
   584.270   122.177
   584.270   122.177
   584.270   127.739
   584.270   127.739
   584.270   133.301
   584.270   133.301
   584.270   138.863
   602.570   138.863
   602.570   144.959
   602.570   144.959
   602.570   151.055
   602.570   151.055
   602.570   157.151
   602.570   157.151
   602.570   163.247
   602.570   163.247
   602.570   169.343
   623.890   169.343
   623.890   175.439
   623.890   175.439
   623.890   181.535
   623.890   181.535
   623.890   187.631
   623.890   187.631
   623.890   193.727
   651.320   193.727
   651.320   199.620
   651.320   199.620
   651.320   205.513
   651.320   205.513
   651.320   211.406
   651.320   211.406
   651.320   217.299
   651.320   217.299
   651.320   223.192
   651.320   223.192
   651.320   229.085
   681.800   229.085
   681.800   235.957
   681.800   235.957
   681.800   242.829
   681.800   242.829
   681.800   249.701
   681.800   249.701
   681.800   256.573
   681.800   256.573
   681.800   263.445
   681.800   263.445
   681.800   270.317
   681.800   270.317
   681.800   277.189
   681.800   277.189
   681.800   284.061
   681.800   284.061
   681.800   290.933
   681.800   290.933
   681.800   297.805
   681.800   297.805
   681.800   304.677
   761.960   304.677
   761.960   335.157
   761.960   335.157
   761.960   365.637
   761.960   365.637
   761.960   396.117
   761.960   396.117
   761.960   426.597
   761.960   426.597
   761.960   457.077
  1000.000   457.077
  1000.000   490.077
  1190.000   490.077
  1190.000   530.077
  1360.000   530.077
  1360.000   595.077
  1530.000   595.077
  1530.000   695.077
  1720.000   695.077
  1720.000   810.077
  1890.000   810.077
  1890.000   970.077
  2070.000   970.077
  2070.000  1207.077
  2300.000  1207.077
  2300.000  1435.077
  2550.000  1435.077
  2550.000  1985.077
  2760.000  1985.077
  2760.000  2785.077
  2970.000  2785.077
  2970.000  3885.077
  3150.000  3885.077
  3150.000  5435.077
  3320.000  5435.077
  3320.000  7835.077
  3500.000  7835.077
  3500.000 13935.080
  3700.000 13935.080
  3700.000 21435.080
  4000.000 21435.080
  4000.000 30435.080
  4250.000 30435.080
Labd7.prm
129 
   192.013      .000
   192.013     1.253
   192.013     1.253
   192.013     2.506
   192.013     2.506
   192.013     3.759
   192.013     3.759
   192.013     5.012
   192.013     5.012
   192.013     6.265
   192.013     6.265
   192.013     7.518
   192.013     7.518
   192.013     8.771
   192.013     8.771
   192.013    10.024
   192.013    10.024
   192.013    11.277
   237.731    11.277
   237.731    12.953
   237.731    12.953
   237.731    14.629
   237.731    14.629
   237.731    16.305
   237.731    16.305
   237.731    17.982
   295.640    17.982
   295.640    20.014
   295.640    20.014
   295.640    22.046
   295.640    22.046
   295.640    24.078
   295.640    24.078
   295.640    26.110
   295.640    26.110
   295.640    28.142
   295.640    28.142
   295.640    30.173
   350.502    30.173
   350.502    32.742
   350.502    32.742
   350.502    35.311
   350.502    35.311
   350.502    37.880
   350.502    37.880
   350.502    40.449
   350.502    40.449
   350.502    43.018
   350.502    43.018
   350.502    45.587
   350.502    45.587
   350.502    48.156
   350.502    48.156
   350.502    50.724
   405.363    50.724
   405.363    53.859
   405.363    53.859
   405.363    56.994
   405.363    56.994
   405.363    60.129
   405.363    60.129
   405.363    63.264
   405.363    63.264
   405.363    66.399
   405.363    66.399
   405.363    69.534
   405.363    69.534
   405.363    72.669
   466.320    72.669
   466.320    76.530
   466.320    76.530
   466.320    80.391
   466.320    80.391
   466.320    84.252
   466.320    84.252
   466.320    88.113
   466.320    88.113
   466.320    91.974
   466.320    91.974
   466.320    95.835
   466.320    95.835
   466.320    99.696
   466.320    99.696
   466.320   103.557
   466.320   103.557
   466.320   107.415
   527.277   107.415
   527.277   111.987
   527.277   111.987
   527.277   116.559
   527.277   116.559
   527.277   121.131
   527.277   121.131
   527.277   125.703
   527.277   125.703
   527.277   130.275
   527.277   130.275
   527.277   134.847
   527.277   134.847
   527.277   139.419
   527.277   139.419
   527.277   143.991
   527.277   143.991
   527.277   148.561
   588.234   148.561
   588.234   153.404
   588.234   153.404
   588.234   199.122
  1000.000   199.122
  1000.000   309.122
  1950.000   309.122
  1950.000   709.122
  2480.000   709.122
  2480.000  1209.122
  2770.000  1209.122
  2770.000  3209.122
  3100.000  3209.122
  3100.000  5209.122
  3310.000  5209.122
  3310.000  7209.122
  3550.000  7209.122
  3550.000  9209.122
  3610.000  9209.122
  3610.000 13209.120
  3620.000 13209.120
  3620.000 18209.120
  3850.000 18209.120
  3850.000 25209.120
  4620.000 25209.120
Allde8.prm
103
   256.020      .000
   256.020     3.353
   341.359     3.353
   341.359     5.415
   426.699     5.415
   426.699    10.292
   457.178    10.292
   457.178    16.388
   548.613    16.388
   548.613    21.569
   600.953    21.569
   600.953    30.069
   640.049    30.069
   640.049    36.165
   640.049    36.165
   640.049    42.260
   701.006    42.260
   701.006    49.168
   701.006    49.168
   701.006    56.076
   701.006    56.076
   701.006    62.985
   752.819    62.985
   752.819    69.385
   752.819    69.385
   752.819    75.785
   752.819    75.785
   752.819    82.185
   807.681    82.185
   807.681    88.433
   807.681    88.433
   807.681    94.681
   807.681    94.681
   807.681   100.929
   807.681   100.929
   807.681   107.177
   862.542   107.177
   862.542   114.797
   862.542   114.797
   862.542   122.417
   862.542   122.417
   862.542   130.037
   862.542   130.037
   862.542   137.657
   862.542   137.657
   862.542   145.277
   914.355   145.277
   914.355   153.557
   914.355   153.557
   914.355   161.837
   914.355   161.837
   914.355   170.117
   914.355   170.117
   914.355   178.397
   914.355   178.397
   914.355   186.677
   914.355   186.677
   914.355   194.957
   960.073   194.957
   960.073   203.948
   960.073   203.948
   960.073   212.939
   960.073   212.939
   960.073   221.930
   960.073   221.930
   960.073   230.921
   960.073   230.921
   960.073   239.912
   960.073   239.912
   960.073   248.903
   990.552   248.903
   990.552   258.301
   990.552   258.301
   990.552   267.699
   990.552   267.699
   990.552   277.097
   990.552   277.097
   990.552   286.494
   990.552   286.494
   990.552   295.891
   990.552   295.891
   990.552   305.288
  1000.000   305.288
  1000.000   405.288
  1950.000   405.288
  1950.000   805.288
  2480.000   805.288
  2480.000  1305.288
  2770.000  1305.288
  2770.000  3305.288
  3100.000  3305.288
  3100.000  5305.288
  3310.000  5305.288
  3310.000  7305.288
  3550.000  7305.288
  3550.000  9305.289
  3610.000  9305.289
  3610.000 13305.290
  3620.000 13305.290
  3620.000 18305.290
  3850.000 18305.290
  3850.000 25305.290
  4620.000 25305.290
Ventcd5.prm
71 
   231.637      .000
   231.637     1.524
   274.307     1.524
   274.307     4.572
   316.977     4.572
   316.977     8.839
   371.838     8.839
   371.838    13.716
   451.082    13.716
   451.082    19.816
   518.135    19.816
   518.135    24.816
   576.044    24.816
   576.044    30.296
   627.857    30.296
   627.857    36.392
   676.623    36.392
   676.623    41.872
   734.532    41.872
   734.532    47.662
   786.346    47.662
   786.346    54.662
   841.207    54.662
   841.207    62.272
   883.877    62.272
   883.877    68.972
   914.355    68.972
   914.355    75.372
   959.217    75.372
   959.217    82.062
   993.600    82.062
   993.600    89.672
  1030.174    89.672
  1030.174    99.422
  1066.748    99.422
  1066.748   109.472
  1103.322   109.472
  1103.322   118.612
  1130.753   118.612
  1130.753   138.612
  1190.000   138.612
  1190.000   178.612
  1360.000   178.612
  1360.000   243.612
  1530.000   243.612
  1530.000   343.612
  1720.000   343.612
  1720.000   458.612
  1890.000   458.612
  1890.000   618.612
  2070.000   618.612
  2070.000   855.612
  2300.000   855.612
  2300.000  1083.612
  2550.000  1083.612
  2550.000  1633.612
  2760.000  1633.612
  2760.000  2433.612
  2970.000  2433.612
  2970.000  3533.612
  3150.000  3533.612
  3150.000  5083.612
  3320.000  5083.612
  3320.000  7483.613
  3500.000  7483.613
  3500.000 13583.610
  3700.000 13583.610
  3700.000 21083.610
  4000.000 21083.610
  4000.000 30083.610
  4250.000 30083.610
Sfvcd5.prm
125 
   207.254      .000
   207.254     1.933
   249.924     1.933
   249.924     4.981
   304.785     4.981
   304.785     8.638
   374.886     8.638
   374.886    15.258
   438.891    15.258
   438.891    19.830
   487.656    19.830
   487.656    23.792
   524.230    23.792
   524.230    27.754
   572.996    27.754
   572.996    31.107
   606.522    31.107
   606.522    35.679
   640.048    35.679
   640.048    40.860
   673.575    40.860
   673.575    46.956
   704.054    46.956
   704.054    54.576
   755.867    54.576
   755.867    63.720
   792.441    63.720
   792.441    70.425
   822.920    70.425
   822.920    78.958
   853.398    78.958
   853.398    88.102
   880.829    88.102
   880.829    95.722
   914.355    95.722
   914.355   108.218
   957.025   108.218
   957.025   117.362
   980.000   117.362
   980.000   123.458
   980.000   123.458
   980.000   131.078
   980.000   131.078
   980.000   138.698
   980.000   138.698
   980.000   146.318
  1000.000   146.318
  1000.000   154.598
  1000.000   154.598
  1000.000   162.878
  1000.000   162.878
  1000.000   171.158
  1000.000   171.158
  1000.000   179.438
  1000.000   179.438
  1000.000   187.718
  1000.000   187.718
  1000.000   195.998
  1000.000   195.998
  1000.000   204.989
  1000.000   204.989
  1000.000   213.980
  1000.000   213.980
  1000.000   222.971
  1000.000   222.971
  1000.000   231.962
  1000.000   231.962
  1000.000   240.953
  1000.000   240.953
  1000.000   249.944
  1000.000   249.944
  1000.000   259.342
  1000.000   259.342
  1000.000   268.740
  1000.000   268.740
  1000.000   278.138
  1000.000   278.138
  1000.000   287.535
  1000.000   287.535
  1000.000   296.932
  1000.000   296.932
  1000.000   306.329
  1000.000   306.329
  1000.000   330.712
  1000.000   330.712
  1000.000   355.095
  1000.000   355.095
  1000.000   379.478
  1000.000   379.478
  1000.000   403.861
  1000.000   403.861
  1000.000   428.244
  1000.000   428.244
  1000.000   461.244
  1190.000   461.244
  1190.000   501.244
  1360.000   501.244
  1360.000   566.244
  1530.000   566.244
  1530.000   666.244
  1720.000   666.244
  1720.000   781.244
  1890.000   781.244
  1890.000   941.244
  2070.000   941.244
  2070.000  1178.244
  2300.000  1178.244
  2300.000  1406.244
  2550.000  1406.244
  2550.000  1956.244
  2760.000  1956.244
  2760.000  2756.244
  2970.000  2756.244
  2970.000  3856.244
  3150.000  3856.244
  3150.000  5406.244
  3320.000  5406.244
  3320.000  7806.244
  3500.000  7806.244
  3500.000 13906.240
  3700.000 13906.240
  3700.000 21406.250
  4000.000 21406.250
  4000.000 30406.240
  4250.000 30406.240
Sgvcd5.prm
125 
   207.254      .000
   207.254     1.933
   249.924     1.933
   249.924     4.981
   304.785     4.981
   304.785     8.638
   374.886     8.638
   374.886    15.258
   438.891    15.258
   438.891    19.830
   487.656    19.830
   487.656    23.792
   524.230    23.792
   524.230    27.754
   572.996    27.754
   572.996    31.107
   606.522    31.107
   606.522    35.679
   640.048    35.679
   640.048    40.860
   673.575    40.860
   673.575    46.956
   704.054    46.956
   704.054    54.576
   755.867    54.576
   755.867    63.720
   792.441    63.720
   792.441    70.425
   822.920    70.425
   822.920    78.958
   853.398    78.958
   853.398    88.102
   880.829    88.102
   880.829    95.722
   914.355    95.722
   914.355   108.218
   957.025   108.218
   957.025   117.362
   980.000   117.362
   980.000   123.458
   980.000   123.458
   980.000   131.078
   980.000   131.078
   980.000   138.698
   980.000   138.698
   980.000   146.318
  1000.000   146.318
  1000.000   154.598
  1000.000   154.598
  1000.000   162.878
  1000.000   162.878
  1000.000   171.158
  1000.000   171.158
  1000.000   179.438
  1000.000   179.438
  1000.000   187.718
  1000.000   187.718
  1000.000   195.998
  1000.000   195.998
  1000.000   204.989
  1000.000   204.989
  1000.000   213.980
  1000.000   213.980
  1000.000   222.971
  1000.000   222.971
  1000.000   231.962
  1000.000   231.962
  1000.000   240.953
  1000.000   240.953
  1000.000   249.944
  1000.000   249.944
  1000.000   259.342
  1000.000   259.342
  1000.000   268.740
  1000.000   268.740
  1000.000   278.138
  1000.000   278.138
  1000.000   287.535
  1000.000   287.535
  1000.000   296.932
  1000.000   296.932
  1000.000   306.329
  1000.000   306.329
  1000.000   330.712
  1000.000   330.712
  1000.000   355.095
  1000.000   355.095
  1000.000   379.478
  1000.000   379.478
  1000.000   403.861
  1000.000   403.861
  1000.000   428.244
  1000.000   428.244
  1000.000   461.244
  1190.000   461.244
  1190.000   501.244
  1360.000   501.244
  1360.000   566.244
  1530.000   566.244
  1530.000   666.244
  1720.000   666.244
  1720.000   781.244
  1890.000   781.244
  1890.000   941.244
  2070.000   941.244
  2070.000  1178.244
  2300.000  1178.244
  2300.000  1406.244
  2550.000  1406.244
  2550.000  1956.244
  2760.000  1956.244
  2760.000  2756.244
  2970.000  2756.244
  2970.000  3856.244
  3150.000  3856.244
  3150.000  5406.244
  3320.000  5406.244
  3320.000  7806.244
  3500.000  7806.244
  3500.000 13906.240
  3700.000 13906.240
  3700.000 21406.250
  4000.000 21406.250
  4000.000 30406.240
  4250.000 30406.240
chinocd5.prm (using Sgvcd5.prm)
125
   216.397      .000
   216.397     1.219
   277.354     1.219
   277.354     4.572
   410.125     4.572
   410.125     9.449
   515.087     9.449
   515.087    13.716
   585.187    13.716
   585.187    17.983
   658.336    17.983
   658.336    25.603
   721.484    25.603
   721.484    35.051
   756.176    35.051
   756.176    41.147
   798.846    41.147
   798.846    48.055
   798.846    48.055
   798.846    54.963
   798.846    54.963
   798.846    61.872
   850.659    61.872
   850.659    68.272
   850.659    68.272
   850.659    74.672
   850.659    74.672
   850.659    81.072
   905.521    81.072
   905.521    87.320
   905.521    87.320
   905.521    93.568
   905.521    93.568
   905.521    99.816
   905.521    99.816
   905.521   106.064
   960.382   106.064
   960.382   113.684
   960.382   113.684
   960.382   121.304
   960.382   121.304
   960.382   128.924
   960.382   128.924
   960.382   136.544
   960.382   136.544
   960.382   144.164
  1000.000   144.164
  1000.000   152.444
  1000.000   152.444
  1000.000   160.724
  1000.000   160.724
  1000.000   169.004
  1000.000   169.004
  1000.000   177.284
  1000.000   177.284
  1000.000   185.564
  1000.000   185.564
  1000.000   193.844
  1000.000   193.844
  1000.000   202.835
  1000.000   202.835
  1000.000   211.825
  1000.000   211.825
  1000.000   220.816
  1000.000   220.816
  1000.000   229.807
  1000.000   229.807
  1000.000   238.798
  1000.000   238.798
  1000.000   247.789
  1000.000   247.789
  1000.000   257.188
  1000.000   257.188
  1000.000   266.586
  1000.000   266.586
  1000.000   275.984
  1000.000   275.984
  1000.000   285.381
  1000.000   285.381
  1000.000   294.778
  1000.000   294.778
  1000.000   304.175
  1000.000   304.175
  1000.000   328.558
  1000.000   328.558
  1000.000   352.941
  1000.000   352.941
  1000.000   377.324
  1000.000   377.324
  1000.000   401.706
  1000.000   401.706
  1000.000   426.090
  1000.000   426.090
  1000.000   459.089
  1190.000   459.089
  1190.000   499.090
  1360.000   499.090
  1360.000   564.089
  1530.000   564.089
  1530.000   664.089
  1720.000   664.089
  1720.000   779.089
  1890.000   779.089
  1890.000   939.089
  2070.000   939.089
  2070.000  1176.090
  2300.000  1176.090
  2300.000  1404.089
  2550.000  1404.089
  2550.000  1954.090
  2760.000  1954.090
  2760.000  2754.089
  2970.000  2754.089
  2970.000  3854.089
  3150.000  3854.089
  3150.000  5404.089
  3320.000  5404.089
  3320.000  7804.090
  3500.000  7804.090
  3500.000 13904.090
  3700.000 13904.090
  3700.000 21404.090
  4000.000 21404.090
  4000.000 30404.090
  4250.000 30404.090
Berdocd5.prm (same as Sgvcd5.prm)
167 
   160.480      .000
   160.480     2.743
   213.350     2.743
   213.350     6.370
   269.920     6.370
   269.920    10.932
   304.790    10.932
   304.790    14.589
   347.460    14.589
   347.460    19.156
   377.930    19.156
   377.930    24.947
   408.410    24.947
   408.410    35.867
   416.670    35.867
   416.670    38.482
   416.670    38.482
   416.670    41.097
   434.960    41.097
   434.960    43.712
   434.960    43.712
   434.960    46.327
   451.720    46.327
   451.720    48.942
   451.720    48.942
   451.720    51.557
   468.480    51.557
   468.480    54.415
   468.480    54.415
   468.480    57.272
   482.200    57.272
   482.200    60.130
   482.200    60.130
   482.200    62.987
   495.920    62.987
   495.920    65.845
   495.920    65.845
   495.920    68.702
   514.200    68.702
   514.200    71.750
   514.200    71.750
   514.200    74.798
   526.390    74.798
   526.390    77.846
   526.390    77.846
   526.390    80.894
   541.640    80.894
   541.640    83.942
   541.640    83.942
   541.640    86.990
   553.830    86.990
   553.830    90.220
   553.830    90.220
   553.830    93.450
   559.880    93.450
   559.880    96.955
   559.880    96.955
   559.880   100.460
   565.980   100.460
   565.980   105.845
   565.980   105.845
   565.980   111.230
   565.980   111.230
   565.980   116.615
   584.270   116.615
   584.270   122.177
   584.270   122.177
   584.270   127.739
   584.270   127.739
   584.270   133.301
   584.270   133.301
   584.270   138.863
   602.570   138.863
   602.570   144.959
   602.570   144.959
   602.570   151.055
   602.570   151.055
   602.570   157.151
   602.570   157.151
   602.570   163.247
   602.570   163.247
   602.570   169.343
   623.890   169.343
   623.890   175.439
   623.890   175.439
   623.890   181.535
   623.890   181.535
   623.890   187.631
   623.890   187.631
   623.890   193.727
   651.320   193.727
   651.320   199.620
   651.320   199.620
   651.320   205.513
   651.320   205.513
   651.320   211.406
   651.320   211.406
   651.320   217.299
   651.320   217.299
   651.320   223.192
   651.320   223.192
   651.320   229.085
   681.800   229.085
   681.800   235.957
   681.800   235.957
   681.800   242.829
   681.800   242.829
   681.800   249.701
   681.800   249.701
   681.800   256.573
   681.800   256.573
   681.800   263.445
   681.800   263.445
   681.800   270.317
   681.800   270.317
   681.800   277.189
   681.800   277.189
   681.800   284.061
   681.800   284.061
   681.800   290.933
   681.800   290.933
   681.800   297.805
   681.800   297.805
   681.800   304.677
   761.960   304.677
   761.960   335.157
   761.960   335.157
   761.960   365.637
   761.960   365.637
   761.960   396.117
   761.960   396.117
   761.960   426.597
   761.960   426.597
   761.960   457.077
  1000.000   457.077
  1000.000   490.077
  1190.000   490.077
  1190.000   530.077
  1360.000   530.077
  1360.000   595.077
  1530.000   595.077
  1530.000   695.077
  1720.000   695.077
  1720.000   810.077
  1890.000   810.077
  1890.000   970.077
  2070.000   970.077
  2070.000  1207.077
  2300.000  1207.077
  2300.000  1435.077
  2550.000  1435.077
  2550.000  1985.077
  2760.000  1985.077
  2760.000  2785.077
  2970.000  2785.077
  2970.000  3885.077
  3150.000  3885.077
  3150.000  5435.077
  3320.000  5435.077
  3320.000  7835.077
  3500.000  7835.077
  3500.000 13935.080
  3700.000 13935.080
  3700.000 21435.080
  4000.000 21435.080
  4000.000 30435.080
  4250.000 30435.080
Venturad7.prm (using Labd7.prm)
131 
   188.967      .000
   188.967     2.133
   237.732     2.133
   237.732     7.010
   286.498     7.010
   286.498    11.582
   335.264    11.582
   335.264    16.459
   384.029    16.459
   384.029    22.555
   438.891    22.555
   438.891    28.651
   493.752    28.651
   493.752    36.271
   530.326    36.271
   530.326    42.062
   560.805    42.062
   560.805    49.072
   603.475    49.072
   603.475    57.911
   633.953    57.911
   633.953    66.444
   658.336    66.444
   658.336    72.539
   676.623    72.539
   676.623    81.245
   707.101    81.245
   707.101    92.507
   737.580    92.507
   737.580   105.900
   780.250   105.900
   780.250   125.482
   827.303   125.482
   827.303   152.464
   905.521   152.464
   905.521   158.712
   905.521   158.712
   905.521   164.960
   905.521   164.960
   905.521   171.208
   905.521   171.208
   905.521   177.456
   960.382   177.456
   960.382   185.076
   960.382   185.076
   960.382   192.696
   960.382   192.696
   960.382   200.316
   960.382   200.316
   960.382   207.936
   960.382   207.936
   960.382   215.556
  1000.000   215.556
  1000.000   223.836
  1000.000   223.836
  1000.000   232.116
  1000.000   232.116
  1000.000   240.396
  1000.000   240.396
  1000.000   248.676
  1000.000   248.676
  1000.000   256.956
  1000.000   256.956
  1000.000   265.236
  1000.000   265.236
  1000.000   274.227
  1000.000   274.227
  1000.000   283.218
  1000.000   283.218
  1000.000   292.209
  1000.000   292.209
  1000.000   301.200
  1000.000   301.200
  1000.000   310.191
  1000.000   310.191
  1000.000   319.182
  1000.000   319.182
  1000.000   328.580
  1000.000   328.580
  1000.000   337.978
  1000.000   337.978
  1000.000   347.376
  1000.000   347.376
  1000.000   356.773
  1000.000   356.773
  1000.000   366.170
  1000.000   366.170
  1000.000   375.567
  1000.000   375.567
  1000.000   399.950
  1000.000   399.950
  1000.000   424.333
  1000.000   424.333
  1000.000   448.716
  1000.000   448.716
  1000.000   473.099
  1000.000   473.099
  1000.000   497.482
  1000.000   497.482
  1000.000   530.482
  1190.000   530.482
  1190.000   570.482
  1360.000   570.482
  1360.000   635.482
  1530.000   635.482
  1530.000   735.482
  1720.000   735.482
  1720.000   850.482
  1890.000   850.482
  1890.000  1010.482
  2070.000  1010.482
  2070.000  1247.482
  2300.000  1247.482
  2300.000  1475.482
  2550.000  1475.482
  2550.000  2025.482
  2760.000  2025.482
  2760.000  2825.482
  2970.000  2825.482
  2970.000  3925.482
  3150.000  3925.482
  3150.000  5475.482
  3320.000  5475.482
  3320.000  7875.482
  3500.000  7875.482
  3500.000 13975.480
  3700.000 13975.480
  3700.000 21475.480
  4000.000 21475.480
  4000.000 30475.480
  4250.000 30475.480
Sfvd7.prm
131
   188.967      .000
   188.967     2.133
   237.732     2.133
   237.732     7.010
   286.498     7.010
   286.498    11.582
   335.264    11.582
   335.264    16.459
   384.029    16.459
   384.029    22.555
   438.891    22.555
   438.891    28.651
   493.752    28.651
   493.752    36.271
   530.326    36.271
   530.326    42.062
   560.805    42.062
   560.805    49.072
   603.475    49.072
   603.475    57.911
   633.953    57.911
   633.953    66.444
   658.336    66.444
   658.336    72.539
   676.623    72.539
   676.623    81.245
   707.101    81.245
   707.101    92.507
   737.580    92.507
   737.580   105.900
   780.250   105.900
   780.250   125.482
   827.303   125.482
   827.303   152.464
   905.521   152.464
   905.521   158.712
   905.521   158.712
   905.521   164.960
   905.521   164.960
   905.521   171.208
   905.521   171.208
   905.521   177.456
   960.382   177.456
   960.382   185.076
   960.382   185.076
   960.382   192.696
   960.382   192.696
   960.382   200.316
   960.382   200.316
   960.382   207.936
   960.382   207.936
   960.382   215.556
  1000.000   215.556
  1000.000   223.836
  1000.000   223.836
  1000.000   232.116
  1000.000   232.116
  1000.000   240.396
  1000.000   240.396
  1000.000   248.676
  1000.000   248.676
  1000.000   256.956
  1000.000   256.956
  1000.000   265.236
  1000.000   265.236
  1000.000   274.227
  1000.000   274.227
  1000.000   283.218
  1000.000   283.218
  1000.000   292.209
  1000.000   292.209
  1000.000   301.200
  1000.000   301.200
  1000.000   310.191
  1000.000   310.191
  1000.000   319.182
  1000.000   319.182
  1000.000   328.580
  1000.000   328.580
  1000.000   337.978
  1000.000   337.978
  1000.000   347.376
  1000.000   347.376
  1000.000   356.773
  1000.000   356.773
  1000.000   366.170
  1000.000   366.170
  1000.000   375.567
  1000.000   375.567
  1000.000   399.950
  1000.000   399.950
  1000.000   424.333
  1000.000   424.333
  1000.000   448.716
  1000.000   448.716
  1000.000   473.099
  1000.000   473.099
  1000.000   497.482
  1000.000   497.482
  1000.000   530.482
  1190.000   530.482
  1190.000   570.482
  1360.000   570.482
  1360.000   635.482
  1530.000   635.482
  1530.000   735.482
  1720.000   735.482
  1720.000   850.482
  1890.000   850.482
  1890.000  1010.482
  2070.000  1010.482
  2070.000  1247.482
  2300.000  1247.482
  2300.000  1475.482
  2550.000  1475.482
  2550.000  2025.482
  2760.000  2025.482
  2760.000  2825.482
  2970.000  2825.482
  2970.000  3925.482
  3150.000  3925.482
  3150.000  5475.482
  3320.000  5475.482
  3320.000  7875.482
  3500.000  7875.482
  3500.000 13975.480
  3700.000 13975.480
  3700.000 21475.480
  4000.000 21475.480
  4000.000 30475.480
  4250.000 30475.480
Sgvd7.prm (using Sfvd7.prm)
129
   228.593      .000
   228.593     1.253
   228.593     1.253
   228.593     2.506
   228.593     2.506
   228.593     3.759
   228.593     3.759
   228.593     5.012
   228.593     5.012
   228.593     6.265
   228.593     6.265
   228.593     7.518
   228.593     7.518
   228.593     8.771
   228.593     8.771
   228.593    10.024
   228.593    10.024
   228.593    11.277
   274.311    11.277
   274.311    12.953
   274.311    12.953
   274.311    14.629
   274.311    14.629
   274.311    16.305
   274.311    16.305
   274.311    17.982
   332.220    17.982
   332.220    20.014
   332.220    20.014
   332.220    22.046
   332.220    22.046
   332.220    24.078
   332.220    24.078
   332.220    26.110
   332.220    26.110
   332.220    28.142
   332.220    28.142
   332.220    30.173
   387.082    30.173
   387.082    32.742
   387.082    32.742
   387.082    35.311
   387.082    35.311
   387.082    37.880
   387.082    37.880
   387.082    40.449
   387.082    40.449
   387.082    43.018
   387.082    43.018
   387.082    45.587
   387.082    45.587
   387.082    48.156
   387.082    48.156
   387.082    50.724
   441.943    50.724
   441.943    53.859
   441.943    53.859
   441.943    56.994
   441.943    56.994
   441.943    60.129
   441.943    60.129
   441.943    63.264
   441.943    63.264
   441.943    66.399
   441.943    66.399
   441.943    69.534
   441.943    69.534
   441.943    72.669
   502.900    72.669
   502.900    76.530
   502.900    76.530
   502.900    80.391
   502.900    80.391
   502.900    84.252
   502.900    84.252
   502.900    88.113
   502.900    88.113
   502.900    91.974
   502.900    91.974
   502.900    95.835
   502.900    95.835
   502.900    99.696
   502.900    99.696
   502.900   103.557
   502.900   103.557
   502.900   107.415
   563.857   107.415
   563.857   111.987
   563.857   111.987
   563.857   116.559
   563.857   116.559
   563.857   121.131
   563.857   121.131
   563.857   125.703
   563.857   125.703
   563.857   130.275
   563.857   130.275
   563.857   134.847
   563.857   134.847
   563.857   139.419
   563.857   139.419
   563.857   143.991
   563.857   143.991
   563.857   148.561
   624.814   148.561
   624.814   153.404
   624.814   153.404
   624.814   199.122
  1000.000   199.122
  1000.000   309.122
  1950.000   309.122
  1950.000   709.122
  2480.000   709.122
  2480.000  1209.122
  2770.000  1209.122
  2770.000  3209.122
  3100.000  3209.122
  3100.000  5209.122
  3310.000  5209.122
  3310.000  7209.122
  3550.000  7209.122
  3550.000  9209.122
  3610.000  9209.122
  3610.000 13209.120
  3620.000 13209.120
  3620.000 18209.120
  3850.000 18209.120
  3850.000 25209.120
  4620.000 25209.120
Berdod7.prm
98
608.436 0.
527.617 1.00000
564.975 2.00000
641.403 3.00000
798.475 4.00000
911.944 5.00000
952.612 6.00000
1019.32 7.00000
1138.31 8.00000
1233.63 9.00000
1420.29 10.00000
1489.51 11.0000
1564.6 12.0000
1667.19 13.0000
1810.62 14.0000
1778.22 15.0000
1797.75 16.0000
1818.7 17.0000
1859.04 18.0000
1918.26 19.0000
1957.84 20.0000
1916.04 21.0000
2017.37 22.0000
2004.07 23.0000
1848.56 24.0000
1861.48 25.0000
1849.37 26.0000
1948.88 27.0000
1947.01 28.0000
2059.29 29.0000
2101.36 30.0000
2462.34 31.0000
2104.68 32.0000
2036.47 33.0000
1987.13 34.0000
1987.13 35.0000
2031.38 36.0000
2108.33 37.0000
2108.33 38.0000
2147.86 39.0000
2147.86 40.0000
2147.86 41.0000
2469 42.0000
2469 43.0000
2469 44.0000
2194.3 45.0000
2385.22 46.0000
2385.22 47.0000
2555.63 48.0000
2555.63 49.0000
2751.15 50.0000
2751.15 51.0000
2751.15 52.0000
2751.15 53.0000
2751.15 54.0000
2366.05 55.0000
2366.05 56.0000
2366.05 57.0000
2366.05 58.0000
2274.14 59.0000
2524.17 60.0000
2524.17 61.0000
2524.17 62.0000
2524.17 63.0000
2524.17 64.0000
2524.17 65.0000
2524.17 66.0000
2524.17 67.0000
2524.17 68.0000
2524.17 69.0000
2524.17 70.0000
2524.17 71.0000
2524.17 72.0000
2524.17 73.0000
2524.17 74.0000
2524.17 75.0000
2378.14 76.0000
2796.2 77.0000
2796.2 78.0000
2796.2 79.0000
2796.2 80.0000
2796.2 81.0000
2516.79 82.0000
2516.79 83.0000
2516.79 84.0000
2516.79 85.0000
2395.91 86.0000
3754.08 87.0000
3754.08 88.0000
3754.08 89.0000
3754.08 90.0000
3754.08 91.0000
3754.08 92.0000
3754.08 93.0000
3754.08 94.0000
3754.08 95.0000
3754.08 96.0000
3754.08 97.0000
model.xy_all_BC2_synP_ave 
98
608.436 0.
527.617 1.00000
564.975 2.00000
641.403 3.00000
798.475 4.00000
911.944 5.00000
952.612 6.00000
1019.32 7.00000
1138.31 8.00000
1233.63 9.00000
1420.29 10.00000
1489.51 11.0000
1564.6 12.0000
1667.19 13.0000
1810.62 14.0000
1778.22 15.0000
1797.75 16.0000
1818.7 17.0000
1859.04 18.0000
1918.26 19.0000
1957.84 20.0000
1916.04 21.0000
2017.37 22.0000
2004.07 23.0000
1848.56 24.0000
1861.48 25.0000
1849.37 26.0000
1948.88 27.0000
1947.01 28.0000
2059.29 29.0000
2101.36 30.0000
2462.34 31.0000
2104.68 32.0000
2036.47 33.0000
1987.13 34.0000
1987.13 35.0000
2031.38 36.0000
2108.33 37.0000
2108.33 38.0000
2147.86 39.0000
2147.86 40.0000
2147.86 41.0000
2469 42.0000
2469 43.0000
2469 44.0000
2194.3 45.0000
2385.22 46.0000
2385.22 47.0000
2555.63 48.0000
2555.63 49.0000
2751.15 50.0000
2751.15 51.0000
2751.15 52.0000
2751.15 53.0000
2751.15 54.0000
2366.05 55.0000
2366.05 56.0000
2366.05 57.0000
2366.05 58.0000
2274.14 59.0000
2524.17 60.0000
2524.17 61.0000
2524.17 62.0000
2524.17 63.0000
2524.17 64.0000
2524.17 65.0000
2524.17 66.0000
2524.17 67.0000
2524.17 68.0000
2524.17 69.0000
2524.17 70.0000
2524.17 71.0000
2524.17 72.0000
2524.17 73.0000
2524.17 74.0000
2524.17 75.0000
2378.14 76.0000
2796.2 77.0000
2796.2 78.0000
2796.2 79.0000
2796.2 80.0000
2796.2 81.0000
2516.79 82.0000
2516.79 83.0000
2516.79 84.0000
2516.79 85.0000
2395.91 86.0000
3754.08 87.0000
3754.08 88.0000
3754.08 89.0000
3754.08 90.0000
3754.08 91.0000
3754.08 92.0000
3754.08 93.0000
3754.08 94.0000
3754.08 95.0000
3754.08 96.0000
3754.08 97.0000
model.xy_all_BC2_synP_ave
90
473.392 0.
473.392 1.00000
496.903 2.00000
536.866 3.00000
536.866 4.00000
622.794 5.00000
679.120 6.00000
679.120 7.00000
724.279 8.00000
779.011 9.00000
1034.84 10.00000
1034.84 11.0000
1244.01 12.0000
1244.01 13.0000
1244.01 14.0000
1244.01 15.0000
1435.82 16.0000
1435.82 17.0000
1435.82 18.0000
1435.82 19.0000
1566.06 20.0000
1566.06 21.0000
1566.06 22.0000
1566.06 23.0000
1684.84 24.0000
1667.11 25.0000
1667.11 26.0000
2167.41 27.0000
2167.41 28.0000
2167.41 29.0000
2167.41 30.0000
2167.41 31.0000
2167.41 32.0000
2167.41 33.0000
2167.41 34.0000
2167.41 35.0000
2167.41 36.0000
2167.41 37.0000
2167.41 38.0000
2167.41 39.0000
2167.41 40.0000
2167.41 41.0000
2167.41 42.0000
2167.41 43.0000
2167.41 44.0000
2167.41 45.0000
2167.41 46.0000
2167.41 47.0000
2167.41 48.0000
2167.41 49.0000
2167.41 50.0000
2167.41 51.0000
2167.41 52.0000
2167.41 53.0000
2167.41 54.0000
2167.41 55.0000
2167.41 56.0000
2167.41 57.0000
2167.41 58.0000
2167.41 59.0000
2167.41 60.0000
2167.41 61.0000
2167.41 62.0000
2167.41 63.0000
2167.41 64.0000
2167.41 65.0000
2167.41 66.0000
2167.41 67.0000
2167.41 68.0000
2167.41 69.0000
2167.41 70.0000
2167.41 71.0000
2167.41 72.0000
2167.41 73.0000
2167.41 74.0000
2167.41 75.0000
2167.41 76.0000
2167.41 77.0000
2167.41 78.0000
2167.41 79.0000
2167.41 80.0000
2167.41 81.0000
2167.41 82.0000
2167.41 83.0000
2167.41 84.0000
2167.41 85.0000
2167.41 86.0000
2167.41 87.0000
2167.41 88.0000
2030.99 89.0000
model.xy_all_C4_P2_ave 
201
696.491 0.
696.491 1.00000
696.491 2.00000
717.006 3.00000
696.969 4.00000
856.848 5.00000
856.848 6.00000
1037.21 7.00000
1037.21 8.00000
1118.40 9.00000
1118.40 10.00000
1262.26 11.0000
1262.26 12.0000
1262.26 13.0000
1262.26 14.0000
1252.88 15.0000
1252.88 16.0000
1252.88 17.0000
1252.88 18.0000
1284.79 19.0000
1534.69 20.0000
1526.61 21.0000
1526.61 22.0000
1623.58 23.0000
1623.58 24.0000
1623.58 25.0000
1653.33 26.0000
1587.22 27.0000
1572.26 28.0000
1569.17 29.0000
1661.55 30.0000
1661.55 31.0000
1661.55 32.0000
1661.55 33.0000
1661.55 34.0000
1661.55 35.0000
1661.55 36.0000
1661.55 37.0000
1661.55 38.0000
1661.55 39.0000
1661.55 40.0000
1661.55 41.0000
1661.55 42.0000
1661.55 43.0000
1669.54 44.0000
1669.54 45.0000
1669.54 46.0000
1669.54 47.0000
1669.54 48.0000
1669.54 49.0000
1669.54 50.0000
1669.54 51.0000
1669.54 52.0000
1669.54 53.0000
1669.54 54.0000
1669.54 55.0000
1669.54 56.0000
1630.72 57.0000
1630.72 58.0000
1630.72 59.0000
1523.92 60.0000
1523.92 61.0000
1523.92 62.0000
1523.92 63.0000
1523.92 64.0000
1523.92 65.0000
1523.92 66.0000
1523.92 67.0000
1523.92 68.0000
1523.92 69.0000
1523.92 70.0000
1523.92 71.0000
1523.92 72.0000
1523.92 73.0000
1523.92 74.0000
1523.92 75.0000
1523.92 76.0000
1523.92 77.0000
1523.92 78.0000
1523.92 79.0000
1523.92 80.0000
1523.92 81.0000
1523.92 82.0000
1523.92 83.0000
1523.92 84.0000
1523.92 85.0000
1523.92 86.0000
1523.92 87.0000
1523.92 88.0000
1523.92 89.0000
1523.92 90.0000
1523.92 91.0000
1523.92 92.0000
1523.92 93.0000
1523.92 94.0000
1523.92 95.0000
1523.92 96.0000
1523.92 97.0000
1523.92 98.0000
1523.92 99.0000
1523.92 100.0000
1523.92 101.0000
1523.92 102.0000
1523.92 103.0000
1523.92 104.0000
1523.92 105.0000
1523.92 106.000
1523.92 107.000
1523.92 108.000
1523.92 109.000
1523.92 110.000
1523.92 111.000
1523.92 112.000
1523.92 113.000
1523.92 114.000
1523.92 115.000
1523.92 116.000
1523.92 117.000
1523.92 118.000
1523.92 119.000
1523.92 120.000
1523.92 121.000
1523.92 122.000
1523.92 123.000
1523.92 124.000
1523.92 125.000
1523.92 126.000
1523.92 127.000
1523.92 128.000
1523.92 129.000
1523.92 130.000
1523.92 131.000
1523.92 132.000
1523.92 133.000
1523.92 134.000
1523.92 135.000
1523.92 136.000
1523.92 137.000
1523.92 138.000
1523.92 139.000
1523.92 140.000
1523.92 141.000
1523.92 142.000
1523.92 143.000
1523.92 144.000
1523.92 145.000
1523.92 146.000
1523.92 147.000
1523.92 148.000
1523.92 149.000
1523.92 150.000
1523.92 151.000
1523.92 152.000
1523.92 153.000
1523.92 154.000
1523.92 155.000
1523.92 156.000
1523.92 157.000
1523.92 158.000
1523.92 159.000
1523.92 160.000
1523.92 161.000
1523.92 162.000
1523.92 163.000
1523.92 164.000
1523.92 165.000
1523.92 166.000
1523.92 167.000
1523.92 168.000
1523.92 169.000
1523.92 170.000
1523.92 171.000
1523.92 172.000
1523.92 173.000
1523.92 174.000
1523.92 175.000
1523.92 176.000
1523.92 177.000
1523.92 178.000
1523.92 179.000
1523.92 180.000
1523.92 181.000
1523.92 182.000
1725.07 183.000
1725.07 184.000
1725.07 185.000
1725.07 186.000
1725.07 187.000
1725.07 188.000
1725.07 189.000
1725.07 190.000
1725.07 191.000
1725.07 192.000
1725.07 193.000
1725.07 194.000
1725.07 195.000
1725.07 196.000
1725.07 197.000
1725.07 198.000
1725.07 199.000
1725.07 200.000
model.xy_lab_CD5_P2_ave 
96
404.747 0.
395.333 1.00000
397.910 2.00000
475.438 3.00000
716.261 4.00000
754.157 5.00000
755.444 6.00000
811.293 7.00000
811.293 8.00000
832.991 9.00000
837.570 10.00000
864.091 11.0000
864.091 12.0000
900.388 13.0000
904.153 14.0000
881.489 15.0000
925.439 16.0000
968.241 17.0000
1040.41 18.0000
1117.78 19.0000
1163.50 20.0000
1163.50 21.0000
1163.50 22.0000
1163.50 23.0000
1192.21 24.0000
1276.93 25.0000
1327.19 26.0000
1327.19 27.0000
1371.13 28.0000
1371.13 29.0000
1371.13 30.0000
1353.35 31.0000
1376.05 32.0000
1376.05 33.0000
1376.05 34.0000
1365.94 35.0000
1365.94 36.0000
1378.23 37.0000
1378.23 38.0000
1317.03 39.0000
1299.90 40.0000
1299.90 41.0000
1342.09 42.0000
1363.35 43.0000
1363.35 44.0000
1331.18 45.0000
1315.43 46.0000
1315.43 47.0000
1162.27 48.0000
1162.27 49.0000
1162.27 50.0000
1162.27 51.0000
1162.27 52.0000
1162.27 53.0000
1171.64 54.0000
965.605 55.0000
965.605 56.0000
965.605 57.0000
982.696 58.0000
982.696 59.0000
999.496 60.0000
1799.99 61.0000
1799.99 62.0000
1799.99 63.0000
1799.99 64.0000
1919.99 65.0000
1919.99 66.0000
1919.99 67.0000
1919.99 68.0000
1779.99 69.0000
1779.99 70.0000
1779.99 71.0000
1779.99 72.0000
1779.99 73.0000
1779.99 74.0000
1779.99 75.0000
1779.99 76.0000
1779.99 77.0000
1779.99 78.0000
1779.99 79.0000
1779.99 80.0000
1779.99 81.0000
1779.99 82.0000
1779.99 83.0000
1779.99 84.0000
1779.99 85.0000
1779.99 86.0000
1779.99 87.0000
1829.99 88.0000
1829.99 89.0000
1829.99 90.0000
1829.99 91.0000
1829.99 92.0000
1829.99 93.0000
1829.99 94.0000
1829.99 95.0000
model.xy_lab_D7_P2_ave 
185 
344.705 0.
370.489 1.00000
370.489 2.00000
417.763 3.00000
549.334 4.00000
1600.24 5.00000
1600.24 6.00000
1600.24 7.00000
1600.24 8.00000
1544.43 9.00000
1579.55 10.00000
1579.55 11.0000
1579.55 12.0000
1579.55 13.0000
1579.55 14.0000
1602.82 15.0000
1617.95 16.0000
1617.95 17.0000
1639.24 18.0000
1639.24 19.0000
1575.54 20.0000
1566.29 21.0000
1566.29 22.0000
1566.29 23.0000
1566.29 24.0000
1566.29 25.0000
1532.10 26.0000
1591.63 27.0000
1600.30 28.0000
1600.30 29.0000
1600.30 30.0000
1636.36 31.0000
1636.36 32.0000
1636.36 33.0000
1663.35 34.0000
1685.09 35.0000
1685.09 36.0000
1679.27 37.0000
1679.27 38.0000
1679.27 39.0000
1679.27 40.0000
1679.27 41.0000
1685.27 42.0000
1685.27 43.0000
1685.27 44.0000
1685.27 45.0000
1685.27 46.0000
1685.27 47.0000
1685.27 48.0000
1685.27 49.0000
1685.27 50.0000
1685.27 51.0000
1685.27 52.0000
1685.27 53.0000
1685.27 54.0000
1685.27 55.0000
1696.86 56.0000
1676.69 57.0000
1676.69 58.0000
1676.69 59.0000
1669.25 60.0000
1669.25 61.0000
1669.25 62.0000
1659.34 63.0000
1659.34 64.0000
1659.34 65.0000
1659.34 66.0000
1659.34 67.0000
1659.34 68.0000
1669.25 69.0000
1669.25 70.0000
1688.89 71.0000
1688.89 72.0000
1698.62 73.0000
1739.83 74.0000
1739.83 75.0000
1739.83 76.0000
1739.83 77.0000
1739.83 78.0000
1739.83 79.0000
1739.83 80.0000
1749.63 81.0000
1749.63 82.0000
1749.63 83.0000
1749.63 84.0000
1749.63 85.0000
1749.63 86.0000
1749.63 87.0000
1749.63 88.0000
1731.87 89.0000
1731.87 90.0000
1731.87 91.0000
1731.87 92.0000
1739.46 93.0000
1739.46 94.0000
1739.46 95.0000
1739.46 96.0000
1731.96 97.0000
1731.96 98.0000
1731.96 99.0000
1722.25 100.0000
1722.25 101.0000
1729.71 102.0000
1729.71 103.0000
1729.71 104.0000
1744.52 105.0000
1744.52 106.000
1742.70 107.000
1742.70 108.000
1742.70 109.000
1742.70 110.000
1759.05 111.000
1783.15 112.000
1783.15 113.000
1783.15 114.000
1769.88 115.000
1769.88 116.000
1724.81 117.000
1724.81 118.000
1724.81 119.000
1724.81 120.000
1724.81 121.000
1724.81 122.000
1724.81 123.000
1724.81 124.000
1749.99 125.000
1749.99 126.000
1749.99 127.000
1749.99 128.000
1749.99 129.000
1749.99 130.000
1749.99 131.000
1749.99 132.000
1749.99 133.000
1749.99 134.000
1749.99 135.000
1749.99 136.000
1749.99 137.000
1749.99 138.000
1749.99 139.000
1784.99 140.000
1784.99 141.000
1784.99 142.000
1784.99 143.000
1784.99 144.000
1784.99 145.000
1784.99 146.000
1784.99 147.000
1784.99 148.000
1784.99 149.000
1784.99 150.000
1784.99 151.000
1784.99 152.000
1784.99 153.000
1784.99 154.000
1784.99 155.000
1859.99 156.000
1859.99 157.000
1859.99 158.000
1859.99 159.000
1859.99 160.000
1859.99 161.000
1859.99 162.000
1859.99 163.000
1859.99 164.000
1859.99 165.000
1859.99 166.000
1859.99 167.000
1859.99 168.000
1859.99 169.000
1859.99 170.000
1859.99 171.000
1859.99 172.000
1859.99 173.000
1859.99 174.000
1859.99 175.000
1859.99 176.000
1859.99 177.000
1859.99 178.000
1859.99 179.000
1859.99 180.000
1859.99 181.000
1859.99 182.000
1859.99 183.000
1859.99 184.000
model.xy_all_DE8_P_ave 
90
401.465 0.
401.465 1.00000
388.213 2.00000
537.452 3.00000
549.894 4.00000
543.496 5.00000
570.815 6.00000
600.691 7.00000
615.626 8.00000
683.432 9.00000
773.253 10.00000
788.725 11.0000
887.214 12.0000
987.296 13.0000
1019.28 14.0000
1033.32 15.0000
1066.73 16.0000
1170.41 17.0000
1372.00 18.0000
1444.23 19.0000
1423.60 20.0000
1473.11 21.0000
1624.80 22.0000
1628.58 23.0000
1530.42 24.0000
1517.18 25.0000
1533.22 26.0000
1545.19 27.0000
1622.73 28.0000
1710.24 29.0000
1762.07 30.0000
1813.52 31.0000
1813.52 32.0000
1841.23 33.0000
1901.81 34.0000
1976.26 35.0000
1866.51 36.0000
2023.41 37.0000
2023.41 38.0000
2138.38 39.0000
2172.10 40.0000
2172.10 41.0000
2172.10 42.0000
2172.10 43.0000
2172.10 44.0000
2172.10 45.0000
2172.10 46.0000
2172.10 47.0000
2172.10 48.0000
2020.50 49.0000
2020.50 50.0000
2020.50 51.0000
2209.49 52.0000
2209.49 53.0000
2209.49 54.0000
2149.99 55.0000
2149.99 56.0000
2149.99 57.0000
2149.99 58.0000
2149.99 59.0000
2149.99 60.0000
2149.99 61.0000
2149.99 62.0000
2149.99 63.0000
2149.99 64.0000
2149.99 65.0000
2149.99 66.0000
2149.99 67.0000
2149.99 68.0000
2149.99 69.0000
2149.99 70.0000
2149.99 71.0000
2149.99 72.0000
2149.99 73.0000
2149.99 74.0000
2149.99 75.0000
2149.99 76.0000
2149.99 77.0000
2149.99 78.0000
2149.99 79.0000
2149.99 80.0000
2149.99 81.0000
2149.99 82.0000
2149.99 83.0000
2149.99 84.0000
2149.99 85.0000
2149.99 86.0000
2149.99 87.0000
2149.99 88.0000
2149.99 89.0000
model.xy_ventura_CD5_P_ave (using sfv_CD5_P_ave)
90
474.392 0.
474.392 1.00000
441.468 2.00000
522.999 3.00000
549.286 4.00000
535.682 5.00000
577.268 6.00000
635.116 7.00000
669.435 8.00000
669.435 9.00000
701.651 10.00000
661.799 11.0000
721.296 12.0000
723.106 13.0000
794.247 14.0000
850.807 15.0000
914.030 16.0000
1031.21 17.0000
1264.57 18.0000
1496.93 19.0000
1333.81 20.0000
1450.83 21.0000
1623.22 22.0000
1650.71 23.0000
1628.19 24.0000
1642.93 25.0000
1677.85 26.0000
1704.14 27.0000
1671.45 28.0000
2002.40 29.0000
2104.56 30.0000
2016.97 31.0000
2016.97 32.0000
2068.58 33.0000
2068.58 34.0000
2205.29 35.0000
2063.52 36.0000
2110.88 37.0000
2110.88 38.0000
2110.88 39.0000
2149.99 40.0000
2149.99 41.0000
2149.99 42.0000
2149.99 43.0000
2149.99 44.0000
2149.99 45.0000
2149.99 46.0000
2149.99 47.0000
2149.99 48.0000
2149.99 49.0000
2149.99 50.0000
2149.99 51.0000
2149.99 52.0000
2149.99 53.0000
2149.99 54.0000
2149.99 55.0000
2149.99 56.0000
2149.99 57.0000
2149.99 58.0000
2149.99 59.0000
2149.99 60.0000
2149.99 61.0000
2149.99 62.0000
2149.99 63.0000
2149.99 64.0000
2149.99 65.0000
2149.99 66.0000
2149.99 67.0000
2149.99 68.0000
2149.99 69.0000
2149.99 70.0000
2149.99 71.0000
2149.99 72.0000
2149.99 73.0000
2149.99 74.0000
2149.99 75.0000
2149.99 76.0000
2149.99 77.0000
2149.99 78.0000
2149.99 79.0000
2149.99 80.0000
2149.99 81.0000
2149.99 82.0000
2149.99 83.0000
2149.99 84.0000
2149.99 85.0000
2149.99 86.0000
2149.99 87.0000
2149.99 88.0000
2149.99 89.0000
model.xy_sfv_CD5_P2_ave 
69
348.439 0.
348.439 1.00000
348.439 2.00000
447.376 3.00000
711.407 4.00000
746.154 5.00000
726.095 6.00000
726.095 7.00000
860.580 8.00000
911.650 9.00000
979.666 10.00000
925.851 11.0000
959.451 12.0000
1176.14 13.0000
1333.88 14.0000
1333.88 15.0000
1633.90 16.0000
1462.13 17.0000
1387.33 18.0000
1387.33 19.0000
1387.33 20.0000
1387.33 21.0000
1387.33 22.0000
1369.64 23.0000
1496.35 24.0000
1089.72 25.0000
1089.72 26.0000
1089.72 27.0000
1089.72 28.0000
1296.72 29.0000
1296.72 30.0000
1296.72 31.0000
1296.72 32.0000
1296.72 33.0000
1296.72 34.0000
1296.72 35.0000
1296.72 36.0000
1296.72 37.0000
1471.73 38.0000
1708.32 39.0000
1708.32 40.0000
1708.32 41.0000
1526.30 42.0000
1526.30 43.0000
1526.30 44.0000
1526.30 45.0000
1526.30 46.0000
1618.88 47.0000
1618.88 48.0000
1897.36 49.0000
1897.36 50.0000
1688.19 51.0000
1688.19 52.0000
1688.19 53.0000
1688.19 54.0000
1324.98 55.0000
1324.98 56.0000
1324.98 57.0000
1324.98 58.0000
1324.98 59.0000
1139.99 60.0000
1699.99 61.0000
1699.99 62.0000
1699.99 63.0000
1699.99 64.0000
1229.99 65.0000
1229.99 66.0000
1229.99 67.0000
1229.99 68.0000
model.xy_sgv_CD5_P2_ave
69
348.439 0.
348.439 1.00000
348.439 2.00000
447.376 3.00000
711.407 4.00000
746.154 5.00000
726.095 6.00000
726.095 7.00000
860.580 8.00000
911.650 9.00000
979.666 10.00000
925.851 11.0000
959.451 12.0000
1176.14 13.0000
1333.88 14.0000
1333.88 15.0000
1633.90 16.0000
1462.13 17.0000
1387.33 18.0000
1387.33 19.0000
1387.33 20.0000
1387.33 21.0000
1387.33 22.0000
1369.64 23.0000
1496.35 24.0000
1089.72 25.0000
1089.72 26.0000
1089.72 27.0000
1089.72 28.0000
1296.72 29.0000
1296.72 30.0000
1296.72 31.0000
1296.72 32.0000
1296.72 33.0000
1296.72 34.0000
1296.72 35.0000
1296.72 36.0000
1296.72 37.0000
1471.73 38.0000
1708.32 39.0000
1708.32 40.0000
1708.32 41.0000
1526.30 42.0000
1526.30 43.0000
1526.30 44.0000
1526.30 45.0000
1526.30 46.0000
1618.88 47.0000
1618.88 48.0000
1897.36 49.0000
1897.36 50.0000
1688.19 51.0000
1688.19 52.0000
1688.19 53.0000
1688.19 54.0000
1324.98 55.0000
1324.98 56.0000
1324.98 57.0000
1324.98 58.0000
1324.98 59.0000
1139.99 60.0000
1699.99 61.0000
1699.99 62.0000
1699.99 63.0000
1699.99 64.0000
1229.99 65.0000
1229.99 66.0000
1229.99 67.0000
1229.99 68.0000
model.xy_chino_CD5_P_ave ; using model.xy_sgv_CD5_P2_ave
69
348.439 0.
348.439 1.00000
348.439 2.00000
447.376 3.00000
711.407 4.00000
746.154 5.00000
726.095 6.00000
726.095 7.00000
860.580 8.00000
911.650 9.00000
979.666 10.00000
925.851 11.0000
959.451 12.0000
1176.14 13.0000
1333.88 14.0000
1333.88 15.0000
1633.90 16.0000
1462.13 17.0000
1387.33 18.0000
1387.33 19.0000
1387.33 20.0000
1387.33 21.0000
1387.33 22.0000
1369.64 23.0000
1496.35 24.0000
1089.72 25.0000
1089.72 26.0000
1089.72 27.0000
1089.72 28.0000
1296.72 29.0000
1296.72 30.0000
1296.72 31.0000
1296.72 32.0000
1296.72 33.0000
1296.72 34.0000
1296.72 35.0000
1296.72 36.0000
1296.72 37.0000
1471.73 38.0000
1708.32 39.0000
1708.32 40.0000
1708.32 41.0000
1526.30 42.0000
1526.30 43.0000
1526.30 44.0000
1526.30 45.0000
1526.30 46.0000
1618.88 47.0000
1618.88 48.0000
1897.36 49.0000
1897.36 50.0000
1688.19 51.0000
1688.19 52.0000
1688.19 53.0000
1688.19 54.0000
1324.98 55.0000
1324.98 56.0000
1324.98 57.0000
1324.98 58.0000
1324.98 59.0000
1139.99 60.0000
1699.99 61.0000
1699.99 62.0000
1699.99 63.0000
1699.99 64.0000
1229.99 65.0000
1229.99 66.0000
1229.99 67.0000
1229.99 68.0000
model.xy_berdo_CD5_P_ave ; using model.xy_sgv_CD5_P2_ave
67
359.369 0.
359.369 1.00000
365.569 2.00000
536.989 3.00000
536.989 4.00000
1092.78 5.00000
1436.68 6.00000
1436.68 7.00000
1612.49 8.00000
1612.49 9.00000
1612.49 10.00000
1612.49 11.0000
1612.49 12.0000
1612.49 13.0000
1612.49 14.0000
1495.67 15.0000
1495.67 16.0000
1495.67 17.0000
1495.67 18.0000
1495.67 19.0000
1571.30 20.0000
1571.30 21.0000
1571.30 22.0000
1571.30 23.0000
1571.30 24.0000
1571.30 25.0000
1571.30 26.0000
1571.30 27.0000
1740.53 28.0000
1743.17 29.0000
1831.99 30.0000
2561.99 31.0000
2561.99 32.0000
2561.99 33.0000
2561.99 34.0000
2561.99 35.0000
2561.99 36.0000
2561.99 37.0000
2561.99 38.0000
2561.99 39.0000
3114.98 40.0000
3114.98 41.0000
3114.98 42.0000
3114.98 43.0000
3114.98 44.0000
3114.98 45.0000
3114.98 46.0000
3114.98 47.0000
3114.98 48.0000
3114.98 49.0000
3114.98 50.0000
3114.98 51.0000
3114.98 52.0000
3114.98 53.0000
3114.98 54.0000
3114.98 55.0000
3114.98 56.0000
3114.98 57.0000
3114.98 58.0000
3114.98 59.0000
3114.98 60.0000
3114.98 61.0000
3114.98 62.0000
3114.98 63.0000
3114.98 64.0000
3114.98 65.0000
3114.98 66.0000
model.xy_ventura_D7_P2_ave 
90 
387.082 0.
387.082 1.00000
381.267 2.00000
478.054 3.00000
495.691 4.00000
528.608 5.00000
612.517 6.00000
677.300 7.00000
679.123 8.00000
710.563 9.00000
759.637 10.00000
755.594 11.0000
779.211 12.0000
758.440 13.0000
779.298 14.0000
852.737 15.0000
869.596 16.0000
1024.54 17.0000
1091.80 18.0000
1073.09 19.0000
1084.68 20.0000
1153.43 21.0000
1153.43 22.0000
1223.17 23.0000
1295.06 24.0000
1326.01 25.0000
1240.16 26.0000
1210.18 27.0000
1193.20 28.0000
1262.68 29.0000
1390.44 30.0000
1390.44 31.0000
1355.31 32.0000
1355.31 33.0000
1402.97 34.0000
1388.61 35.0000
1405.99 36.0000
1447.05 37.0000
1502.77 38.0000
1502.77 39.0000
1414.03 40.0000
1414.03 41.0000
1455.14 42.0000
1470.45 43.0000
1447.52 44.0000
1472.11 45.0000
1472.11 46.0000
1474.46 47.0000
1474.46 48.0000
1515.74 49.0000
1515.74 50.0000
1572.61 51.0000
1572.61 52.0000
1572.61 53.0000
1572.61 54.0000
1638.49 55.0000
1638.49 56.0000
1638.49 57.0000
1652.82 58.0000
1652.82 59.0000
1684.06 60.0000
1684.06 61.0000
1684.06 62.0000
1698.32 63.0000
1698.32 64.0000
1666.35 65.0000
1666.35 66.0000
1666.35 67.0000
1666.35 68.0000
1666.35 69.0000
1693.02 70.0000
1810.47 71.0000
1810.47 72.0000
1810.47 73.0000
1810.47 74.0000
1908.65 75.0000
1908.65 76.0000
1908.65 77.0000
1908.65 78.0000
1908.65 79.0000
1939.98 80.0000
1939.98 81.0000
1939.98 82.0000
1939.98 83.0000
1918.70 84.0000
1918.70 85.0000
1918.70 86.0000
1942.07 87.0000
1942.07 88.0000
1942.07 89.0000
model.xy_sfv_D7_P_ave 
29 
360.814 0.
360.814 1.00000
360.814 2.00000
347.375 3.00000
375.392 4.00000
520.790 5.00000
585.729 6.00000
600.275 7.00000
705.879 8.00000
1042.65 9.00000
1042.65 10.00000
1436.21 11.0000
1548.97 12.0000
1834.01 13.0000
1834.01 14.0000
1834.01 15.0000
1858.30 16.0000
1858.30 17.0000
1843.07 18.0000
1921.60 19.0000
1921.60 20.0000
1921.60 21.0000
1921.60 22.0000
1921.60 23.0000
1921.60 24.0000
1179.99 25.0000
1179.99 26.0000
1179.99 27.0000
1179.99 28.0000
model.xy_sgv_D7_P_ave 
29 
360.814 0.
360.814 1.00000
360.814 2.00000
347.375 3.00000
375.392 4.00000
520.790 5.00000
585.729 6.00000
600.275 7.00000
705.879 8.00000
1042.65 9.00000
1042.65 10.00000
1436.21 11.0000
1548.97 12.0000
1834.01 13.0000
1834.01 14.0000
1834.01 15.0000
1858.30 16.0000
1858.30 17.0000
1843.07 18.0000
1921.60 19.0000
1921.60 20.0000
1921.60 21.0000
1921.60 22.0000
1921.60 23.0000
1921.60 24.0000
1179.99 25.0000
1179.99 26.0000
1179.99 27.0000
1179.99 28.0000
chino D7 P, using model.xy_sgv_D7_P_ave
