   -118.582    34.2457
   -118.581    34.2566
   -118.580    34.2641
   -118.578    34.2703
   -118.570    34.2743
   -118.564    34.2763
   -118.561    34.2823
   -118.558    34.2885
   -118.552    34.2923
   -118.544    34.2942
   -118.541    34.2945
   -118.540    34.2955
   -118.541    34.2991
   -118.542    34.3017
   -118.542    34.3056
   -118.544    34.3119
   -118.546    34.3185
   -118.549    34.3225
   -118.553    34.3277
   -118.544    34.3240
   -118.536    34.3203
   -118.531    34.3171
   -118.527    34.3155
   -118.523    34.3155
   -118.514    34.3203
   -118.506    34.3267
   -118.496    34.3331
   -118.490    34.3372
   -118.487    34.3393
   -118.483    34.3456
   -118.477    34.3543
   -118.471    34.3589
   -118.467    34.3609
   -118.462    34.3615
   -118.447    34.3579
   -118.433    34.3547
   -118.424    34.3518
   -118.416    34.3482
   -118.407    34.3438
   -118.400    34.3407
   -118.387    34.3396
   -118.377    34.3378
   -118.362    34.3342
   -118.346    34.3296
   -118.332    34.3263
   -118.328    34.3249
   -118.321    34.3211
   -118.310    34.3161
   -118.296    34.3091
   -118.283    34.3031
   -118.273    34.2977
   -118.265    34.2932
   -118.262    34.2900
   -118.259    34.2861
   -118.259    34.2820
   -118.261    34.2770
   -118.264    34.2740
   -118.267    34.2760
   -118.272    34.2784
   -118.275    34.2792
   -118.279    34.2777
   -118.286    34.2774
   -118.291    34.2781
   -118.295    34.2789
   -118.299    34.2773
   -118.302    34.2754
   -118.305    34.2750
   -118.307    34.2743
   -118.309    34.2727
   -118.304    34.2710
   -118.299    34.2698
   -118.296    34.2688
   -118.294    34.2653
   -118.291    34.2621
   -118.292    34.2589
   -118.294    34.2567
   -118.298    34.2540
   -118.300    34.2530
   -118.305    34.2532
   -118.308    34.2542
   -118.309    34.2539
   -118.311    34.2543
   -118.313    34.2552
   -118.314    34.2560
   -118.317    34.2567
   -118.319    34.2596
   -118.320    34.2607
   -118.322    34.2622
   -118.322    34.2639
   -118.324    34.2666
   -118.328    34.2695
   -118.332    34.2745
   -118.333    34.2757
   -118.331    34.2775
   -118.331    34.2794
   -118.337    34.2823
   -118.345    34.2851
   -118.352    34.2873
   -118.357    34.2885
   -118.360    34.2885
   -118.362    34.2896
   -118.364    34.2906
   -118.370    34.2918
   -118.377    34.2928
   -118.381    34.2929
   -118.383    34.2920
   -118.389    34.2916
   -118.397    34.2912
   -118.404    34.2917
   -118.410    34.2916
   -118.419    34.2912
   -118.424    34.2909
   -118.430    34.2894
   -118.440    34.2863
   -118.450    34.2830
   -118.460    34.2793
   -118.471    34.2754
   -118.478    34.2727
   -118.483    34.2711
   -118.490    34.2698
   -118.501    34.2687
   -118.512    34.2671
   -118.526    34.2654
   -118.537    34.2641
   -118.546    34.2624
   -118.555    34.2595
   -118.564    34.2550
   -118.571    34.2500
   -118.575    34.2468
   -118.581    34.2434
