 34.33200 -118.56900       0.00
 34.33200 -118.56484       0.00
 34.33200 -118.56068       0.00
 34.33200 -118.55652       0.00
 34.33200 -118.55235       0.00
 34.33200 -118.54819       0.00
 34.33200 -118.54403       0.00
 34.33200 -118.53987       0.00
 34.33200 -118.53571       0.00
 34.33200 -118.53155       0.00
 34.33200 -118.52739       0.00
 34.33200 -118.52322       0.00
 34.33200 -118.51907       0.00
 34.33200 -118.51491       0.00
 34.33200 -118.51074       0.00
 34.33200 -118.50658       0.00
 34.33200 -118.50242       0.00
 34.33200 -118.49826       0.00
 34.33200 -118.49409       0.00
 34.33200 -118.48994       0.00
 34.33200 -118.48578      11.11
 34.33200 -118.48161      44.44
 34.33200 -118.47746      77.78
 34.33200 -118.47329     100.00
 34.33200 -118.46913     100.00
 34.33200 -118.46497     100.00
 34.33200 -118.46081     100.00
 34.33200 -118.45665     100.00
 34.33200 -118.45248     100.00
 34.33200 -118.44833     100.00
 34.33200 -118.44416     100.00
 34.33200 -118.44000     100.00
 34.32900 -118.56900       0.00
 34.32900 -118.56484       0.00
 34.32900 -118.56068       0.00
 34.32900 -118.55652       0.00
 34.32900 -118.55235       0.00
 34.32900 -118.54819       0.00
 34.32900 -118.54403       0.00
 34.32900 -118.53987       0.00
 34.32900 -118.53571       0.00
 34.32900 -118.53155       0.00
 34.32900 -118.52739       0.00
 34.32900 -118.52322       0.00
 34.32900 -118.51907       0.00
 34.32900 -118.51491       0.00
 34.32900 -118.51074       0.00
 34.32900 -118.50658       0.00
 34.32900 -118.50242       0.00
 34.32900 -118.49826       0.00
 34.32900 -118.49409       0.00
 34.32900 -118.48994       0.00
 34.32900 -118.48578      22.22
 34.32900 -118.48161      55.56
 34.32900 -118.47746      88.89
 34.32900 -118.47329     100.00
 34.32900 -118.46913     100.00
 34.32900 -118.46497     100.00
 34.32900 -118.46081     100.00
 34.32900 -118.45665     100.00
 34.32900 -118.45248     100.00
 34.32900 -118.44833     100.00
 34.32900 -118.44416     100.00
 34.32900 -118.44000     100.00
 34.32600 -118.56900       0.00
 34.32600 -118.56484       0.00
 34.32600 -118.56068       0.00
 34.32600 -118.55652       0.00
 34.32600 -118.55235       0.00
 34.32600 -118.54819       0.00
 34.32600 -118.54403       0.00
 34.32600 -118.53987       0.00
 34.32600 -118.53571       0.00
 34.32600 -118.53155       0.00
 34.32600 -118.52739       0.00
 34.32600 -118.52322       0.00
 34.32600 -118.51907       0.00
 34.32600 -118.51491       0.00
 34.32600 -118.51074       0.00
 34.32600 -118.50658       0.00
 34.32600 -118.50242       0.00
 34.32600 -118.49826       0.00
 34.32600 -118.49409       0.00
 34.32600 -118.48994      11.11
 34.32600 -118.48578      44.44
 34.32600 -118.48161      77.78
 34.32600 -118.47746     100.00
 34.32600 -118.47329     100.00
 34.32600 -118.46913     100.00
 34.32600 -118.46497     100.00
 34.32600 -118.46081     100.00
 34.32600 -118.45665     100.00
 34.32600 -118.45248     100.00
 34.32600 -118.44833     100.00
 34.32600 -118.44416     100.00
 34.32600 -118.44000     100.00
 34.32300 -118.56900       0.00
 34.32300 -118.56484       0.00
 34.32300 -118.56068       0.00
 34.32300 -118.55652       0.00
 34.32300 -118.55235       0.00
 34.32300 -118.54819       0.00
 34.32300 -118.54403       0.00
 34.32300 -118.53987       0.00
 34.32300 -118.53571       0.00
 34.32300 -118.53155       0.00
 34.32300 -118.52739       0.00
 34.32300 -118.52322       0.00
 34.32300 -118.51907       0.00
 34.32300 -118.51491       0.00
 34.32300 -118.51074       0.00
 34.32300 -118.50658       0.00
 34.32300 -118.50242       0.00
 34.32300 -118.49826       0.00
 34.32300 -118.49409      11.11
 34.32300 -118.48994      33.33
 34.32300 -118.48578      66.67
 34.32300 -118.48161      88.89
 34.32300 -118.47746     100.00
 34.32300 -118.47329     100.00
 34.32300 -118.46913     100.00
 34.32300 -118.46497     100.00
 34.32300 -118.46081     100.00
 34.32300 -118.45665     100.00
 34.32300 -118.45248     100.00
 34.32300 -118.44833     100.00
 34.32300 -118.44416      88.89
 34.32300 -118.44000      77.78
 34.32000 -118.56900       0.00
 34.32000 -118.56484       0.00
 34.32000 -118.56068       0.00
 34.32000 -118.55652       0.00
 34.32000 -118.55235       0.00
 34.32000 -118.54819       0.00
 34.32000 -118.54403       0.00
 34.32000 -118.53987       0.00
 34.32000 -118.53571       0.00
 34.32000 -118.53155       0.00
 34.32000 -118.52739       0.00
 34.32000 -118.52322       0.00
 34.32000 -118.51907       0.00
 34.32000 -118.51491       0.00
 34.32000 -118.51074       0.00
 34.32000 -118.50658       0.00
 34.32000 -118.50242       0.00
 34.32000 -118.49826      11.11
 34.32000 -118.49409      33.33
 34.32000 -118.48994      66.67
 34.32000 -118.48578      88.89
 34.32000 -118.48161     100.00
 34.32000 -118.47746     100.00
 34.32000 -118.47329     100.00
 34.32000 -118.46913     100.00
 34.32000 -118.46497     100.00
 34.32000 -118.46081     100.00
 34.32000 -118.45665     100.00
 34.32000 -118.45248     100.00
 34.32000 -118.44833      88.89
 34.32000 -118.44416      66.67
 34.32000 -118.44000      44.44
 34.31700 -118.56900       0.00
 34.31700 -118.56484       0.00
 34.31700 -118.56068       0.00
 34.31700 -118.55652       0.00
 34.31700 -118.55235       0.00
 34.31700 -118.54819       0.00
 34.31700 -118.54403       0.00
 34.31700 -118.53987       0.00
 34.31700 -118.53571       0.00
 34.31700 -118.53155       0.00
 34.31700 -118.52739       0.00
 34.31700 -118.52322       0.00
 34.31700 -118.51907       0.00
 34.31700 -118.51491       0.00
 34.31700 -118.51074       0.00
 34.31700 -118.50658      11.11
 34.31700 -118.50242      22.22
 34.31700 -118.49826      44.44
 34.31700 -118.49409      66.67
 34.31700 -118.48994      88.89
 34.31700 -118.48578     100.00
 34.31700 -118.48161     100.00
 34.31700 -118.47746     100.00
 34.31700 -118.47329     100.00
 34.31700 -118.46913     100.00
 34.31700 -118.46497     100.00
 34.31700 -118.46081     100.00
 34.31700 -118.45665     100.00
 34.31700 -118.45248      88.89
 34.31700 -118.44833      66.67
 34.31700 -118.44416      33.33
 34.31700 -118.44000      11.11
 34.31400 -118.56900       0.00
 34.31400 -118.56484       0.00
 34.31400 -118.56068       0.00
 34.31400 -118.55652       0.00
 34.31400 -118.55235       0.00
 34.31400 -118.54819       0.00
 34.31400 -118.54403       0.00
 34.31400 -118.53987       0.00
 34.31400 -118.53571       0.00
 34.31400 -118.53155       0.00
 34.31400 -118.52739       0.00
 34.31400 -118.52322       0.00
 34.31400 -118.51907       0.00
 34.31400 -118.51491       0.00
 34.31400 -118.51074       0.00
 34.31400 -118.50658      22.22
 34.31400 -118.50242      44.44
 34.31400 -118.49826      77.78
 34.31400 -118.49409      88.89
 34.31400 -118.48994     100.00
 34.31400 -118.48578     100.00
 34.31400 -118.48161     100.00
 34.31400 -118.47746     100.00
 34.31400 -118.47329     100.00
 34.31400 -118.46913     100.00
 34.31400 -118.46497     100.00
 34.31400 -118.46081     100.00
 34.31400 -118.45665      88.89
 34.31400 -118.45248      66.67
 34.31400 -118.44833      33.33
 34.31400 -118.44416      11.11
 34.31400 -118.44000       0.00
 34.31100 -118.56900       0.00
 34.31100 -118.56484       0.00
 34.31100 -118.56068       0.00
 34.31100 -118.55652       0.00
 34.31100 -118.55235       0.00
 34.31100 -118.54819       0.00
 34.31100 -118.54403       0.00
 34.31100 -118.53987       0.00
 34.31100 -118.53571       0.00
 34.31100 -118.53155       0.00
 34.31100 -118.52739       0.00
 34.31100 -118.52322       0.00
 34.31100 -118.51907       0.00
 34.31100 -118.51491       0.00
 34.31100 -118.51074      11.11
 34.31100 -118.50658      44.44
 34.31100 -118.50242      77.78
 34.31100 -118.49826     100.00
 34.31100 -118.49409     100.00
 34.31100 -118.48994     100.00
 34.31100 -118.48578     100.00
 34.31100 -118.48161     100.00
 34.31100 -118.47746     100.00
 34.31100 -118.47329      88.89
 34.31100 -118.46913      77.78
 34.31100 -118.46497      66.67
 34.31100 -118.46081      66.67
 34.31100 -118.45665      55.56
 34.31100 -118.45248      33.33
 34.31100 -118.44833      11.11
 34.31100 -118.44416       0.00
 34.31100 -118.44000       0.00
 34.30800 -118.56900       0.00
 34.30800 -118.56484       0.00
 34.30800 -118.56068       0.00
 34.30800 -118.55652       0.00
 34.30800 -118.55235       0.00
 34.30800 -118.54819       0.00
 34.30800 -118.54403       0.00
 34.30800 -118.53987       0.00
 34.30800 -118.53571       0.00
 34.30800 -118.53155       0.00
 34.30800 -118.52739       0.00
 34.30800 -118.52322       0.00
 34.30800 -118.51907       0.00
 34.30800 -118.51491      11.11
 34.30800 -118.51074      33.33
 34.30800 -118.50658      66.67
 34.30800 -118.50242      88.89
 34.30800 -118.49826     100.00
 34.30800 -118.49409     100.00
 34.30800 -118.48994     100.00
 34.30800 -118.48578      88.89
 34.30800 -118.48161      77.78
 34.30800 -118.47746      66.67
 34.30800 -118.47329      55.56
 34.30800 -118.46913      44.44
 34.30800 -118.46497      33.33
 34.30800 -118.46081      33.33
 34.30800 -118.45665      22.22
 34.30800 -118.45248      11.11
 34.30800 -118.44833       0.00
 34.30800 -118.44416       0.00
 34.30800 -118.44000       0.00
 34.30500 -118.56900       0.00
 34.30500 -118.56484       0.00
 34.30500 -118.56068       0.00
 34.30500 -118.55652       0.00
 34.30500 -118.55235       0.00
 34.30500 -118.54819       0.00
 34.30500 -118.54403       0.00
 34.30500 -118.53987       0.00
 34.30500 -118.53571       0.00
 34.30500 -118.53155       0.00
 34.30500 -118.52739       0.00
 34.30500 -118.52322       0.00
 34.30500 -118.51907      11.11
 34.30500 -118.51491      33.33
 34.30500 -118.51074      66.67
 34.30500 -118.50658      88.89
 34.30500 -118.50242     100.00
 34.30500 -118.49826     100.00
 34.30500 -118.49409     100.00
 34.30500 -118.48994     100.00
 34.30500 -118.48578      77.78
 34.30500 -118.48161      55.56
 34.30500 -118.47746      33.33
 34.30500 -118.47329      22.22
 34.30500 -118.46913      11.11
 34.30500 -118.46497       0.00
 34.30500 -118.46081       0.00
 34.30500 -118.45665       0.00
 34.30500 -118.45248       0.00
 34.30500 -118.44833       0.00
 34.30500 -118.44416       0.00
 34.30500 -118.44000       0.00
 34.30200 -118.56900       0.00
 34.30200 -118.56484       0.00
 34.30200 -118.56068       0.00
 34.30200 -118.55652       0.00
 34.30200 -118.55235       0.00
 34.30200 -118.54819       0.00
 34.30200 -118.54403       0.00
 34.30200 -118.53987       0.00
 34.30200 -118.53571       0.00
 34.30200 -118.53155       0.00
 34.30200 -118.52739       0.00
 34.30200 -118.52322      11.11
 34.30200 -118.51907      33.33
 34.30200 -118.51491      66.67
 34.30200 -118.51074      88.89
 34.30200 -118.50658     100.00
 34.30200 -118.50242     100.00
 34.30200 -118.49826     100.00
 34.30200 -118.49409     100.00
 34.30200 -118.48994      88.89
 34.30200 -118.48578      55.56
 34.30200 -118.48161      22.22
 34.30200 -118.47746       0.00
 34.30200 -118.47329       0.00
 34.30200 -118.46913       0.00
 34.30200 -118.46497       0.00
 34.30200 -118.46081       0.00
 34.30200 -118.45665       0.00
 34.30200 -118.45248       0.00
 34.30200 -118.44833       0.00
 34.30200 -118.44416       0.00
 34.30200 -118.44000       0.00
 34.29900 -118.56900       0.00
 34.29900 -118.56484       0.00
 34.29900 -118.56068       0.00
 34.29900 -118.55652       0.00
 34.29900 -118.55235       0.00
 34.29900 -118.54819       0.00
 34.29900 -118.54403       0.00
 34.29900 -118.53987       0.00
 34.29900 -118.53571       0.00
 34.29900 -118.53155       0.00
 34.29900 -118.52739       0.00
 34.29900 -118.52322      22.22
 34.29900 -118.51907      55.56
 34.29900 -118.51491      88.89
 34.29900 -118.51074     100.00
 34.29900 -118.50658     100.00
 34.29900 -118.50242     100.00
 34.29900 -118.49826      88.89
 34.29900 -118.49409      88.89
 34.29900 -118.48994      66.67
 34.29900 -118.48578      44.44
 34.29900 -118.48161      11.11
 34.29900 -118.47746       0.00
 34.29900 -118.47329       0.00
 34.29900 -118.46913       0.00
 34.29900 -118.46497       0.00
 34.29900 -118.46081       0.00
 34.29900 -118.45665       0.00
 34.29900 -118.45248       0.00
 34.29900 -118.44833       0.00
 34.29900 -118.44416       0.00
 34.29900 -118.44000       0.00
 34.29600 -118.56900       0.00
 34.29600 -118.56484       0.00
 34.29600 -118.56068       0.00
 34.29600 -118.55652       0.00
 34.29600 -118.55235       0.00
 34.29600 -118.54819       0.00
 34.29600 -118.54403       0.00
 34.29600 -118.53987       0.00
 34.29600 -118.53571       0.00
 34.29600 -118.53155       0.00
 34.29600 -118.52739       0.00
 34.29600 -118.52322      22.22
 34.29600 -118.51907      44.44
 34.29600 -118.51491      77.78
 34.29600 -118.51074      77.78
 34.29600 -118.50658      77.78
 34.29600 -118.50242      77.78
 34.29600 -118.49826      66.67
 34.29600 -118.49409      66.67
 34.29600 -118.48994      33.33
 34.29600 -118.48578      22.22
 34.29600 -118.48161       0.00
 34.29600 -118.47746       0.00
 34.29600 -118.47329       0.00
 34.29600 -118.46913       0.00
 34.29600 -118.46497       0.00
 34.29600 -118.46081       0.00
 34.29600 -118.45665       0.00
 34.29600 -118.45248       0.00
 34.29600 -118.44833       0.00
 34.29600 -118.44416       0.00
 34.29600 -118.44000       0.00
 34.29300 -118.56900       0.00
 34.29300 -118.56484       0.00
 34.29300 -118.56068       0.00
 34.29300 -118.55652       0.00
 34.29300 -118.55235       0.00
 34.29300 -118.54819       0.00
 34.29300 -118.54403       0.00
 34.29300 -118.53987       0.00
 34.29300 -118.53571       0.00
 34.29300 -118.53155       0.00
 34.29300 -118.52739       0.00
 34.29300 -118.52322      11.11
 34.29300 -118.51907      22.22
 34.29300 -118.51491      55.56
 34.29300 -118.51074      55.56
 34.29300 -118.50658      55.56
 34.29300 -118.50242      44.44
 34.29300 -118.49826      33.33
 34.29300 -118.49409      33.33
 34.29300 -118.48994      11.11
 34.29300 -118.48578      11.11
 34.29300 -118.48161       0.00
 34.29300 -118.47746       0.00
 34.29300 -118.47329       0.00
 34.29300 -118.46913       0.00
 34.29300 -118.46497       0.00
 34.29300 -118.46081       0.00
 34.29300 -118.45665       0.00
 34.29300 -118.45248       0.00
 34.29300 -118.44833       0.00
 34.29300 -118.44416       0.00
 34.29300 -118.44000       0.00
 34.29000 -118.56900       0.00
 34.29000 -118.56484       0.00
 34.29000 -118.56068       0.00
 34.29000 -118.55652       0.00
 34.29000 -118.55235       0.00
 34.29000 -118.54819       0.00
 34.29000 -118.54403       0.00
 34.29000 -118.53987       0.00
 34.29000 -118.53571       0.00
 34.29000 -118.53155       0.00
 34.29000 -118.52739       0.00
 34.29000 -118.52322       0.00
 34.29000 -118.51907       0.00
 34.29000 -118.51491      22.22
 34.29000 -118.51074      22.22
 34.29000 -118.50658      22.22
 34.29000 -118.50242      11.11
 34.29000 -118.49826      11.11
 34.29000 -118.49409      11.11
 34.29000 -118.48994       0.00
 34.29000 -118.48578       0.00
 34.29000 -118.48161       0.00
 34.29000 -118.47746       0.00
 34.29000 -118.47329       0.00
 34.29000 -118.46913       0.00
 34.29000 -118.46497       0.00
 34.29000 -118.46081       0.00
 34.29000 -118.45665       0.00
 34.29000 -118.45248       0.00
 34.29000 -118.44833       0.00
 34.29000 -118.44416       0.00
 34.29000 -118.44000       0.00
 34.28700 -118.56900       0.00
 34.28700 -118.56484       0.00
 34.28700 -118.56068       0.00
 34.28700 -118.55652       0.00
 34.28700 -118.55235       0.00
 34.28700 -118.54819       0.00
 34.28700 -118.54403       0.00
 34.28700 -118.53987       0.00
 34.28700 -118.53571       0.00
 34.28700 -118.53155       0.00
 34.28700 -118.52739       0.00
 34.28700 -118.52322       0.00
 34.28700 -118.51907       0.00
 34.28700 -118.51491      11.11
 34.28700 -118.51074      11.11
 34.28700 -118.50658      11.11
 34.28700 -118.50242       0.00
 34.28700 -118.49826       0.00
 34.28700 -118.49409       0.00
 34.28700 -118.48994       0.00
 34.28700 -118.48578       0.00
 34.28700 -118.48161       0.00
 34.28700 -118.47746       0.00
 34.28700 -118.47329       0.00
 34.28700 -118.46913       0.00
 34.28700 -118.46497       0.00
 34.28700 -118.46081       0.00
 34.28700 -118.45665       0.00
 34.28700 -118.45248       0.00
 34.28700 -118.44833       0.00
 34.28700 -118.44416       0.00
 34.28700 -118.44000       0.00
 34.28400 -118.56900       0.00
 34.28400 -118.56484       0.00
 34.28400 -118.56068       0.00
 34.28400 -118.55652       0.00
 34.28400 -118.55235       0.00
 34.28400 -118.54819       0.00
 34.28400 -118.54403       0.00
 34.28400 -118.53987       0.00
 34.28400 -118.53571       0.00
 34.28400 -118.53155       0.00
 34.28400 -118.52739       0.00
 34.28400 -118.52322       0.00
 34.28400 -118.51907       0.00
 34.28400 -118.51491       0.00
 34.28400 -118.51074       0.00
 34.28400 -118.50658       0.00
 34.28400 -118.50242       0.00
 34.28400 -118.49826       0.00
 34.28400 -118.49409       0.00
 34.28400 -118.48994       0.00
 34.28400 -118.48578       0.00
 34.28400 -118.48161       0.00
 34.28400 -118.47746       0.00
 34.28400 -118.47329       0.00
 34.28400 -118.46913       0.00
 34.28400 -118.46497       0.00
 34.28400 -118.46081       0.00
 34.28400 -118.45665       0.00
 34.28400 -118.45248       0.00
 34.28400 -118.44833       0.00
 34.28400 -118.44416       0.00
 34.28400 -118.44000       0.00
 34.28100 -118.56900       0.00
 34.28100 -118.56484       0.00
 34.28100 -118.56068       0.00
 34.28100 -118.55652       0.00
 34.28100 -118.55235       0.00
 34.28100 -118.54819       0.00
 34.28100 -118.54403       0.00
 34.28100 -118.53987       0.00
 34.28100 -118.53571       0.00
 34.28100 -118.53155       0.00
 34.28100 -118.52739       0.00
 34.28100 -118.52322       0.00
 34.28100 -118.51907       0.00
 34.28100 -118.51491       0.00
 34.28100 -118.51074       0.00
 34.28100 -118.50658       0.00
 34.28100 -118.50242       0.00
 34.28100 -118.49826       0.00
 34.28100 -118.49409       0.00
 34.28100 -118.48994       0.00
 34.28100 -118.48578       0.00
 34.28100 -118.48161       0.00
 34.28100 -118.47746       0.00
 34.28100 -118.47329       0.00
 34.28100 -118.46913       0.00
 34.28100 -118.46497       0.00
 34.28100 -118.46081       0.00
 34.28100 -118.45665       0.00
 34.28100 -118.45248       0.00
 34.28100 -118.44833       0.00
 34.28100 -118.44416       0.00
 34.28100 -118.44000       0.00
 34.27800 -118.56900       0.00
 34.27800 -118.56484       0.00
 34.27800 -118.56068       0.00
 34.27800 -118.55652       0.00
 34.27800 -118.55235       0.00
 34.27800 -118.54819       0.00
 34.27800 -118.54403       0.00
 34.27800 -118.53987       0.00
 34.27800 -118.53571       0.00
 34.27800 -118.53155       0.00
 34.27800 -118.52739       0.00
 34.27800 -118.52322       0.00
 34.27800 -118.51907       0.00
 34.27800 -118.51491       0.00
 34.27800 -118.51074       0.00
 34.27800 -118.50658       0.00
 34.27800 -118.50242       0.00
 34.27800 -118.49826       0.00
 34.27800 -118.49409       0.00
 34.27800 -118.48994       0.00
 34.27800 -118.48578       0.00
 34.27800 -118.48161       0.00
 34.27800 -118.47746       0.00
 34.27800 -118.47329       0.00
 34.27800 -118.46913       0.00
 34.27800 -118.46497       0.00
 34.27800 -118.46081       0.00
 34.27800 -118.45665       0.00
 34.27800 -118.45248       0.00
 34.27800 -118.44833       0.00
 34.27800 -118.44416       0.00
 34.27800 -118.44000       0.00
 34.27500 -118.56900       0.00
 34.27500 -118.56484       0.00
 34.27500 -118.56068       0.00
 34.27500 -118.55652       0.00
 34.27500 -118.55235       0.00
 34.27500 -118.54819       0.00
 34.27500 -118.54403       0.00
 34.27500 -118.53987       0.00
 34.27500 -118.53571       0.00
 34.27500 -118.53155       0.00
 34.27500 -118.52739       0.00
 34.27500 -118.52322       0.00
 34.27500 -118.51907       0.00
 34.27500 -118.51491       0.00
 34.27500 -118.51074       0.00
 34.27500 -118.50658       0.00
 34.27500 -118.50242       0.00
 34.27500 -118.49826       0.00
 34.27500 -118.49409       0.00
 34.27500 -118.48994       0.00
 34.27500 -118.48578       0.00
 34.27500 -118.48161       0.00
 34.27500 -118.47746       0.00
 34.27500 -118.47329       0.00
 34.27500 -118.46913       0.00
 34.27500 -118.46497       0.00
 34.27500 -118.46081       0.00
 34.27500 -118.45665       0.00
 34.27500 -118.45248       0.00
 34.27500 -118.44833       0.00
 34.27500 -118.44416       0.00
 34.27500 -118.44000       0.00
