   -118.545    34.3031
   -118.540    34.3036
   -118.535    34.3048
   -118.527    34.3061
   -118.521    34.3065
   -118.520    34.3082
   -118.520    34.3097
   -118.520    34.3116
   -118.522    34.3142
   -118.522    34.3171
   -118.518    34.3158
   -118.512    34.3159
   -118.506    34.3181
   -118.503    34.3212
   -118.502    34.3244
   -118.501    34.3279
   -118.496    34.3286
   -118.490    34.3296
   -118.484    34.3302
   -118.480    34.3284
   -118.480    34.3234
   -118.482    34.3205
   -118.488    34.3172
   -118.494    34.3144
   -118.499    34.3117
   -118.502    34.3093
   -118.504    34.3086
   -118.503    34.3070
   -118.499    34.3059
   -118.496    34.3053
   -118.491    34.3029
   -118.486    34.2998
   -118.482    34.2965
   -118.477    34.2965
   -118.470    34.2956
   -118.465    34.2953
   -118.459    34.2953
   -118.454    34.2945
   -118.452    34.2941
   -118.454    34.2916
   -118.455    34.2907
   -118.457    34.2885
   -118.457    34.2865
   -118.463    34.2861
   -118.469    34.2861
   -118.474    34.2856
   -118.477    34.2863
   -118.479    34.2839
   -118.480    34.2825
   -118.482    34.2826
   -118.485    34.2830
   -118.486    34.2834
   -118.488    34.2827
   -118.489    34.2842
   -118.493    34.2846
   -118.495    34.2848
   -118.499    34.2841
   -118.503    34.2849
   -118.506    34.2859
   -118.507    34.2861
   -118.509    34.2850
   -118.511    34.2841
   -118.510    34.2813
   -118.513    34.2811
   -118.514    34.2820
   -118.517    34.2808
   -118.520    34.2807
   -118.521    34.2800
   -118.523    34.2808
   -118.524    34.2815
   -118.525    34.2800
   -118.528    34.2788
   -118.530    34.2796
   -118.534    34.2785
   -118.535    34.2770
   -118.538    34.2767
   -118.539    34.2776
   -118.542    34.2768
   -118.544    34.2776
   -118.545    34.2783
   -118.548    34.2797
   -118.551    34.2817
   -118.554    34.2822
   -118.557    34.2825
   -118.556    34.2846
   -118.558    34.2857
   -118.557    34.2873
   -118.556    34.2890
   -118.551    34.2880
   -118.548    34.2872
   -118.544    34.2849
   -118.542    34.2840
   -118.540    34.2829
   -118.538    34.2824
   -118.536    34.2833
   -118.533    34.2842
   -118.530    34.2840
   -118.526    34.2838
   -118.526    34.2860
   -118.529    34.2879
   -118.532    34.2907
   -118.534    34.2930
   -118.535    34.2937
   -118.533    34.2948
   -118.529    34.2954
   -118.527    34.2960
   -118.527    34.2979
   -118.527    34.2987
   -118.524    34.2992
   -118.522    34.2997
   -118.520    34.3008
   -118.518    34.3022
   -118.520    34.3025
   -118.522    34.3025
   -118.523    34.3014
   -118.526    34.3018
   -118.532    34.3017
   -118.537    34.3017
   -118.541    34.3017
   -118.544    34.3017
   -118.544    34.3023
