   -118.582    34.2406
   -118.578    34.2454
   -118.570    34.2517
   -118.560    34.2559
   -118.546    34.2642
   -118.533    34.2720
   -118.522    34.2773
   -118.515    34.2818
   -118.507    34.2820
   -118.495    34.2814
   -118.486    34.2810
   -118.481    34.2846
   -118.477    34.2872
   -118.471    34.2873
   -118.465    34.2877
   -118.459    34.2879
   -118.454    34.2847
   -118.448    34.2811
   -118.443    34.2773
   -118.433    34.2717
   -118.426    34.2677
   -118.419    34.2663
   -118.412    34.2659
   -118.410    34.2657
   -118.411    34.2631
   -118.410    34.2607
   -118.406    34.2600
   -118.404    34.2614
   -118.402    34.2601
   -118.404    34.2566
   -118.403    34.2536
   -118.396    34.2474
   -118.389    34.2406
   -118.380    34.2344
   -118.373    34.2285
   -118.366    34.2242
   -118.353    34.2193
   -118.335    34.2123
   -118.316    34.2044
   -118.298    34.1972
   -118.285    34.1911
   -118.275    34.1842
   -118.269    34.1784
   -118.261    34.1725
   -118.252    34.1648
   -118.249    34.1611
   -118.248    34.1566
   -118.249    34.1540
   -118.257    34.1529
   -118.265    34.1529
   -118.279    34.1564
   -118.288    34.1609
   -118.296    34.1631
   -118.308    34.1636
   -118.322    34.1613
   -118.336    34.1593
   -118.362    34.1594
   -118.389    34.1609
   -118.409    34.1630
   -118.428    34.1660
   -118.435    34.1680
   -118.446    34.1687
   -118.463    34.1713
   -118.472    34.1727
   -118.479    34.1744
   -118.493    34.1776
   -118.510    34.1800
   -118.527    34.1800
   -118.546    34.1797
   -118.562    34.1803
   -118.567    34.1811
   -118.570    34.1820
   -118.571    34.1805
   -118.574    34.1783
   -118.582    34.1780
   -118.589    34.1820
   -118.594    34.1876
   -118.598    34.1970
   -118.598    34.2068
   -118.593    34.2136
   -118.587    34.2217
   -118.584    34.2304
   -118.582    34.2362
   -118.582    34.2397
