   -118.525    34.2825
   -118.524    34.2950
   -118.521    34.3114
   -118.517    34.3294
   -118.511    34.3439
   -118.504    34.3584
   -118.498    34.3697
   -118.495    34.3762
   -118.483    34.3769
   -118.463    34.3746
   -118.446    34.3664
   -118.432    34.3594
   -118.415    34.3505
   -118.405    34.3442
   -118.399    34.3404
   -118.385    34.3383
   -118.367    34.3348
   -118.348    34.3296
   -118.332    34.3252
   -118.325    34.3229
   -118.317    34.3181
   -118.304    34.3121
   -118.289    34.3050
   -118.282    34.3010
   -118.268    34.2934
   -118.261    34.2871
   -118.261    34.2779
   -118.263    34.2729
   -118.272    34.2702
   -118.278    34.2689
   -118.281    34.2677
   -118.280    34.2643
   -118.278    34.2637
   -118.276    34.2631
   -118.276    34.2610
   -118.280    34.2573
   -118.282    34.2556
   -118.288    34.2543
   -118.294    34.2532
   -118.303    34.2531
   -118.313    34.2530
   -118.315    34.2535
   -118.317    34.2529
   -118.320    34.2533
   -118.323    34.2541
   -118.324    34.2542
   -118.325    34.2531
   -118.327    34.2535
   -118.331    34.2536
   -118.333    34.2529
   -118.330    34.2504
   -118.326    34.2485
   -118.322    34.2460
   -118.328    34.2457
   -118.335    34.2459
   -118.342    34.2458
   -118.346    34.2463
   -118.347    34.2492
   -118.346    34.2524
   -118.350    34.2519
   -118.354    34.2511
   -118.357    34.2508
   -118.358    34.2520
   -118.359    34.2514
   -118.361    34.2510
   -118.361    34.2526
   -118.362    34.2517
   -118.364    34.2522
   -118.364    34.2542
   -118.363    34.2565
   -118.363    34.2570
   -118.364    34.2571
   -118.366    34.2556
   -118.367    34.2542
   -118.368    34.2533
   -118.370    34.2544
   -118.379    34.2565
   -118.391    34.2595
   -118.398    34.2611
   -118.406    34.2618
   -118.409    34.2624
   -118.415    34.2594
   -118.419    34.2573
   -118.425    34.2553
   -118.431    34.2569
   -118.437    34.2633
   -118.444    34.2707
   -118.449    34.2735
   -118.455    34.2769
   -118.457    34.2803
   -118.459    34.2813
   -118.466    34.2798
   -118.473    34.2783
   -118.479    34.2752
   -118.482    34.2726
   -118.484    34.2717
   -118.493    34.2721
   -118.504    34.2734
   -118.513    34.2746
   -118.520    34.2767
   -118.523    34.2782
   -118.525    34.2807
