   -118.749    34.1916
   -118.743    34.1921
   -118.737    34.1951
   -118.732    34.1970
   -118.729    34.1943
   -118.722    34.1968
   -118.715    34.1970
   -118.710    34.1956
   -118.706    34.1940
   -118.704    34.1967
   -118.702    34.2014
   -118.701    34.2047
   -118.696    34.2037
   -118.691    34.2009
   -118.689    34.2010
   -118.685    34.2044
   -118.678    34.2067
   -118.672    34.2105
   -118.665    34.2135
   -118.663    34.2152
   -118.662    34.2184
   -118.658    34.2223
   -118.650    34.2252
   -118.645    34.2259
   -118.641    34.2256
   -118.633    34.2256
   -118.626    34.2270
   -118.622    34.2285
   -118.618    34.2314
   -118.617    34.2362
   -118.617    34.2401
   -118.613    34.2415
   -118.609    34.2420
   -118.607    34.2415
   -118.606    34.2402
   -118.597    34.2439
   -118.585    34.2523
   -118.573    34.2615
   -118.559    34.2705
   -118.551    34.2749
   -118.548    34.2757
   -118.545    34.2757
   -118.541    34.2762
   -118.538    34.2753
   -118.534    34.2763
   -118.532    34.2784
   -118.525    34.2793
   -118.514    34.2807
   -118.503    34.2828
   -118.492    34.2853
   -118.481    34.2876
   -118.472    34.2883
   -118.462    34.2890
   -118.453    34.2889
   -118.441    34.2873
   -118.428    34.2830
   -118.417    34.2784
   -118.412    34.2732
   -118.407    34.2688
   -118.406    34.2675
   -118.407    34.2642
   -118.409    34.2612
   -118.406    34.2599
   -118.403    34.2598
   -118.400    34.2611
   -118.393    34.2602
   -118.381    34.2572
   -118.375    34.2557
   -118.371    34.2543
   -118.369    34.2531
   -118.364    34.2556
   -118.364    34.2544
   -118.364    34.2513
   -118.361    34.2529
   -118.360    34.2513
   -118.359    34.2520
   -118.358    34.2513
   -118.356    34.2521
   -118.355    34.2513
   -118.352    34.2514
   -118.349    34.2519
   -118.347    34.2503
   -118.346    34.2482
   -118.351    34.2475
   -118.355    34.2474
   -118.357    34.2465
   -118.361    34.2448
   -118.364    34.2445
   -118.366    34.2444
   -118.368    34.2431
   -118.367    34.2411
   -118.362    34.2370
   -118.360    34.2342
   -118.357    34.2324
   -118.357    34.2306
   -118.359    34.2284
   -118.358    34.2271
   -118.354    34.2252
   -118.353    34.2218
   -118.351    34.2191
   -118.346    34.2166
   -118.339    34.2144
   -118.337    34.2144
   -118.330    34.2115
   -118.324    34.2093
   -118.320    34.2064
   -118.319    34.2043
   -118.309    34.2001
   -118.300    34.1964
   -118.290    34.1922
   -118.283    34.1890
   -118.279    34.1864
   -118.274    34.1822
   -118.269    34.1779
   -118.266    34.1762
   -118.264    34.1754
   -118.262    34.1736
   -118.258    34.1719
   -118.254    34.1708
   -118.251    34.1701
   -118.248    34.1677
   -118.245    34.1661
   -118.240    34.1663
   -118.234    34.1673
   -118.230    34.1680
   -118.228    34.1675
   -118.228    34.1656
   -118.233    34.1605
   -118.235    34.1565
   -118.235    34.1532
   -118.233    34.1522
   -118.229    34.1535
   -118.225    34.1545
   -118.223    34.1553
   -118.222    34.1544
   -118.222    34.1526
   -118.225    34.1519
   -118.228    34.1498
   -118.226    34.1478
   -118.223    34.1461
   -118.218    34.1461
   -118.222    34.1411
   -118.226    34.1367
   -118.230    34.1330
   -118.236    34.1323
   -118.239    34.1306
   -118.244    34.1316
   -118.248    34.1302
   -118.251    34.1297
   -118.251    34.1268
   -118.251    34.1236
   -118.248    34.1222
   -118.243    34.1215
   -118.241    34.1210
   -118.241    34.1169
   -118.242    34.1129
   -118.239    34.1113
   -118.237    34.1079
   -118.234    34.1030
   -118.231    34.0997
   -118.237    34.0997
   -118.246    34.0997
   -118.263    34.0993
   -118.271    34.0996
   -118.277    34.0996
   -118.276    34.1038
   -118.278    34.1053
   -118.280    34.1061
   -118.281    34.1082
   -118.277    34.1098
   -118.274    34.1113
   -118.271    34.1136
   -118.273    34.1154
   -118.278    34.1166
   -118.281    34.1177
   -118.283    34.1233
   -118.282    34.1283
   -118.282    34.1301
   -118.285    34.1299
   -118.287    34.1312
   -118.289    34.1317
   -118.291    34.1313
   -118.292    34.1329
   -118.296    34.1320
   -118.300    34.1327
   -118.303    34.1327
   -118.305    34.1311
   -118.308    34.1294
   -118.308    34.1278
   -118.312    34.1272
   -118.316    34.1265
   -118.317    34.1236
   -118.317    34.1211
   -118.317    34.1196
   -118.314    34.1177
   -118.310    34.1155
   -118.309    34.1139
   -118.308    34.1122
   -118.309    34.1101
   -118.310    34.1073
   -118.310    34.1062
   -118.313    34.1069
   -118.316    34.1074
   -118.316    34.1066
   -118.317    34.1050
   -118.319    34.1060
   -118.319    34.1076
   -118.320    34.1091
   -118.321    34.1077
   -118.322    34.1061
   -118.323    34.1047
   -118.326    34.1048
   -118.329    34.1042
   -118.330    34.1027
   -118.330    34.1021
   -118.333    34.1023
   -118.333    34.1058
   -118.333    34.1070
   -118.334    34.1095
   -118.330    34.1096
   -118.329    34.1089
   -118.327    34.1106
   -118.326    34.1135
   -118.331    34.1145
   -118.334    34.1156
   -118.338    34.1173
   -118.342    34.1192
   -118.343    34.1209
   -118.346    34.1226
   -118.348    34.1235
   -118.351    34.1234
   -118.354    34.1255
   -118.358    34.1254
   -118.362    34.1254
   -118.365    34.1248
   -118.368    34.1272
   -118.369    34.1280
   -118.371    34.1290
   -118.373    34.1299
   -118.376    34.1299
   -118.380    34.1300
   -118.386    34.1303
   -118.390    34.1305
   -118.392    34.1303
   -118.394    34.1295
   -118.396    34.1280
   -118.397    34.1304
   -118.401    34.1301
   -118.403    34.1273
   -118.404    34.1261
   -118.406    34.1245
   -118.408    34.1227
   -118.413    34.1224
   -118.418    34.1215
   -118.422    34.1204
   -118.423    34.1185
   -118.423    34.1157
   -118.425    34.1132
   -118.428    34.1131
   -118.432    34.1126
   -118.435    34.1112
   -118.438    34.1095
   -118.444    34.1103
   -118.446    34.1116
   -118.448    34.1111
   -118.449    34.1095
   -118.449    34.1088
   -118.452    34.1088
   -118.455    34.1094
   -118.457    34.1096
   -118.457    34.1082
   -118.458    34.1090
   -118.460    34.1076
   -118.462    34.1055
   -118.463    34.1065
   -118.463    34.1098
   -118.462    34.1131
   -118.462    34.1140
   -118.467    34.1149
   -118.468    34.1149
   -118.470    34.1138
   -118.471    34.1156
   -118.472    34.1169
   -118.475    34.1175
   -118.472    34.1218
   -118.471    34.1244
   -118.472    34.1259
   -118.476    34.1261
   -118.478    34.1251
   -118.480    34.1261
   -118.484    34.1261
   -118.487    34.1253
   -118.489    34.1267
   -118.492    34.1274
   -118.494    34.1263
   -118.496    34.1248
   -118.497    34.1232
   -118.499    34.1255
   -118.502    34.1281
   -118.498    34.1314
   -118.495    34.1335
   -118.494    34.1351
   -118.495    34.1366
   -118.497    34.1364
   -118.498    34.1382
   -118.504    34.1389
   -118.508    34.1395
   -118.509    34.1408
   -118.509    34.1418
   -118.507    34.1418
   -118.504    34.1417
   -118.505    34.1434
   -118.506    34.1444
   -118.509    34.1443
   -118.511    34.1440
   -118.515    34.1451
   -118.519    34.1466
   -118.522    34.1468
   -118.522    34.1484
   -118.525    34.1490
   -118.526    34.1469
   -118.529    34.1460
   -118.534    34.1447
   -118.538    34.1429
   -118.542    34.1392
   -118.546    34.1360
   -118.549    34.1339
   -118.551    34.1354
   -118.552    34.1370
   -118.554    34.1371
   -118.555    34.1362
   -118.557    34.1342
   -118.556    34.1329
   -118.557    34.1299
   -118.561    34.1303
   -118.564    34.1299
   -118.569    34.1277
   -118.572    34.1250
   -118.576    34.1234
   -118.579    34.1217
   -118.581    34.1224
   -118.578    34.1243
   -118.575    34.1264
   -118.574    34.1273
   -118.576    34.1278
   -118.581    34.1259
   -118.585    34.1245
   -118.583    34.1215
   -118.582    34.1199
   -118.585    34.1190
   -118.583    34.1174
   -118.580    34.1157
   -118.579    34.1132
   -118.581    34.1116
   -118.582    34.1092
   -118.579    34.1078
   -118.577    34.1062
   -118.577    34.1029
   -118.573    34.1027
   -118.573    34.0997
   -118.584    34.0995
   -118.599    34.0993
   -118.611    34.0998
   -118.618    34.1000
   -118.619    34.1043
   -118.621    34.1092
   -118.623    34.1147
   -118.626    34.1182
   -118.629    34.1196
   -118.630    34.1187
   -118.634    34.1190
   -118.636    34.1199
   -118.639    34.1189
   -118.643    34.1125
   -118.645    34.1072
   -118.645    34.1035
   -118.645    34.1015
   -118.646    34.1012
   -118.647    34.1066
   -118.647    34.1119
   -118.647    34.1162
   -118.648    34.1161
   -118.649    34.1104
   -118.649    34.1066
   -118.650    34.1041
   -118.659    34.1043
   -118.664    34.1031
   -118.667    34.1032
   -118.673    34.1050
   -118.678    34.1059
   -118.679    34.1071
   -118.686    34.1058
   -118.691    34.1046
   -118.695    34.1053
   -118.699    34.1045
   -118.702    34.1044
   -118.705    34.1019
   -118.706    34.1002
   -118.719    34.1000
   -118.730    34.0999
   -118.732    34.1002
   -118.738    34.1056
   -118.745    34.1125
   -118.748    34.1158
   -118.748    34.1179
   -118.745    34.1221
   -118.742    34.1260
   -118.740    34.1288
   -118.739    34.1297
   -118.739    34.1320
   -118.736    34.1338
   -118.732    34.1353
   -118.730    34.1362
   -118.730    34.1375
   -118.734    34.1391
   -118.739    34.1411
   -118.741    34.1430
   -118.740    34.1480
   -118.740    34.1503
   -118.744    34.1522
   -118.748    34.1535
   -118.749    34.1657
   -118.749    34.1786
   -118.749    34.1902
