   -118.748    34.1919
   -118.742    34.1925
   -118.739    34.1941
   -118.735    34.1953
   -118.732    34.1952
   -118.730    34.1942
   -118.726    34.1949
   -118.722    34.1964
   -118.719    34.1976
   -118.714    34.1969
   -118.711    34.1957
   -118.710    34.1949
   -118.706    34.1954
   -118.705    34.1990
   -118.705    34.2025
   -118.704    34.2055
   -118.699    34.2040
   -118.694    34.2026
   -118.691    34.2018
   -118.684    34.2048
   -118.680    34.2073
   -118.673    34.2112
   -118.666    34.2141
   -118.664    34.2155
   -118.662    34.2199
   -118.659    34.2231
   -118.653    34.2251
   -118.649    34.2258
   -118.644    34.2250
   -118.637    34.2255
   -118.629    34.2272
   -118.623    34.2293
   -118.621    34.2318
   -118.619    34.2378
   -118.617    34.2420
   -118.618    34.2458
   -118.618    34.2507
   -118.617    34.2526
   -118.615    34.2562
   -118.615    34.2589
   -118.615    34.2611
   -118.613    34.2615
   -118.610    34.2650
   -118.608    34.2676
   -118.608    34.2700
   -118.607    34.2708
   -118.605    34.2700
   -118.603    34.2699
   -118.601    34.2707
   -118.599    34.2709
   -118.598    34.2722
   -118.596    34.2742
   -118.594    34.2731
   -118.591    34.2718
   -118.590    34.2710
   -118.585    34.2733
   -118.582    34.2752
   -118.580    34.2779
   -118.582    34.2803
   -118.584    34.2830
   -118.583    34.2842
   -118.580    34.2847
   -118.579    34.2833
   -118.579    34.2818
   -118.576    34.2816
   -118.575    34.2816
   -118.574    34.2810
   -118.572    34.2819
   -118.569    34.2826
   -118.568    34.2831
   -118.566    34.2843
   -118.567    34.2850
   -118.566    34.2865
   -118.568    34.2883
   -118.569    34.2891
   -118.572    34.2910
   -118.568    34.2911
   -118.561    34.2908
   -118.555    34.2900
   -118.553    34.2889
   -118.549    34.2893
   -118.546    34.2899
   -118.542    34.2901
   -118.539    34.2912
   -118.537    34.2924
   -118.538    34.2939
   -118.535    34.2944
   -118.533    34.2906
   -118.531    34.2789
   -118.531    34.2660
   -118.530    34.2556
   -118.528    34.2477
   -118.528    34.2314
   -118.530    34.2101
   -118.532    34.1855
   -118.531    34.1695
   -118.529    34.1597
   -118.529    34.1505
   -118.529    34.1458
   -118.536    34.1427
   -118.542    34.1382
   -118.547    34.1346
   -118.549    34.1315
   -118.551    34.1338
   -118.552    34.1357
   -118.554    34.1380
   -118.555    34.1384
   -118.556    34.1342
   -118.555    34.1315
   -118.556    34.1290
   -118.558    34.1308
   -118.561    34.1308
   -118.567    34.1291
   -118.570    34.1288
   -118.570    34.1261
   -118.574    34.1246
   -118.579    34.1225
   -118.582    34.1214
   -118.584    34.1203
   -118.581    34.1183
   -118.579    34.1176
   -118.578    34.1154
   -118.581    34.1151
   -118.581    34.1135
   -118.582    34.1124
   -118.582    34.1112
   -118.579    34.1086
   -118.576    34.1066
   -118.574    34.1070
   -118.571    34.1058
   -118.572    34.1047
   -118.572    34.1017
   -118.581    34.1010
   -118.592    34.1009
   -118.604    34.1005
   -118.615    34.1006
   -118.619    34.1012
   -118.621    34.1094
   -118.623    34.1169
   -118.628    34.1183
   -118.633    34.1197
   -118.637    34.1193
   -118.639    34.1190
   -118.643    34.1128
   -118.645    34.1059
   -118.647    34.1014
   -118.650    34.1037
   -118.657    34.1042
   -118.665    34.1037
   -118.673    34.1043
   -118.680    34.1071
   -118.687    34.1056
   -118.692    34.1040
   -118.697    34.1049
   -118.704    34.1043
   -118.706    34.1006
   -118.714    34.1004
   -118.722    34.0994
   -118.729    34.1000
   -118.737    34.1060
   -118.744    34.1116
   -118.749    34.1164
   -118.748    34.1183
   -118.749    34.1204
   -118.744    34.1248
   -118.739    34.1305
   -118.737    34.1326
   -118.734    34.1348
   -118.730    34.1367
   -118.730    34.1387
   -118.737    34.1405
   -118.743    34.1423
   -118.745    34.1440
   -118.743    34.1462
   -118.741    34.1486
   -118.745    34.1520
   -118.750    34.1534
   -118.749    34.1674
   -118.749    34.1799
   -118.749    34.1906
