   -119.419    34.2780
   -119.437    34.2794
   -119.458    34.2809
   -119.476    34.2825
   -119.496    34.2857
   -119.502    34.2869
   -119.502    34.3045
   -119.501    34.3343
   -119.502    34.3632
   -119.501    34.3918
   -119.499    34.4216
   -119.497    34.4454
   -119.495    34.4652
   -119.495    34.4806
   -119.494    34.4842
   -119.478    34.4848
   -119.450    34.4890
   -119.432    34.4897
   -119.412    34.4908
   -119.390    34.4925
   -119.370    34.4946
   -119.349    34.4982
   -119.333    34.5008
   -119.310    34.5064
   -119.288    34.5103
   -119.265    34.5141
   -119.248    34.5169
   -119.236    34.5184
   -119.216    34.5154
   -119.199    34.5107
   -119.177    34.5073
   -119.155    34.5045
   -119.138    34.5021
   -119.125    34.4987
   -119.113    34.4938
   -119.102    34.4893
   -119.091    34.4831
   -119.082    34.4796
   -119.074    34.4846
   -119.064    34.4992
   -119.051    34.5216
   -119.044    34.5395
   -119.031    34.5608
   -119.023    34.5767
   -119.016    34.5917
   -119.007    34.6087
   -118.998    34.6197
   -118.990    34.6242
   -118.983    34.6244
   -118.973    34.6198
   -118.958    34.6108
   -118.942    34.6029
   -118.925    34.5945
   -118.906    34.5828
   -118.889    34.5749
   -118.867    34.5636
   -118.851    34.5537
   -118.837    34.5416
   -118.822    34.5284
   -118.813    34.5155
   -118.807    34.4985
   -118.800    34.4803
   -118.799    34.4623
   -118.799    34.4529
   -118.809    34.4406
   -118.837    34.4237
   -118.859    34.4149
   -118.881    34.4085
   -118.898    34.4035
   -118.914    34.4005
   -118.924    34.3978
   -118.936    34.3894
   -118.950    34.3773
   -118.969    34.3619
   -118.988    34.3483
   -119.006    34.3352
   -119.016    34.3282
   -119.025    34.3236
   -119.030    34.3236
   -119.044    34.3322
   -119.054    34.3440
   -119.062    34.3510
   -119.070    34.3630
   -119.078    34.3678
   -119.090    34.3584
   -119.100    34.3464
   -119.110    34.3319
   -119.120    34.3189
   -119.131    34.3064
   -119.142    34.2934
   -119.151    34.2827
   -119.160    34.2720
   -119.170    34.2642
   -119.178    34.2585
   -119.185    34.2579
   -119.193    34.2630
   -119.198    34.2748
   -119.201    34.2854
   -119.204    34.2927
   -119.209    34.2980
   -119.215    34.3002
   -119.231    34.2975
   -119.250    34.2930
   -119.270    34.2872
   -119.291    34.2825
   -119.310    34.2819
   -119.333    34.2785
   -119.354    34.2769
   -119.373    34.2762
   -119.390    34.2768
   -119.406    34.2774
