   -119.288    34.4113
   -119.300    34.4130
   -119.314    34.4151
   -119.329    34.4191
   -119.340    34.4214
   -119.349    34.4299
   -119.351    34.4381
   -119.348    34.4473
   -119.337    34.4532
   -119.324    34.4576
   -119.306    34.4612
   -119.287    34.4663
   -119.275    34.4689
   -119.261    34.4699
   -119.252    34.4694
   -119.242    34.4669
   -119.233    34.4669
   -119.219    34.4678
   -119.204    34.4704
   -119.184    34.4742
   -119.164    34.4770
   -119.148    34.4781
   -119.134    34.4790
   -119.127    34.4799
   -119.119    34.4878
   -119.112    34.4982
   -119.107    34.5050
   -119.097    34.5104
   -119.088    34.5151
   -119.075    34.5203
   -119.061    34.5269
   -119.046    34.5346
   -119.029    34.5426
   -119.015    34.5489
   -119.006    34.5543
   -118.994    34.5595
   -118.981    34.5637
   -118.967    34.5659
   -118.953    34.5697
   -118.945    34.5718
   -118.941    34.5712
   -118.937    34.5673
   -118.939    34.5625
   -118.941    34.5552
   -118.941    34.5453
   -118.941    34.5361
   -118.938    34.5300
   -118.933    34.5265
   -118.928    34.5236
   -118.923    34.5226
   -118.921    34.5198
   -118.925    34.5158
   -118.930    34.5087
   -118.933    34.5048
   -118.940    34.5013
   -118.942    34.4961
   -118.943    34.4902
   -118.941    34.4866
   -118.941    34.4809
   -118.940    34.4753
   -118.939    34.4700
   -118.939    34.4633
   -118.937    34.4580
   -118.934    34.4542
   -118.934    34.4511
   -118.935    34.4498
   -118.943    34.4470
   -118.949    34.4442
   -118.959    34.4387
   -118.966    34.4353
   -118.970    34.4329
   -118.971    34.4307
   -118.976    34.4267
   -118.980    34.4254
   -118.983    34.4246
   -118.990    34.4231
   -118.996    34.4219
   -119.005    34.4216
   -119.016    34.4235
   -119.025    34.4235
   -119.032    34.4236
   -119.039    34.4243
   -119.045    34.4262
   -119.050    34.4279
   -119.054    34.4299
   -119.061    34.4311
   -119.067    34.4313
   -119.076    34.4338
   -119.084    34.4353
   -119.086    34.4362
   -119.092    34.4345
   -119.095    34.4335
   -119.105    34.4333
   -119.114    34.4375
   -119.121    34.4424
   -119.128    34.4478
   -119.134    34.4503
   -119.147    34.4520
   -119.155    34.4526
   -119.168    34.4545
   -119.177    34.4498
   -119.184    34.4418
   -119.191    34.4330
   -119.198    34.4216
   -119.203    34.4127
   -119.208    34.4050
   -119.212    34.3947
   -119.217    34.3860
   -119.220    34.3774
   -119.223    34.3719
   -119.228    34.3707
   -119.236    34.3740
   -119.245    34.3799
   -119.252    34.3868
   -119.259    34.3958
   -119.264    34.4015
   -119.272    34.4064
   -119.279    34.4095
