 34.49740 -119.26900    2999.98
 34.49740 -119.26570    2999.90
 34.49740 -119.26241    2999.63
 34.49740 -119.25911    2998.58
 34.49740 -119.25582    2994.83
 34.49740 -119.25253    2985.07
 34.49740 -119.24923    2968.37
 34.49740 -119.24593    2953.00
 34.49740 -119.24264    2960.53
 34.49740 -119.23934    3016.45
 34.49740 -119.23605    3133.27
 34.49740 -119.23276    3295.81
 34.49740 -119.22946    3470.85
 34.49740 -119.22617    3624.38
 34.49740 -119.22287    3740.90
 34.49740 -119.21957    3816.11
 34.49740 -119.21628    3851.69
 34.49740 -119.21298    3848.36
 34.49740 -119.20969    3820.93
 34.49740 -119.20640    3794.15
 34.49740 -119.20310    3793.95
 34.49740 -119.19981    3820.61
 34.49740 -119.19651    3857.31
 34.49740 -119.19321    3883.51
 34.49740 -119.18992    3899.65
 34.49740 -119.18663    3913.96
 34.49740 -119.18333    3932.58
 34.49740 -119.18004    3949.63
 34.49740 -119.17674    3960.09
 34.49740 -119.17345    3965.07
 34.49740 -119.17015    3969.70
 34.49740 -119.16685    3976.49
 34.49740 -119.16357    3983.53
 34.49740 -119.16027    3989.07
 34.49740 -119.15697    3992.67
 34.49740 -119.15368    3995.31
 34.49740 -119.15038    3997.21
 34.49740 -119.14709    3998.39
 34.49740 -119.14379    3998.93
 34.49740 -119.14050    3999.22
 34.49740 -119.13721    3999.49
 34.49740 -119.13391    3999.75
 34.49740 -119.13062    3999.92
 34.49740 -119.12732    3999.98
 34.49740 -119.12402    4000.00
 34.49740 -119.12073    4000.00
 34.49740 -119.11743    4000.00
 34.49740 -119.11414    3999.54
 34.49740 -119.11085    4000.56
 34.49740 -119.10755    4010.58
 34.49740 -119.10426    4048.19
 34.49740 -119.10096    4132.06
 34.49740 -119.09766    4268.07
 34.49740 -119.09437    4431.98
 34.49740 -119.09108    4584.71
 34.49740 -119.08778    4688.34
 34.49740 -119.08449    4726.72
 34.49740 -119.08119    4694.63
 34.49740 -119.07790    4589.61
 34.49740 -119.07460    4401.40
 34.49740 -119.07130    4110.88
 34.49740 -119.06802    3702.85
 34.49740 -119.06472    3179.32
 34.49740 -119.06142    2592.35
 34.49740 -119.05813    2023.96
 34.49740 -119.05483    1561.92
 34.49740 -119.05154    1233.72
 34.49740 -119.04824    1007.60
 34.49740 -119.04495     814.05
 34.49740 -119.04166     608.19
 34.49740 -119.03836     394.28
 34.49740 -119.03506     205.17
 34.49740 -119.03177      61.22
 34.49740 -119.02847     -62.32
 34.49740 -119.02518    -206.54
 34.49740 -119.02189    -395.93
 34.49740 -119.01859    -605.70
 34.49740 -119.01530    -786.53
 34.49740 -119.01200    -889.23
 34.49460 -119.26900    2999.90
 34.49460 -119.26570    2999.36
 34.49460 -119.26241    2997.60
 34.49460 -119.25911    2992.82
 34.49460 -119.25582    2980.99
 34.49460 -119.25253    2955.07
 34.49460 -119.24923    2909.93
 34.49460 -119.24593    2851.10
 34.49460 -119.24264    2803.71
 34.49460 -119.23934    2802.28
 34.49460 -119.23605    2873.07
 34.49460 -119.23276    3010.72
 34.49460 -119.22946    3186.55
 34.49460 -119.22617    3361.13
 34.49460 -119.22287    3509.89
 34.49460 -119.21957    3617.45
 34.49460 -119.21628    3679.79
 34.49460 -119.21298    3696.46
 34.49460 -119.20969    3686.12
 34.49460 -119.20640    3677.20
 34.49460 -119.20310    3696.41
 34.49460 -119.19981    3739.78
 34.49460 -119.19651    3785.96
 34.49460 -119.19321    3813.90
 34.49460 -119.18992    3829.46
 34.49460 -119.18663    3846.02
 34.49460 -119.18333    3870.18
 34.49460 -119.18004    3892.46
 34.49460 -119.17674    3906.00
 34.49460 -119.17345    3914.10
 34.49460 -119.17015    3924.51
 34.49460 -119.16685    3939.56
 34.49460 -119.16357    3954.59
 34.49460 -119.16027    3966.48
 34.49460 -119.15697    3975.10
 34.49460 -119.15368    3982.20
 34.49460 -119.15038    3987.54
 34.49460 -119.14709    3990.75
 34.49460 -119.14379    3992.43
 34.49460 -119.14050    3993.95
 34.49460 -119.13721    3995.94
 34.49460 -119.13391    3997.88
 34.49460 -119.13062    3999.22
 34.49460 -119.12732    3999.81
 34.49460 -119.12402    3999.98
 34.49460 -119.12073    4000.00
 34.49460 -119.11743    4000.00
 34.49460 -119.11414    3999.12
 34.49460 -119.11085    3998.11
 34.49460 -119.10755    4002.56
 34.49460 -119.10426    4030.48
 34.49460 -119.10096    4102.92
 34.49460 -119.09766    4231.26
 34.49460 -119.09437    4395.54
 34.49460 -119.09108    4556.18
 34.49460 -119.08778    4669.87
 34.49460 -119.08449    4714.32
 34.49460 -119.08119    4682.24
 34.49460 -119.07790    4573.20
 34.49460 -119.07460    4381.03
 34.49460 -119.07130    4088.94
 34.49460 -119.06802    3682.30
 34.49460 -119.06472    3162.28
 34.49460 -119.06142    2580.03
 34.49460 -119.05813    2016.44
 34.49460 -119.05483    1557.94
 34.49460 -119.05154    1231.27
 34.49460 -119.04824    1004.83
 34.49460 -119.04495     810.24
 34.49460 -119.04166     603.87
 34.49460 -119.03836     390.39
 34.49460 -119.03506     202.20
 34.49460 -119.03177      58.68
 34.49460 -119.02847     -65.28
 34.49460 -119.02518    -210.44
 34.49460 -119.02189    -400.24
 34.49460 -119.01859    -609.51
 34.49460 -119.01530    -789.16
 34.49460 -119.01200    -890.92
 34.49181 -119.26900    2999.19
 34.49181 -119.26570    2996.80
 34.49181 -119.26241    2989.62
 34.49181 -119.25911    2972.82
 34.49181 -119.25582    2938.39
 34.49181 -119.25253    2874.23
 34.49181 -119.24923    2770.76
 34.49181 -119.24593    2631.96
 34.49181 -119.24264    2490.11
 34.49181 -119.23934    2393.77
 34.49181 -119.23605    2389.07
 34.49181 -119.23276    2484.75
 34.49181 -119.22946    2658.40
 34.49181 -119.22617    2862.31
 34.49181 -119.22287    3057.78
 34.49181 -119.21957    3213.61
 34.49181 -119.21628    3318.60
 34.49181 -119.21298    3372.05
 34.49181 -119.20969    3397.47
 34.49181 -119.20640    3426.07
 34.49181 -119.20310    3483.17
 34.49181 -119.19981    3557.89
 34.49181 -119.19651    3622.79
 34.49181 -119.19321    3656.68
 34.49181 -119.18992    3673.20
 34.49181 -119.18663    3693.07
 34.49181 -119.18333    3724.20
 34.49181 -119.18004    3753.56
 34.49181 -119.17674    3773.64
 34.49181 -119.17345    3791.66
 34.49181 -119.17015    3818.07
 34.49181 -119.16685    3852.34
 34.49181 -119.16357    3884.19
 34.49181 -119.16027    3908.75
 34.49181 -119.15697    3927.68
 34.49181 -119.15368    3944.29
 34.49181 -119.15038    3957.05
 34.49181 -119.14709    3964.72
 34.49181 -119.14379    3969.47
 34.49181 -119.14050    3975.22
 34.49181 -119.13721    3983.20
 34.49181 -119.13391    3991.11
 34.49181 -119.13062    3996.58
 34.49181 -119.12732    3999.05
 34.49181 -119.12402    3999.64
 34.49181 -119.12073    3999.49
 34.49181 -119.11743    3999.22
 34.49181 -119.11414    3997.43
 34.49181 -119.11085    3992.79
 34.49181 -119.10755    3987.41
 34.49181 -119.10426    3998.08
 34.49181 -119.10096    4050.06
 34.49181 -119.09766    4164.41
 34.49181 -119.09437    4328.95
 34.49181 -119.09108    4503.48
 34.49181 -119.08778    4635.15
 34.49181 -119.08449    4690.79
 34.49181 -119.08119    4659.03
 34.49181 -119.07790    4542.73
 34.49181 -119.07460    4342.67
 34.49181 -119.07130    4046.45
 34.49181 -119.06802    3640.98
 34.49181 -119.06472    3126.85
 34.49181 -119.06142    2553.75
 34.49181 -119.05813    2000.11
 34.49181 -119.05483    1548.97
 34.49181 -119.05154    1224.90
 34.49181 -119.04824     996.70
 34.49181 -119.04495     798.81
 34.49181 -119.04166     590.92
 34.49181 -119.03836     378.70
 34.49181 -119.03506     193.31
 34.49181 -119.03177      51.06
 34.49181 -119.02847     -74.18
 34.49181 -119.02518    -222.12
 34.49181 -119.02189    -413.20
 34.49181 -119.01859    -620.94
 34.49181 -119.01530    -797.03
 34.49181 -119.01200    -896.00
 34.48901 -119.26900    2996.27
 34.48901 -119.26570    2988.59
 34.48901 -119.26241    2967.43
 34.48901 -119.25911    2922.94
 34.48901 -119.25582    2842.72
 34.48901 -119.25253    2712.55
 34.48901 -119.24923    2524.18
 34.48901 -119.24593    2285.92
 34.48901 -119.24264    2039.31
 34.48901 -119.23934    1844.86
 34.48901 -119.23605    1763.33
 34.48901 -119.23276    1813.98
 34.48901 -119.22946    1978.45
 34.48901 -119.22617    2201.88
 34.48901 -119.22287    2432.54
 34.48901 -119.21957    2627.75
 34.48901 -119.21628    2773.16
 34.48901 -119.21298    2870.63
 34.48901 -119.20969    2945.36
 34.48901 -119.20640    3025.96
 34.48901 -119.20310    3131.99
 34.48901 -119.19981    3246.35
 34.48901 -119.19651    3337.25
 34.48901 -119.19321    3383.44
 34.48901 -119.18992    3403.44
 34.48901 -119.18663    3424.33
 34.48901 -119.18333    3457.96
 34.48901 -119.18004    3493.15
 34.48901 -119.17674    3525.65
 34.48901 -119.17345    3566.10
 34.48901 -119.17015    3623.58
 34.48901 -119.16685    3689.88
 34.48901 -119.16357    3747.14
 34.48901 -119.16027    3789.88
 34.48901 -119.15697    3823.86
 34.48901 -119.15368    3854.76
 34.48901 -119.15038    3879.03
 34.48901 -119.14709    3894.58
 34.48901 -119.14379    3906.74
 34.48901 -119.14050    3923.59
 34.48901 -119.13721    3946.20
 34.48901 -119.13391    3967.99
 34.48901 -119.13062    3982.76
 34.48901 -119.12732    3989.42
 34.48901 -119.12402    3991.04
 34.48901 -119.12073    3990.87
 34.48901 -119.11743    3990.65
 34.48901 -119.11414    3988.55
 34.48901 -119.11085    3980.64
 34.48901 -119.10755    3964.59
 34.48901 -119.10426    3955.40
 34.48901 -119.10096    3983.06
 34.48901 -119.09766    4080.19
 34.48901 -119.09437    4244.22
 34.48901 -119.09108    4434.78
 34.48901 -119.08778    4587.97
 34.48901 -119.08449    4657.65
 34.48901 -119.08119    4626.85
 34.48901 -119.07790    4501.80
 34.48901 -119.07460    4290.87
 34.48901 -119.07130    3987.36
 34.48901 -119.06802    3581.16
 34.48901 -119.06472    3073.75
 34.48901 -119.06142    2513.49
 34.48901 -119.05813    1974.80
 34.48901 -119.05483    1534.57
 34.48901 -119.05154    1213.38
 34.48901 -119.04824     980.69
 34.48901 -119.04495     775.95
 34.48901 -119.04166     565.01
 34.48901 -119.03836     355.33
 34.48901 -119.03506     175.53
 34.48901 -119.03177      35.82
 34.48901 -119.02847     -91.96
 34.48901 -119.02518    -245.49
 34.48901 -119.02189    -439.11
 34.48901 -119.01859    -643.80
 34.48901 -119.01530    -812.78
 34.48901 -119.01200    -906.16
 34.48622 -119.26900    2987.30
 34.48622 -119.26570    2967.50
 34.48622 -119.26241    2917.78
 34.48622 -119.25911    2822.88
 34.48622 -119.25582    2668.71
 34.48622 -119.25253    2446.10
 34.48622 -119.24923    2157.65
 34.48622 -119.24593    1823.32
 34.48622 -119.24264    1493.14
 34.48622 -119.23934    1231.29
 34.48622 -119.23605    1099.99
 34.48622 -119.23276    1119.98
 34.48622 -119.22946    1272.22
 34.48622 -119.22617    1497.99
 34.48622 -119.22287    1738.11
 34.48622 -119.21957    1947.90
 34.48622 -119.21628    2115.64
 34.48622 -119.21298    2248.21
 34.48622 -119.20969    2367.54
 34.48622 -119.20640    2495.04
 34.48622 -119.20310    2643.04
 34.48622 -119.19981    2793.12
 34.48622 -119.19651    2911.77
 34.48622 -119.19321    2975.34
 34.48622 -119.18992    2999.90
 34.48622 -119.18663    3016.28
 34.48622 -119.18333    3044.87
 34.48622 -119.18004    3084.50
 34.48622 -119.17674    3137.36
 34.48622 -119.17345    3213.61
 34.48622 -119.17015    3314.71
 34.48622 -119.16685    3421.00
 34.48622 -119.16357    3507.75
 34.48622 -119.16027    3570.96
 34.48622 -119.15697    3622.29
 34.48622 -119.15368    3670.30
 34.48622 -119.15038    3709.89
 34.48622 -119.14709    3739.10
 34.48622 -119.14379    3767.40
 34.48622 -119.14050    3806.80
 34.48622 -119.13721    3855.92
 34.48622 -119.13391    3901.13
 34.48622 -119.13062    3931.02
 34.48622 -119.12732    3944.93
 34.48622 -119.12402    3949.70
 34.48622 -119.12073    3952.07
 34.48622 -119.11743    3955.29
 34.48622 -119.11414    3957.14
 34.48622 -119.11085    3950.56
 34.48622 -119.10755    3928.46
 34.48622 -119.10426    3903.28
 34.48622 -119.10096    3909.39
 34.48622 -119.09766    3990.37
 34.48622 -119.09437    4153.14
 34.48622 -119.09108    4357.84
 34.48622 -119.08778    4530.73
 34.48622 -119.08449    4613.75
 34.48622 -119.08119    4584.24
 34.48622 -119.07790    4450.91
 34.48622 -119.07460    4228.59
 34.48622 -119.07130    3916.36
 34.48622 -119.06802    3508.24
 34.48622 -119.06472    3008.32
 34.48622 -119.06142    2463.84
 34.48622 -119.05813    1943.72
 34.48622 -119.05483    1516.54
 34.48622 -119.05154    1197.38
 34.48622 -119.04824     956.97
 34.48622 -119.04495     741.66
 34.48622 -119.04166     526.14
 34.48622 -119.03836     320.28
 34.48622 -119.03506     148.86
 34.48622 -119.03177      12.96
 34.48622 -119.02847    -118.63
 34.48622 -119.02518    -280.55
 34.48622 -119.02189    -477.98
 34.48622 -119.01859    -678.10
 34.48622 -119.01530    -836.41
 34.48622 -119.01200    -921.40
 34.48343 -119.26900    2964.13
 34.48343 -119.26570    2922.93
 34.48343 -119.26241    2826.97
 34.48343 -119.25911    2658.78
 34.48343 -119.25582    2409.05
 34.48343 -119.25253    2082.57
 34.48343 -119.24923    1700.70
 34.48343 -119.24593    1297.77
 34.48343 -119.24264     926.82
 34.48343 -119.23934     644.56
 34.48343 -119.23605     501.25
 34.48343 -119.23276     510.39
 34.48343 -119.22946     649.04
 34.48343 -119.22617     859.77
 34.48343 -119.22287    1083.91
 34.48343 -119.21957    1283.55
 34.48343 -119.21628    1452.41
 34.48343 -119.21298    1601.17
 34.48343 -119.20969    1744.13
 34.48343 -119.20640    1895.20
 34.48343 -119.20310    2062.63
 34.48343 -119.19981    2233.04
 34.48343 -119.19651    2372.35
 34.48343 -119.19321    2450.59
 34.48343 -119.18992    2474.45
 34.48343 -119.18663    2478.09
 34.48343 -119.18333    2495.35
 34.48343 -119.18004    2540.21
 34.48343 -119.17674    2618.96
 34.48343 -119.17345    2734.54
 34.48343 -119.17015    2876.88
 34.48343 -119.16685    3017.54
 34.48343 -119.16357    3129.50
 34.48343 -119.16027    3211.04
 34.48343 -119.15697    3277.60
 34.48343 -119.15368    3340.34
 34.48343 -119.15038    3395.81
 34.48343 -119.14709    3445.53
 34.48343 -119.14379    3502.26
 34.48343 -119.14050    3577.83
 34.48343 -119.13721    3663.86
 34.48343 -119.13391    3738.45
 34.48343 -119.13062    3786.82
 34.48343 -119.12732    3811.97
 34.48343 -119.12402    3826.72
 34.48343 -119.12073    3841.45
 34.48343 -119.11743    3859.59
 34.48343 -119.11414    3877.20
 34.48343 -119.11085    3883.24
 34.48343 -119.10755    3866.08
 34.48343 -119.10426    3835.42
 34.48343 -119.10096    3829.24
 34.48343 -119.09766    3899.45
 34.48343 -119.09437    4060.64
 34.48343 -119.09108    4273.81
 34.48343 -119.08778    4458.90
 34.48343 -119.08449    4550.16
 34.48343 -119.08119    4521.19
 34.48343 -119.07790    4382.36
 34.48343 -119.07460    4152.20
 34.48343 -119.07130    3833.97
 34.48343 -119.06802    3425.98
 34.48343 -119.06472    2935.88
 34.48343 -119.06142    2410.03
 34.48343 -119.05813    1910.77
 34.48343 -119.05483    1497.47
 34.48343 -119.05154    1179.43
 34.48343 -119.04824     929.50
 34.48343 -119.04495     701.93
 34.48343 -119.04166     481.31
 34.48343 -119.03836     279.95
 34.48343 -119.03506     118.12
 34.48343 -119.03177     -13.55
 34.48343 -119.02847    -149.64
 34.48343 -119.02518    -321.14
 34.48343 -119.02189    -522.79
 34.48343 -119.01859    -717.47
 34.48343 -119.01530    -863.44
 34.48343 -119.01200    -938.78
 34.48063 -119.26900    2912.24
 34.48063 -119.26570    2840.89
 34.48063 -119.26241    2684.55
 34.48063 -119.25911    2430.03
 34.48063 -119.25582    2081.06
 34.48063 -119.25253    1662.43
 34.48063 -119.24923    1215.06
 34.48063 -119.24593     783.00
 34.48063 -119.24264     414.43
 34.48063 -119.23934     150.65
 34.48063 -119.23605      23.49
 34.48063 -119.23276      35.44
 34.48063 -119.22946     160.22
 34.48063 -119.22617     346.78
 34.48063 -119.22287     544.11
 34.48063 -119.21957     724.03
 34.48063 -119.21628     882.92
 34.48063 -119.21298    1029.89
 34.48063 -119.20969    1170.34
 34.48063 -119.20640    1314.82
 34.48063 -119.20310    1473.50
 34.48063 -119.19981    1642.08
 34.48063 -119.19651    1786.06
 34.48063 -119.19321    1867.69
 34.48063 -119.18992    1882.91
 34.48063 -119.18663    1869.86
 34.48063 -119.18333    1875.96
 34.48063 -119.18004    1927.32
 34.48063 -119.17674    2027.16
 34.48063 -119.17345    2166.56
 34.48063 -119.17015    2326.92
 34.48063 -119.16685    2480.69
 34.48063 -119.16357    2605.04
 34.48063 -119.16027    2698.29
 34.48063 -119.15697    2773.38
 34.48063 -119.15368    2842.82
 34.48063 -119.15038    2910.09
 34.48063 -119.14709    2984.45
 34.48063 -119.14379    3078.97
 34.48063 -119.14050    3198.00
 34.48063 -119.13721    3322.17
 34.48063 -119.13391    3423.92
 34.48063 -119.13062    3490.98
 34.48063 -119.12732    3534.29
 34.48063 -119.12402    3572.81
 34.48063 -119.12073    3617.88
 34.48063 -119.11743    3669.53
 34.48063 -119.11414    3719.89
 34.48063 -119.11085    3753.45
 34.48063 -119.10755    3755.46
 34.48063 -119.10426    3733.51
 34.48063 -119.10096    3728.11
 34.48063 -119.09766    3795.46
 34.48063 -119.09437    3954.67
 34.48063 -119.09108    4167.59
 34.48063 -119.08778    4352.85
 34.48063 -119.08449    4443.38
 34.48063 -119.08119    4413.36
 34.48063 -119.07790    4274.29
 34.48063 -119.07460    4044.96
 34.48063 -119.07130    3729.41
 34.48063 -119.06802    3328.99
 34.48063 -119.06472    2854.85
 34.48063 -119.06142    2352.36
 34.48063 -119.05813    1876.54
 34.48063 -119.05483    1477.72
 34.48063 -119.05154    1160.53
 34.48063 -119.04824     901.29
 34.48063 -119.04495     662.55
 34.48063 -119.04166     438.04
 34.48063 -119.03836     241.68
 34.48063 -119.03506      88.82
 34.48063 -119.03177     -39.39
 34.48063 -119.02847    -180.21
 34.48063 -119.02518    -360.51
 34.48063 -119.02189    -565.46
 34.48063 -119.01859    -754.31
 34.48063 -119.01530    -888.33
 34.48063 -119.01200    -954.53
 34.47784 -119.26900    2812.38
 34.47784 -119.26570    2708.02
 34.47784 -119.26241    2489.61
 34.47784 -119.25911    2155.01
 34.47784 -119.25582    1726.85
 34.47784 -119.25253    1250.31
 34.47784 -119.24923     779.20
 34.47784 -119.24593     357.40
 34.47784 -119.24264      20.97
 34.47784 -119.23934    -206.50
 34.47784 -119.23605    -310.32
 34.47784 -119.23276    -297.39
 34.47784 -119.22946    -193.40
 34.47784 -119.22617     -38.00
 34.47784 -119.22287     131.28
 34.47784 -119.21957     294.78
 34.47784 -119.21628     445.64
 34.47784 -119.21298     584.52
 34.47784 -119.20969     708.26
 34.47784 -119.20640     827.81
 34.47784 -119.20310     958.73
 34.47784 -119.19981    1105.40
 34.47784 -119.19651    1234.31
 34.47784 -119.19321    1303.94
 34.47784 -119.18992    1304.44
 34.47784 -119.18663    1277.56
 34.47784 -119.18333    1277.85
 34.47784 -119.18004    1334.10
 34.47784 -119.17674    1439.40
 34.47784 -119.17345    1573.87
 34.47784 -119.17015    1719.06
 34.47784 -119.16685    1859.73
 34.47784 -119.16357    1981.71
 34.47784 -119.16027    2078.33
 34.47784 -119.15697    2152.13
 34.47784 -119.15368    2215.35
 34.47784 -119.15038    2284.00
 34.47784 -119.14709    2378.55
 34.47784 -119.14379    2508.71
 34.47784 -119.14050    2664.69
 34.47784 -119.13721    2815.24
 34.47784 -119.13391    2933.73
 34.47784 -119.13062    3017.95
 34.47784 -119.12732    3088.96
 34.47784 -119.12402    3168.30
 34.47784 -119.12073    3262.71
 34.47784 -119.11743    3364.56
 34.47784 -119.11414    3460.58
 34.47784 -119.11085    3532.38
 34.47784 -119.10755    3565.36
 34.47784 -119.10426    3566.53
 34.47784 -119.10096    3576.33
 34.47784 -119.09766    3649.06
 34.47784 -119.09437    3804.07
 34.47784 -119.09108    4004.44
 34.47784 -119.08778    4174.34
 34.47784 -119.08449    4253.06
 34.47784 -119.08119    4220.69
 34.47784 -119.07790    4089.24
 34.47784 -119.07460    3873.90
 34.47784 -119.07130    3575.03
 34.47784 -119.06802    3194.78
 34.47784 -119.06472    2747.29
 34.47784 -119.06142    2276.48
 34.47784 -119.05813    1829.66
 34.47784 -119.05483    1448.12
 34.47784 -119.05154    1133.57
 34.47784 -119.04824     867.58
 34.47784 -119.04495     621.96
 34.47784 -119.04166     397.53
 34.47784 -119.03836     208.05
 34.47784 -119.03506      62.98
 34.47784 -119.03177     -63.61
 34.47784 -119.02847    -209.67
 34.47784 -119.02518    -396.84
 34.47784 -119.02189    -602.80
 34.47784 -119.01859    -784.79
 34.47784 -119.01530    -907.89
 34.47784 -119.01200    -966.21
 34.47504 -119.26900    2652.98
 34.47504 -119.26570    2520.57
 34.47504 -119.26241    2253.11
 34.47504 -119.25911    1863.43
 34.47504 -119.25582    1393.22
 34.47504 -119.25253     902.45
 34.47504 -119.24923     447.53
 34.47504 -119.24593      63.49
 34.47504 -119.24264    -228.56
 34.47504 -119.23934    -419.29
 34.47504 -119.23605    -505.64
 34.47504 -119.23276    -499.98
 34.47504 -119.22946    -424.13
 34.47504 -119.22617    -303.83
 34.47504 -119.22287    -160.77
 34.47504 -119.21957      -8.37
 34.47504 -119.21628     139.60
 34.47504 -119.21298     271.52
 34.47504 -119.20969     377.03
 34.47504 -119.20640     467.87
 34.47504 -119.20310     564.06
 34.47504 -119.19981     675.54
 34.47504 -119.19651     773.92
 34.47504 -119.19321     822.01
 34.47504 -119.18992     810.90
 34.47504 -119.18663     781.17
 34.47504 -119.18333     783.07
 34.47504 -119.18004     838.16
 34.47504 -119.17674     929.30
 34.47504 -119.17345    1032.83
 34.47504 -119.17015    1139.13
 34.47504 -119.16685    1249.89
 34.47504 -119.16357    1359.09
 34.47504 -119.16027    1451.02
 34.47504 -119.15697    1514.51
 34.47504 -119.15368    1560.78
 34.47504 -119.15038    1619.52
 34.47504 -119.14709    1721.27
 34.47504 -119.14379    1869.58
 34.47504 -119.14050    2039.78
 34.47504 -119.13721    2194.40
 34.47504 -119.13391    2316.11
 34.47504 -119.13062    2416.40
 34.47504 -119.12732    2522.48
 34.47504 -119.12402    2650.36
 34.47504 -119.12073    2796.93
 34.47504 -119.11743    2946.50
 34.47504 -119.11414    3083.79
 34.47504 -119.11085    3192.50
 34.47504 -119.10755    3261.96
 34.47504 -119.10426    3298.60
 34.47504 -119.10096    3336.97
 34.47504 -119.09766    3421.07
 34.47504 -119.09437    3565.89
 34.47504 -119.09108    3738.26
 34.47504 -119.08778    3876.33
 34.47504 -119.08449    3933.20
 34.47504 -119.08119    3898.48
 34.47504 -119.07790    3783.25
 34.47504 -119.07460    3595.59
 34.47504 -119.07130    3329.19
 34.47504 -119.06802    2984.61
 34.47504 -119.06472    2578.44
 34.47504 -119.06142    2151.68
 34.47504 -119.05813    1743.67
 34.47504 -119.05483    1385.95
 34.47504 -119.05154    1079.34
 34.47504 -119.04824     812.51
 34.47504 -119.04495     568.00
 34.47504 -119.04166     351.54
 34.47504 -119.03836     173.99
 34.47504 -119.03506      36.99
 34.47504 -119.03177     -90.03
 34.47504 -119.02847    -242.80
 34.47504 -119.02518    -435.20
 34.47504 -119.02189    -639.13
 34.47504 -119.01859    -811.72
 34.47504 -119.01530    -923.47
 34.47504 -119.01200    -974.36
 34.47225 -119.26900    2444.07
 34.47225 -119.26570    2294.30
 34.47225 -119.26241    2000.07
 34.47225 -119.25911    1588.79
 34.47225 -119.25582    1116.29
 34.47225 -119.25253     649.42
 34.47225 -119.24923     238.59
 34.47225 -119.24593     -93.67
 34.47225 -119.24264    -339.97
 34.47225 -119.23934    -499.97
 34.47225 -119.23605    -576.90
 34.47225 -119.23276    -585.05
 34.47225 -119.22946    -541.33
 34.47225 -119.22617    -458.53
 34.47225 -119.22287    -343.51
 34.47225 -119.21957    -204.05
 34.47225 -119.21628     -59.49
 34.47225 -119.21298      67.68
 34.47225 -119.20969     161.06
 34.47225 -119.20640     230.12
 34.47225 -119.20310     295.11
 34.47225 -119.19981     368.45
 34.47225 -119.19651     431.17
 34.47225 -119.19321     457.23
 34.47225 -119.18992     442.24
 34.47225 -119.18663     419.38
 34.47225 -119.18333     425.61
 34.47225 -119.18004     471.68
 34.47225 -119.17674     536.44
 34.47225 -119.17345     600.54
 34.47225 -119.17015     665.57
 34.47225 -119.16685     745.43
 34.47225 -119.16357     837.81
 34.47225 -119.16027     918.34
 34.47225 -119.15697     965.69
 34.47225 -119.15368     990.50
 34.47225 -119.15038    1031.91
 34.47225 -119.14709    1124.88
 34.47225 -119.14379    1266.30
 34.47225 -119.14050    1422.56
 34.47225 -119.13721    1559.06
 34.47225 -119.13391    1672.86
 34.47225 -119.13062    1785.99
 34.47225 -119.12732    1922.93
 34.47225 -119.12402    2086.49
 34.47225 -119.12073    2263.12
 34.47225 -119.11743    2434.84
 34.47225 -119.11414    2591.83
 34.47225 -119.11085    2725.62
 34.47225 -119.10755    2831.19
 34.47225 -119.10426    2911.61
 34.47225 -119.10096    2987.71
 34.47225 -119.09766    3084.80
 34.47225 -119.09437    3210.19
 34.47225 -119.09108    3338.93
 34.47225 -119.08778    3431.16
 34.47225 -119.08449    3458.89
 34.47225 -119.08119    3421.09
 34.47225 -119.07790    3325.81
 34.47225 -119.07460    3172.65
 34.47225 -119.07130    2949.11
 34.47225 -119.06802    2652.88
 34.47225 -119.06472    2301.82
 34.47225 -119.06142    1931.94
 34.47225 -119.05813    1575.08
 34.47225 -119.05483    1253.01
 34.47225 -119.05154     967.11
 34.47225 -119.04824     713.31
 34.47225 -119.04495     484.83
 34.47225 -119.04166     289.39
 34.47225 -119.03836     132.08
 34.47225 -119.03506       4.96
 34.47225 -119.03177    -124.44
 34.47225 -119.02847    -285.90
 34.47225 -119.02518    -482.28
 34.47225 -119.02189    -680.54
 34.47225 -119.01859    -839.74
 34.47225 -119.01530    -937.97
 34.47225 -119.01200    -980.71
 34.46945 -119.26900    2223.44
 34.46945 -119.26570    2066.23
 34.46945 -119.26241    1764.64
 34.46945 -119.25911    1358.31
 34.46945 -119.25582     910.65
 34.46945 -119.25253     488.93
 34.46945 -119.24923     133.14
 34.46945 -119.24593    -145.52
 34.46945 -119.24264    -350.10
 34.46945 -119.23934    -484.63
 34.46945 -119.23605    -555.14
 34.46945 -119.23276    -575.37
 34.46945 -119.22946    -558.59
 34.46945 -119.22617    -509.06
 34.46945 -119.22287    -423.60
 34.46945 -119.21957    -304.43
 34.46945 -119.21628    -171.32
 34.46945 -119.21298     -51.73
 34.46945 -119.20969      33.78
 34.46945 -119.20640      89.18
 34.46945 -119.20310     130.99
 34.46945 -119.19981     172.03
 34.46945 -119.19651     204.54
 34.46945 -119.19321     215.47
 34.46945 -119.18992     204.44
 34.46945 -119.18663     192.97
 34.46945 -119.18333     202.01
 34.46945 -119.18004     233.92
 34.46945 -119.17674     271.38
 34.46945 -119.17345     303.77
 34.46945 -119.17015     340.01
 34.46945 -119.16685     396.59
 34.46945 -119.16357     470.58
 34.46945 -119.16027     534.38
 34.46945 -119.15697     564.95
 34.46945 -119.15368     572.82
 34.46945 -119.15038     597.84
 34.46945 -119.14709     671.19
 34.46945 -119.14379     784.74
 34.46945 -119.14050     905.60
 34.46945 -119.13721    1010.26
 34.46945 -119.13391    1109.16
 34.46945 -119.13062    1226.46
 34.46945 -119.12732    1374.98
 34.46945 -119.12402    1542.16
 34.46945 -119.12073    1709.65
 34.46945 -119.11743    1867.25
 34.46945 -119.11414    2018.47
 34.46945 -119.11085    2165.27
 34.46945 -119.10755    2305.13
 34.46945 -119.10426    2432.03
 34.46945 -119.10096    2546.48
 34.46945 -119.09766    2650.99
 34.46945 -119.09437    2745.23
 34.46945 -119.09108    2817.60
 34.46945 -119.08778    2855.15
 34.46945 -119.08449    2849.85
 34.46945 -119.08119    2806.03
 34.46945 -119.07790    2726.19
 34.46945 -119.07460    2602.46
 34.46945 -119.07130    2420.19
 34.46945 -119.06802    2175.16
 34.46945 -119.06472    1885.29
 34.46945 -119.06142    1579.95
 34.46945 -119.05813    1285.02
 34.46945 -119.05483    1014.28
 34.46945 -119.05154     770.06
 34.46945 -119.04824     552.73
 34.46945 -119.04495     362.19
 34.46945 -119.04166     203.98
 34.46945 -119.03836      75.40
 34.46945 -119.03506     -40.19
 34.46945 -119.03177    -173.38
 34.46945 -119.02847    -343.85
 34.46945 -119.02518    -541.43
 34.46945 -119.02189    -729.26
 34.46945 -119.01859    -870.67
 34.46945 -119.01530    -952.80
 34.46945 -119.01200    -986.49
 34.46666 -119.26900    2035.82
 34.46666 -119.26570    1875.98
 34.46666 -119.26241    1575.64
 34.46666 -119.25911    1184.41
 34.46666 -119.25582     769.50
 34.46666 -119.25253     396.01
 34.46666 -119.24923      93.16
 34.46666 -119.24593    -136.92
 34.46666 -119.24264    -305.34
 34.46666 -119.23934    -418.26
 34.46666 -119.23605    -482.45
 34.46666 -119.23276    -509.41
 34.46666 -119.22946    -510.01
 34.46666 -119.22617    -485.02
 34.46666 -119.22287    -427.00
 34.46666 -119.21957    -333.44
 34.46666 -119.21628    -219.76
 34.46666 -119.21298    -112.13
 34.46666 -119.20969     -32.79
 34.46666 -119.20640      15.70
 34.46666 -119.20310      44.10
 34.46666 -119.19981      64.42
 34.46666 -119.19651      77.83
 34.46666 -119.19321      81.13
 34.46666 -119.18992      75.73
 34.46666 -119.18663      72.44
 34.46666 -119.18333      80.17
 34.46666 -119.18004      97.83
 34.46666 -119.17674     115.50
 34.46666 -119.17345     130.00
 34.46666 -119.17015     151.37
 34.46666 -119.16685     191.50
 34.46666 -119.16357     245.69
 34.46666 -119.16027     289.92
 34.46666 -119.15697     306.46
 34.46666 -119.15368     305.31
 34.46666 -119.15038     319.07
 34.46666 -119.14709     369.73
 34.46666 -119.14379     447.39
 34.46666 -119.14050     527.14
 34.46666 -119.13721     598.47
 34.46666 -119.13391     678.45
 34.46666 -119.13062     785.57
 34.46666 -119.12732     918.80
 34.46666 -119.12402    1056.22
 34.46666 -119.12073    1183.27
 34.46666 -119.11743    1304.44
 34.46666 -119.11414    1438.06
 34.46666 -119.11085    1593.16
 34.46666 -119.10755    1763.65
 34.46666 -119.10426    1929.88
 34.46666 -119.10096    2071.26
 34.46666 -119.09766    2170.55
 34.46666 -119.09437    2223.38
 34.46666 -119.09108    2234.17
 34.46666 -119.08778    2215.64
 34.46666 -119.08449    2176.12
 34.46666 -119.08119    2120.23
 34.46666 -119.07790    2043.31
 34.46666 -119.07460    1932.93
 34.46666 -119.07130    1776.97
 34.46666 -119.06802    1572.27
 34.46666 -119.06472    1336.48
 34.46666 -119.06142    1093.14
 34.46666 -119.05813     864.60
 34.46666 -119.05483     659.89
 34.46666 -119.05154     481.04
 34.46666 -119.04824     327.39
 34.46666 -119.04495     197.84
 34.46666 -119.04166      90.94
 34.46666 -119.03836      -4.12
 34.46666 -119.03506    -108.27
 34.46666 -119.03177    -245.03
 34.46666 -119.02847    -420.57
 34.46666 -119.02518    -612.56
 34.46666 -119.02189    -783.11
 34.46666 -119.01859    -902.50
 34.46666 -119.01530    -967.03
 34.46666 -119.01200    -991.57
 34.46386 -119.26900    1909.53
 34.46386 -119.26570    1745.91
 34.46386 -119.26241    1444.04
 34.46386 -119.25911    1062.81
 34.46386 -119.25582     673.33
 34.46386 -119.25253     339.06
 34.46386 -119.24923      79.92
 34.46386 -119.24593    -109.99
 34.46386 -119.24264    -248.70
 34.46386 -119.23934    -343.87
 34.46386 -119.23605    -401.54
 34.46386 -119.23276    -429.90
 34.46386 -119.22946    -438.15
 34.46386 -119.22617    -427.23
 34.46386 -119.22287    -390.03
 34.46386 -119.21957    -321.38
 34.46386 -119.21628    -230.24
 34.46386 -119.21298    -137.43
 34.46386 -119.20969     -64.17
 34.46386 -119.20640     -18.33
 34.46386 -119.20310       5.08
 34.46386 -119.19981      16.15
 34.46386 -119.19651      20.99
 34.46386 -119.19321      21.83
 34.46386 -119.18992      20.47
 34.46386 -119.18663      20.83
 34.46386 -119.18333      25.43
 34.46386 -119.18004      32.94
 34.46386 -119.17674      39.64
 34.46386 -119.17345      46.18
 34.46386 -119.17015      59.77
 34.46386 -119.16685      86.17
 34.46386 -119.16357     120.38
 34.46386 -119.16027     146.13
 34.46386 -119.15697     153.46
 34.46386 -119.15368     150.43
 34.46386 -119.15038     158.36
 34.46386 -119.14709     189.15
 34.46386 -119.14379     234.30
 34.46386 -119.14050     279.17
 34.46386 -119.13721     322.87
 34.46386 -119.13391     381.50
 34.46386 -119.13062     464.78
 34.46386 -119.12732     562.63
 34.46386 -119.12402     653.32
 34.46386 -119.12073     731.83
 34.46386 -119.11743     816.99
 34.46386 -119.11414     936.79
 34.46386 -119.11085    1101.07
 34.46386 -119.10755    1295.07
 34.46386 -119.10426    1484.36
 34.46386 -119.10096    1632.06
 34.46386 -119.09766    1709.97
 34.46386 -119.09437    1715.56
 34.46386 -119.09108    1668.51
 34.46386 -119.08778    1600.46
 34.46386 -119.08449    1529.56
 34.46386 -119.08119    1457.12
 34.46386 -119.07790    1370.90
 34.46386 -119.07460    1256.09
 34.46386 -119.07130    1105.42
 34.46386 -119.06802     920.94
 34.46386 -119.06472     721.85
 34.46386 -119.06142     529.24
 34.46386 -119.05813     363.17
 34.46386 -119.05483     229.93
 34.46386 -119.05154     128.84
 34.46386 -119.04824      53.55
 34.46386 -119.04495      -4.57
 34.46386 -119.04166     -56.60
 34.46386 -119.03836    -119.54
 34.46386 -119.03506    -212.77
 34.46386 -119.03177    -348.42
 34.46386 -119.02847    -518.62
 34.46386 -119.02518    -693.34
 34.46386 -119.02189    -837.98
 34.46386 -119.01859    -931.97
 34.46386 -119.01530    -978.97
 34.46386 -119.01200    -995.38
 34.46107 -119.26900    1840.83
 34.46107 -119.26570    1669.55
 34.46107 -119.26241    1358.35
 34.46107 -119.25911     975.64
 34.46107 -119.25582     598.92
 34.46107 -119.25253     291.71
 34.46107 -119.24923      66.32
 34.46107 -119.24593     -91.81
 34.46107 -119.24264    -207.17
 34.46107 -119.23934    -288.70
 34.46107 -119.23605    -340.57
 34.46107 -119.23276    -367.65
 34.46107 -119.22946    -377.68
 34.46107 -119.22617    -373.19
 34.46107 -119.22287    -349.29
 34.46107 -119.21957    -300.03
 34.46107 -119.21628    -228.62
 34.46107 -119.21298    -149.51
 34.46107 -119.20969     -81.17
 34.46107 -119.20640     -34.77
 34.46107 -119.20310     -10.20
 34.46107 -119.19981      -0.15
 34.46107 -119.19651       2.90
 34.46107 -119.19321       3.39
 34.46107 -119.18992       3.33
 34.46107 -119.18663       3.94
 34.46107 -119.18333       5.63
 34.46107 -119.18004       7.84
 34.46107 -119.17674       9.90
 34.46107 -119.17345      13.08
 34.46107 -119.17015      21.06
 34.46107 -119.16685      35.56
 34.46107 -119.16357      53.07
 34.46107 -119.16027      65.02
 34.46107 -119.15697      67.39
 34.46107 -119.15368      65.34
 34.46107 -119.15038      69.92
 34.46107 -119.14709      85.98
 34.46107 -119.14379     108.13
 34.46107 -119.14050     129.89
 34.46107 -119.13721     154.19
 34.46107 -119.13391     191.74
 34.46107 -119.13062     245.37
 34.46107 -119.12732     303.61
 34.46107 -119.12402     351.98
 34.46107 -119.12073     394.91
 34.46107 -119.11743     458.57
 34.46107 -119.11414     572.54
 34.46107 -119.11085     743.02
 34.46107 -119.10755     946.34
 34.46107 -119.10426    1137.08
 34.46107 -119.10096    1269.98
 34.46107 -119.09766    1315.81
 34.46107 -119.09437    1278.86
 34.46107 -119.09108    1189.49
 34.46107 -119.08778    1087.70
 34.46107 -119.08449     993.44
 34.46107 -119.08119     903.86
 34.46107 -119.07790     800.96
 34.46107 -119.07460     669.54
 34.46107 -119.07130     506.91
 34.46107 -119.06802     323.30
 34.46107 -119.06472     142.00
 34.46107 -119.06142     -14.89
 34.46107 -119.05813    -130.26
 34.46107 -119.05483    -201.09
 34.46107 -119.05154    -232.84
 34.46107 -119.04824    -238.53
 34.46107 -119.04495    -235.33
 34.46107 -119.04166    -242.39
 34.46107 -119.03836    -279.43
 34.46107 -119.03506    -360.11
 34.46107 -119.03177    -484.58
 34.46107 -119.02847    -634.56
 34.46107 -119.02518    -778.69
 34.46107 -119.02189    -889.80
 34.46107 -119.01859    -956.87
 34.46107 -119.01530    -987.86
 34.46107 -119.01200    -997.76
 34.45827 -119.26900    1809.23
 34.45827 -119.26570    1627.44
 34.45827 -119.26241    1301.16
 34.45827 -119.25911     908.38
 34.45827 -119.25582     534.77
 34.45827 -119.25253     244.87
 34.45827 -119.24923      44.59
 34.45827 -119.24593     -89.69
 34.45827 -119.24264    -187.91
 34.45827 -119.23934    -259.77
 34.45827 -119.23605    -306.97
 34.45827 -119.23276    -331.85
 34.45827 -119.22946    -341.12
 34.45827 -119.22617    -338.99
 34.45827 -119.22287    -322.92
 34.45827 -119.21957    -287.25
 34.45827 -119.21628    -231.01
 34.45827 -119.21298    -162.86
 34.45827 -119.20969     -97.77
 34.45827 -119.20640     -48.50
 34.45827 -119.20310     -19.14
 34.45827 -119.19981      -5.71
 34.45827 -119.19651      -1.17
 34.45827 -119.19321      -0.12
 34.45827 -119.18992       0.12
 34.45827 -119.18663       0.38
 34.45827 -119.18333       0.76
 34.45827 -119.18004       1.14
 34.45827 -119.17674       1.65
 34.45827 -119.17345       3.02
 34.45827 -119.17015       6.62
 34.45827 -119.16685      12.66
 34.45827 -119.16357      19.43
 34.45827 -119.16027      23.60
 34.45827 -119.15697      24.08
 34.45827 -119.15368      23.32
 34.45827 -119.15038      25.67
 34.45827 -119.14709      32.45
 34.45827 -119.14379      41.20
 34.45827 -119.14050      50.03
 34.45827 -119.13721      61.80
 34.45827 -119.13391      81.69
 34.45827 -119.13062     109.38
 34.45827 -119.12732     136.92
 34.45827 -119.12402     158.14
 34.45827 -119.12073     182.53
 34.45827 -119.11743     236.00
 34.45827 -119.11414     344.56
 34.45827 -119.11085     510.84
 34.45827 -119.10755     706.39
 34.45827 -119.10426     880.81
 34.45827 -119.10096     987.35
 34.45827 -119.09766    1002.25
 34.45827 -119.09437     938.01
 34.45827 -119.09108     829.50
 34.45827 -119.08778     714.85
 34.45827 -119.08449     609.45
 34.45827 -119.08119     506.88
 34.45827 -119.07790     386.83
 34.45827 -119.07460     235.31
 34.45827 -119.07130      53.67
 34.45827 -119.06802    -138.83
 34.45827 -119.06472    -313.40
 34.45827 -119.06142    -446.26
 34.45827 -119.05813    -525.95
 34.45827 -119.05483    -555.03
 34.45827 -119.05154    -544.31
 34.45827 -119.04824    -510.20
 34.45827 -119.04495    -473.45
 34.45827 -119.04166    -455.60
 34.45827 -119.03836    -474.94
 34.45827 -119.03506    -538.79
 34.45827 -119.03177    -639.40
 34.45827 -119.02847    -755.05
 34.45827 -119.02518    -859.22
 34.45827 -119.02189    -934.00
 34.45827 -119.01859    -975.92
 34.45827 -119.01530    -993.80
 34.45827 -119.01200    -999.03
 34.45548 -119.26900    1793.70
 34.45548 -119.26570    1601.52
 34.45548 -119.26241    1259.67
 34.45548 -119.25911     854.68
 34.45548 -119.25582     480.03
 34.45548 -119.25253     201.28
 34.45548 -119.24923      18.94
 34.45548 -119.24593     -98.60
 34.45548 -119.24264    -185.23
 34.45548 -119.23934    -250.72
 34.45548 -119.23605    -294.38
 34.45548 -119.23276    -317.10
 34.45548 -119.22946    -325.17
 34.45548 -119.22617    -324.11
 34.45548 -119.22287    -313.10
 34.45548 -119.21957    -287.03
 34.45548 -119.21628    -242.24
 34.45548 -119.21298    -182.58
 34.45548 -119.20969    -119.41
 34.45548 -119.20640     -65.86
 34.45548 -119.20310     -29.65
 34.45548 -119.19981     -10.43
 34.45548 -119.19651      -2.68
 34.45548 -119.19321      -0.44
 34.45548 -119.18992      -0.03
 34.45548 -119.18663       0.00
 34.45548 -119.18333       0.00
 34.45548 -119.18004       0.00
 34.45548 -119.17674       0.10
 34.45548 -119.17345       0.52
 34.45548 -119.17015       1.61
 34.45548 -119.16685       3.30
 34.45548 -119.16357       5.08
 34.45548 -119.16027       6.05
 34.45548 -119.15697       6.05
 34.45548 -119.15368       5.86
 34.45548 -119.15038       6.69
 34.45548 -119.14709       8.74
 34.45548 -119.14379      11.31
 34.45548 -119.14050      14.21
 34.45548 -119.13721      18.93
 34.45548 -119.13391      27.23
 34.45548 -119.13062      38.26
 34.45548 -119.12732      48.35
 34.45548 -119.12402      56.66
 34.45548 -119.12073      72.92
 34.45548 -119.11743     118.21
 34.45548 -119.11414     213.65
 34.45548 -119.11085     361.06
 34.45548 -119.10755     533.42
 34.45548 -119.10426     682.13
 34.45548 -119.10096     763.90
 34.45548 -119.09766     761.64
 34.45548 -119.09437     692.79
 34.45548 -119.09108     590.02
 34.45548 -119.08778     482.44
 34.45548 -119.08449     377.45
 34.45548 -119.08119     266.22
 34.45548 -119.07790     130.15
 34.45548 -119.07460     -40.81
 34.45548 -119.07130    -240.24
 34.45548 -119.06802    -441.10
 34.45548 -119.06472    -610.59
 34.45548 -119.06142    -725.99
 34.45548 -119.05813    -783.74
 34.45548 -119.05483    -793.43
 34.45548 -119.05154    -769.73
 34.45548 -119.04824    -728.19
 34.45548 -119.04495    -686.79
 34.45548 -119.04166    -663.52
 34.45548 -119.03836    -672.26
 34.45548 -119.03506    -715.86
 34.45548 -119.03177    -784.62
 34.45548 -119.02847    -860.08
 34.45548 -119.02518    -923.94
 34.45548 -119.02189    -966.62
 34.45548 -119.01859    -988.72
 34.45548 -119.01530    -997.36
 34.45548 -119.01200    -999.64
 34.45269 -119.26900    1784.99
 34.45269 -119.26570    1585.23
 34.45269 -119.26241    1231.98
 34.45269 -119.25911     817.84
 34.45269 -119.25582     441.77
 34.45269 -119.25253     169.83
 34.45269 -119.24923      -1.33
 34.45269 -119.24593    -108.82
 34.45269 -119.24264    -188.77
 34.45269 -119.23934    -250.62
 34.45269 -119.23605    -292.00
 34.45269 -119.23276    -313.14
 34.45269 -119.22946    -320.35
 34.45269 -119.22617    -320.10
 34.45269 -119.22287    -312.92
 34.45269 -119.21957    -294.37
 34.45269 -119.21628    -259.17
 34.45269 -119.21298    -207.19
 34.45269 -119.20969    -146.01
 34.45269 -119.20640     -88.12
 34.45269 -119.20310     -44.14
 34.45269 -119.19981     -17.63
 34.45269 -119.19651      -5.28
 34.45269 -119.19321      -1.07
 34.45269 -119.18992      -0.11
 34.45269 -119.18663       0.00
 34.45269 -119.18333       0.00
 34.45269 -119.18004       0.00
 34.45269 -119.17674       0.02
 34.45269 -119.17345       0.08
 34.45269 -119.17015       0.25
 34.45269 -119.16685       0.51
 34.45269 -119.16357       0.76
 34.45269 -119.16027       0.88
 34.45269 -119.15697       0.86
 34.45269 -119.15368       0.85
 34.45269 -119.15038       1.02
 34.45269 -119.14709       1.37
 34.45269 -119.14379       1.83
 34.45269 -119.14050       2.49
 34.45269 -119.13721       3.84
 34.45269 -119.13391       6.27
 34.45269 -119.13062       9.33
 34.45269 -119.12732      11.99
 34.45269 -119.12402      15.21
 34.45269 -119.12073      26.32
 34.45269 -119.11743      60.60
 34.45269 -119.11414     135.02
 34.45269 -119.11085     253.02
 34.45269 -119.10755     393.80
 34.45269 -119.10426     516.23
 34.45269 -119.10096     583.28
 34.45269 -119.09766     581.98
 34.45269 -119.09437     528.60
 34.45269 -119.09108     448.29
 34.45269 -119.08778     358.96
 34.45269 -119.08449     260.59
 34.45269 -119.08119     143.13
 34.45269 -119.07790      -7.81
 34.45269 -119.07460    -196.27
 34.45269 -119.07130    -408.66
 34.45269 -119.06802    -612.16
 34.45269 -119.06472    -772.77
 34.45269 -119.06142    -872.77
 34.45269 -119.05813    -917.19
 34.45269 -119.05483    -922.23
 34.45269 -119.05154    -904.13
 34.45269 -119.04824    -874.95
 34.45269 -119.04495    -846.31
 34.45269 -119.04166    -829.48
 34.45269 -119.03836    -832.80
 34.45269 -119.03506    -857.02
 34.45269 -119.03177    -894.88
 34.45269 -119.02847    -934.77
 34.45269 -119.02518    -966.62
 34.45269 -119.02189    -986.43
 34.45269 -119.01859    -995.83
 34.45269 -119.01530    -999.14
 34.45269 -119.01200    -999.90
 34.44989 -119.26900    1780.08
 34.44989 -119.26570    1576.17
 34.44989 -119.26241    1216.74
 34.44989 -119.25911     797.72
 34.44989 -119.25582     420.95
 34.44989 -119.25253     152.60
 34.44989 -119.24923     -12.89
 34.44989 -119.24593    -115.49
 34.44989 -119.24264    -192.32
 34.44989 -119.23934    -252.45
 34.44989 -119.23605    -292.61
 34.44989 -119.23276    -312.85
 34.44989 -119.22946    -319.61
 34.44989 -119.22617    -320.06
 34.44989 -119.22287    -315.78
 34.44989 -119.21957    -303.20
 34.44989 -119.21628    -276.26
 34.44989 -119.21298    -231.75
 34.44989 -119.20969    -173.50
 34.44989 -119.20640    -112.41
 34.44989 -119.20310     -61.02
 34.44989 -119.19981     -26.69
 34.44989 -119.19651      -8.87
 34.44989 -119.19321      -2.02
 34.44989 -119.18992      -0.24
 34.44989 -119.18663       0.00
 34.44989 -119.18333       0.00
 34.44989 -119.18004       0.00
 34.44989 -119.17674       0.00
 34.44989 -119.17345       0.00
 34.44989 -119.17015       0.00
 34.44989 -119.16685       0.00
 34.44989 -119.16357       0.00
 34.44989 -119.16027       0.00
 34.44989 -119.15697       0.00
 34.44989 -119.15368       0.00
 34.44989 -119.15038       0.00
 34.44989 -119.14709       0.00
 34.44989 -119.14379       0.02
 34.44989 -119.14050       0.10
 34.44989 -119.13721       0.34
 34.44989 -119.13391       0.76
 34.44989 -119.13062       1.27
 34.44989 -119.12732       1.73
 34.44989 -119.12402       3.00
 34.44989 -119.12073       9.62
 34.44989 -119.11743      31.81
 34.44989 -119.11414      83.05
 34.44989 -119.11085     168.97
 34.44989 -119.10755     277.35
 34.44989 -119.10426     377.99
 34.44989 -119.10096     441.20
 34.44989 -119.09766     454.56
 34.44989 -119.09437     427.46
 34.44989 -119.09108     374.95
 34.44989 -119.08778     305.19
 34.44989 -119.08449     213.65
 34.44989 -119.08119      90.11
 34.44989 -119.07790     -74.94
 34.44989 -119.07460    -278.91
 34.44989 -119.07130    -499.97
 34.44989 -119.06802    -701.34
 34.44989 -119.06472    -850.24
 34.44989 -119.06142    -936.31
 34.44989 -119.05813    -971.79
 34.44989 -119.05483    -977.43
 34.44989 -119.05154    -969.01
 34.44989 -119.04824    -955.05
 34.44989 -119.04495    -941.27
 34.44989 -119.04166    -932.90
 34.44989 -119.03836    -933.83
 34.44989 -119.03506    -944.17
 34.44989 -119.03177    -960.17
 34.44989 -119.02847    -976.43
 34.44989 -119.02518    -988.72
 34.44989 -119.02189    -995.83
 34.44989 -119.01859    -998.88
 34.44989 -119.01530    -999.81
 34.44989 -119.01200    -999.98
 34.44710 -119.26900    1778.22
 34.44710 -119.26570    1572.80
 34.44710 -119.26241    1211.15
 34.44710 -119.25911     790.43
 34.44710 -119.25582     413.48
 34.44710 -119.25253     146.45
 34.44710 -119.24923     -17.07
 34.44710 -119.24593    -118.02
 34.44710 -119.24264    -193.84
 34.44710 -119.23934    -253.41
 34.44710 -119.23605    -293.15
 34.44710 -119.23276    -313.05
 34.44710 -119.22946    -319.67
 34.44710 -119.22617    -320.60
 34.44710 -119.22287    -318.24
 34.44710 -119.21957    -309.95
 34.44710 -119.21628    -289.48
 34.44710 -119.21298    -251.52
 34.44710 -119.20969    -196.68
 34.44710 -119.20640    -133.93
 34.44710 -119.20310     -76.76
 34.44710 -119.19981     -35.57
 34.44710 -119.19651     -12.60
 34.44710 -119.19321      -3.08
 34.44710 -119.18992      -0.41
 34.44710 -119.18663       0.00
 34.44710 -119.18333       0.00
 34.44710 -119.18004       0.00
 34.44710 -119.17674       0.00
 34.44710 -119.17345       0.00
 34.44710 -119.17015       0.00
 34.44710 -119.16685       0.00
 34.44710 -119.16357       0.00
 34.44710 -119.16027       0.00
 34.44710 -119.15697       0.00
 34.44710 -119.15368       0.00
 34.44710 -119.15038       0.00
 34.44710 -119.14709       0.00
 34.44710 -119.14379       0.00
 34.44710 -119.14050       0.00
 34.44710 -119.13721       0.00
 34.44710 -119.13391       0.00
 34.44710 -119.13062       0.00
 34.44710 -119.12732       0.02
 34.44710 -119.12402       0.44
 34.44710 -119.12073       3.76
 34.44710 -119.11743      16.52
 34.44710 -119.11414      49.16
 34.44710 -119.11085     108.91
 34.44710 -119.10755     191.22
 34.44710 -119.10426     276.61
 34.44710 -119.10096     341.94
 34.44710 -119.09766     373.22
 34.44710 -119.09437     371.13
 34.44710 -119.09108     341.32
 34.44710 -119.08778     285.66
 34.44710 -119.08449     198.12
 34.44710 -119.08119      69.05
 34.44710 -119.07790    -107.33
 34.44710 -119.07460    -323.21
 34.44710 -119.07130    -549.68
 34.44710 -119.06802    -747.38
 34.44710 -119.06472    -885.45
 34.44710 -119.06142    -960.27
 34.44710 -119.05813    -989.09
 34.44710 -119.05483    -995.12
 34.44710 -119.05154    -992.92
 34.44710 -119.04824    -988.62
 34.44710 -119.04495    -984.30
 34.44710 -119.04166    -981.61
 34.44710 -119.03836    -981.78
 34.44710 -119.03506    -984.81
 34.44710 -119.03177    -989.47
 34.44710 -119.02847    -994.06
 34.44710 -119.02518    -997.36
 34.44710 -119.02189    -999.14
 34.44710 -119.01859    -999.81
 34.44710 -119.01530    -999.98
 34.44710 -119.01200   -1000.00
 34.44430 -119.26900    1777.78
 34.44430 -119.26570    1572.02
 34.44430 -119.26241    1209.88
 34.44430 -119.25911     788.80
 34.44430 -119.25582     411.83
 34.44430 -119.25253     145.09
 34.44430 -119.24923     -18.00
 34.44430 -119.24593    -118.61
 34.44430 -119.24264    -194.22
 34.44430 -119.23934    -253.67
 34.44430 -119.23605    -293.31
 34.44430 -119.23276    -313.13
 34.44430 -119.22946    -319.73
 34.44430 -119.22617    -320.88
 34.44430 -119.22287    -319.44
 34.44430 -119.21957    -313.37
 34.44430 -119.21628    -296.49
 34.44430 -119.21298    -262.45
 34.44430 -119.20969    -209.97
 34.44430 -119.20640    -146.69
 34.44430 -119.20310     -86.38
 34.44430 -119.19981     -41.17
 34.44430 -119.19651     -15.02
 34.44430 -119.19321      -3.78
 34.44430 -119.18992      -0.52
 34.44430 -119.18663       0.00
 34.44430 -119.18333       0.00
 34.44430 -119.18004       0.00
 34.44430 -119.17674       0.00
 34.44430 -119.17345       0.00
 34.44430 -119.17015       0.00
 34.44430 -119.16685       0.00
 34.44430 -119.16357       0.00
 34.44430 -119.16027       0.00
 34.44430 -119.15697       0.00
 34.44430 -119.15368       0.00
 34.44430 -119.15038       0.00
 34.44430 -119.14709       0.00
 34.44430 -119.14379       0.00
 34.44430 -119.14050       0.00
 34.44430 -119.13721       0.00
 34.44430 -119.13391       0.00
 34.44430 -119.13062       0.00
 34.44430 -119.12732       0.00
 34.44430 -119.12402       0.12
 34.44430 -119.12073       1.81
 34.44430 -119.11743       9.64
 34.44430 -119.11414      32.16
 34.44430 -119.11085      77.33
 34.44430 -119.10755     145.11
 34.44430 -119.10426     222.69
 34.44430 -119.10096     290.74
 34.44430 -119.09766     333.75
 34.44430 -119.09437     346.44
 34.44430 -119.09108     328.95
 34.44430 -119.08778     280.19
 34.44430 -119.08449     194.10
 34.44430 -119.08119      61.57
 34.44430 -119.07790    -121.20
 34.44430 -119.07460    -343.62
 34.44430 -119.07130    -572.80
 34.44430 -119.06802    -768.08
 34.44430 -119.06472    -899.86
 34.44430 -119.06142    -968.43
 34.44430 -119.05813    -993.50
 34.44430 -119.05483    -999.19
 34.44430 -119.05154    -999.14
 34.44430 -119.04824    -998.39
 34.44430 -119.04495    -997.61
 34.44430 -119.04166    -997.10
 34.44430 -119.03836    -997.10
 34.44430 -119.03506    -997.61
 34.44430 -119.03177    -998.39
 34.44430 -119.02847    -999.14
 34.44430 -119.02518    -999.64
 34.44430 -119.02189    -999.90
 34.44430 -119.01859    -999.98
 34.44430 -119.01530   -1000.00
 34.44430 -119.01200   -1000.00
