   -119.211    34.4634
   -119.219    34.4623
   -119.228    34.4615
   -119.237    34.4611
   -119.248    34.4596
   -119.255    34.4596
   -119.258    34.4582
   -119.262    34.4551
   -119.266    34.4533
   -119.269    34.4545
   -119.269    34.4622
   -119.266    34.4733
   -119.264    34.4824
   -119.259    34.4917
   -119.255    34.4968
   -119.248    34.4974
   -119.234    34.4968
   -119.221    34.4949
   -119.207    34.4931
   -119.193    34.4911
   -119.180    34.4905
   -119.165    34.4892
   -119.153    34.4870
   -119.138    34.4842
   -119.123    34.4816
   -119.106    34.4781
   -119.090    34.4762
   -119.072    34.4735
   -119.058    34.4709
   -119.044    34.4692
   -119.029    34.4668
   -119.019    34.4655
   -119.013    34.4648
   -119.012    34.4622
   -119.015    34.4574
   -119.018    34.4527
   -119.021    34.4483
   -119.025    34.4443
   -119.032    34.4451
   -119.042    34.4487
   -119.052    34.4516
   -119.061    34.4552
   -119.072    34.4579
   -119.084    34.4594
   -119.098    34.4605
   -119.116    34.4613
   -119.137    34.4620
   -119.152    34.4621
   -119.166    34.4621
   -119.180    34.4626
   -119.190    34.4629
   -119.201    34.4630
