   -119.307    34.2801
   -119.315    34.2782
   -119.330    34.2799
   -119.350    34.2844
   -119.382    34.2865
   -119.414    34.2870
   -119.443    34.2863
   -119.471    34.2841
   -119.493    34.2847
   -119.506    34.2873
   -119.510    34.2928
   -119.513    34.3178
   -119.514    34.3524
   -119.514    34.3809
   -119.514    34.4068
   -119.516    34.4342
   -119.517    34.4600
   -119.519    34.4851
   -119.520    34.5102
   -119.521    34.5334
   -119.521    34.5516
   -119.519    34.5591
   -119.511    34.5613
   -119.500    34.5613
   -119.491    34.5612
   -119.467    34.5559
   -119.441    34.5547
   -119.415    34.5522
   -119.385    34.5514
   -119.354    34.5497
   -119.323    34.5487
   -119.303    34.5499
   -119.276    34.5512
   -119.257    34.5526
   -119.239    34.5529
   -119.223    34.5560
   -119.194    34.5645
   -119.167    34.5729
   -119.146    34.5797
   -119.125    34.5877
   -119.107    34.5973
   -119.093    34.6048
   -119.080    34.6125
   -119.070    34.6205
   -119.060    34.6303
   -119.046    34.6475
   -119.032    34.6638
   -119.020    34.6774
   -119.009    34.6898
   -119.000    34.6968
   -118.986    34.7010
   -118.975    34.7029
   -118.951    34.7057
   -118.934    34.7079
   -118.915    34.7095
   -118.892    34.7112
   -118.873    34.7116
   -118.858    34.7104
   -118.842    34.7054
   -118.834    34.6985
   -118.830    34.6876
   -118.830    34.6762
   -118.828    34.6655
   -118.821    34.6465
   -118.820    34.6224
   -118.820    34.6036
   -118.821    34.5867
   -118.821    34.5664
   -118.817    34.5433
   -118.812    34.5229
   -118.806    34.5002
   -118.802    34.4814
   -118.799    34.4634
   -118.804    34.4477
   -118.812    34.4355
   -118.820    34.4283
   -118.842    34.4206
   -118.868    34.4179
   -118.891    34.4164
   -118.906    34.4150
   -118.911    34.4149
   -118.920    34.4075
   -118.935    34.4036
   -118.960    34.3987
   -118.986    34.3915
   -119.014    34.3858
   -119.041    34.3794
   -119.059    34.3745
   -119.076    34.3718
   -119.097    34.3646
   -119.124    34.3512
   -119.148    34.3393
   -119.177    34.3270
   -119.200    34.3191
   -119.226    34.3107
   -119.251    34.3015
   -119.273    34.2934
   -119.289    34.2873
   -119.302    34.2820
