   -119.198    34.4174
   -119.209    34.4130
   -119.219    34.4088
   -119.229    34.4049
   -119.245    34.4039
   -119.259    34.4044
   -119.274    34.4069
   -119.288    34.4111
   -119.306    34.4146
   -119.322    34.4173
   -119.334    34.4204
   -119.344    34.4258
   -119.350    34.4344
   -119.352    34.4453
   -119.343    34.4559
   -119.332    34.4649
   -119.322    34.4716
   -119.310    34.4782
   -119.297    34.4843
   -119.282    34.4896
   -119.267    34.4934
   -119.253    34.4953
   -119.239    34.4962
   -119.214    34.4992
   -119.194    34.5030
   -119.175    34.5065
   -119.156    34.5109
   -119.133    34.5143
   -119.117    34.5156
   -119.105    34.5189
   -119.093    34.5219
   -119.078    34.5261
   -119.065    34.5292
   -119.060    34.5314
   -119.056    34.5363
   -119.054    34.5406
   -119.051    34.5452
   -119.043    34.5484
   -119.027    34.5544
   -119.015    34.5581
   -119.007    34.5597
   -119.002    34.5596
   -118.993    34.5619
   -118.983    34.5639
   -118.970    34.5676
   -118.958    34.5708
   -118.949    34.5728
   -118.943    34.5732
   -118.940    34.5697
   -118.938    34.5657
   -118.938    34.5612
   -118.940    34.5565
   -118.940    34.5495
   -118.940    34.5410
   -118.937    34.5361
   -118.935    34.5323
   -118.935    34.5286
   -118.931    34.5258
   -118.924    34.5241
   -118.920    34.5221
   -118.918    34.5120
   -118.919    34.4995
   -118.923    34.4898
   -118.930    34.4802
   -118.938    34.4720
   -118.947    34.4637
   -118.956    34.4580
   -118.966    34.4546
   -118.982    34.4520
   -118.999    34.4498
   -119.013    34.4489
   -119.030    34.4492
   -119.047    34.4514
   -119.063    34.4543
   -119.080    34.4582
   -119.092    34.4620
   -119.103    34.4677
   -119.113    34.4728
   -119.121    34.4752
   -119.128    34.4761
   -119.135    34.4703
   -119.143    34.4623
   -119.150    34.4541
   -119.156    34.4467
   -119.164    34.4384
   -119.172    34.4310
   -119.180    34.4267
   -119.191    34.4209
