 34.51540 -119.26800    1370.88
 34.51540 -119.26470    1536.22
 34.51540 -119.26141    1819.18
 34.51540 -119.25811    2146.16
 34.51540 -119.25481    2454.89
 34.51540 -119.25153    2717.67
 34.51540 -119.24823    2936.15
 34.51540 -119.24493    3121.10
 34.51540 -119.24164    3268.48
 34.51540 -119.23834    3379.80
 34.51540 -119.23505    3460.75
 34.51540 -119.23175    3537.19
 34.51540 -119.22845    3618.56
 34.51540 -119.22516    3705.03
 34.51540 -119.22187    3779.05
 34.51540 -119.21857    3833.96
 34.51540 -119.21528    3870.82
 34.51540 -119.21198    3899.51
 34.51540 -119.20869    3926.20
 34.51540 -119.20539    3951.65
 34.51540 -119.20210    3972.90
 34.51540 -119.19880    3987.15
 34.51540 -119.19551    3994.77
 34.51540 -119.19221    3997.92
 34.51540 -119.18892    3999.14
 34.51540 -119.18562    3999.64
 34.51540 -119.18233    3999.90
 34.51540 -119.17903    3999.97
 34.51540 -119.17574    3999.92
 34.51540 -119.17244    3999.75
 34.51540 -119.16914    3999.49
 34.51540 -119.16586    4002.13
 34.51540 -119.16256    4017.73
 34.51540 -119.15926    4067.37
 34.51540 -119.15597    4172.79
 34.51540 -119.15267    4339.94
 34.51540 -119.14938    4542.67
 34.51540 -119.14608    4735.24
 34.51540 -119.14278    4877.00
 34.51540 -119.13949    4957.02
 34.51540 -119.13620    4989.79
 34.51540 -119.13290    4998.78
 34.51540 -119.12961    5000.00
 34.51540 -119.12631    5000.00
 34.51540 -119.12302    5000.00
 34.51540 -119.11972    5000.00
 34.51540 -119.11642    5000.00
 34.51540 -119.11313    5000.00
 34.51540 -119.10984    5000.00
 34.51540 -119.10654    5000.00
 34.51540 -119.10325    5003.62
 34.51540 -119.09995    5021.71
 34.51540 -119.09666    5075.98
 34.51540 -119.09336    5184.52
 34.51540 -119.09007    5347.33
 34.51540 -119.08677    5531.85
 34.51540 -119.08347    5694.66
 34.51540 -119.08018    5803.20
 34.51540 -119.07689    5857.47
 34.51540 -119.07359    5875.56
 34.51540 -119.07030    5879.18
 34.51540 -119.06700    5879.18
 34.51250 -119.26800    1035.56
 34.51250 -119.26470    1211.96
 34.51250 -119.26141    1509.51
 34.51250 -119.25811    1845.71
 34.51250 -119.25481    2154.15
 34.51250 -119.25153    2411.34
 34.51250 -119.24823    2627.00
 34.51250 -119.24493    2817.91
 34.51250 -119.24164    2978.88
 34.51250 -119.23834    3105.89
 34.51250 -119.23505    3200.24
 34.51250 -119.23175    3288.96
 34.51250 -119.22845    3385.58
 34.51250 -119.22516    3492.89
 34.51250 -119.22187    3591.79
 34.51250 -119.21857    3672.38
 34.51250 -119.21528    3733.76
 34.51250 -119.21198    3786.26
 34.51250 -119.20869    3837.03
 34.51250 -119.20539    3885.72
 34.51250 -119.20210    3926.99
 34.51250 -119.19880    3956.05
 34.51250 -119.19551    3973.90
 34.51250 -119.19221    3984.30
 34.51250 -119.18892    3991.14
 34.51250 -119.18562    3995.73
 34.51250 -119.18233    3998.42
 34.51250 -119.17903    3999.42
 34.51250 -119.17574    3999.19
 34.51250 -119.17244    3997.97
 34.51250 -119.16914    3996.19
 34.51250 -119.16586    3996.95
 34.51250 -119.16256    4010.11
 34.51250 -119.15926    4055.43
 34.51250 -119.15597    4154.75
 34.51250 -119.15267    4315.72
 34.51250 -119.14938    4516.32
 34.51250 -119.14608    4712.29
 34.51250 -119.14278    4861.76
 34.51250 -119.13949    4949.40
 34.51250 -119.13620    4987.25
 34.51250 -119.13290    4998.27
 34.51250 -119.12961    5000.00
 34.51250 -119.12631    5000.00
 34.51250 -119.12302    5000.00
 34.51250 -119.11972    5000.00
 34.51250 -119.11642    5000.00
 34.51250 -119.11313    5000.00
 34.51250 -119.10984    5000.00
 34.51250 -119.10654    5000.00
 34.51250 -119.10325    5003.62
 34.51250 -119.09995    5021.71
 34.51250 -119.09666    5075.98
 34.51250 -119.09336    5184.52
 34.51250 -119.09007    5347.33
 34.51250 -119.08677    5531.85
 34.51250 -119.08347    5694.65
 34.51250 -119.08018    5803.11
 34.51250 -119.07689    5857.17
 34.51250 -119.07359    5874.89
 34.51250 -119.07030    5878.06
 34.51250 -119.06700    5877.75
 34.50960 -119.26800     504.09
 34.50960 -119.26470     688.15
 34.50960 -119.26141     993.42
 34.50960 -119.25811    1329.43
 34.50960 -119.25481    1627.25
 34.50960 -119.25153    1870.34
 34.50960 -119.24823    2078.52
 34.50960 -119.24493    2275.78
 34.50960 -119.24164    2454.95
 34.50960 -119.23834    2604.32
 34.50960 -119.23505    2718.92
 34.50960 -119.23175    2826.81
 34.50960 -119.22845    2947.28
 34.50960 -119.22516    3087.43
 34.50960 -119.22187    3226.62
 34.50960 -119.21857    3350.15
 34.50960 -119.21528    3453.58
 34.50960 -119.21198    3547.21
 34.50960 -119.20869    3639.20
 34.50960 -119.20539    3727.55
 34.50960 -119.20210    3803.62
 34.50960 -119.19880    3860.49
 34.50960 -119.19551    3901.05
 34.50960 -119.19221    3931.73
 34.50960 -119.18892    3957.17
 34.50960 -119.18562    3976.73
 34.50960 -119.18233    3989.08
 34.50960 -119.17903    3994.41
 34.50960 -119.17574    3994.28
 34.50960 -119.17244    3989.99
 34.50960 -119.16914    3983.54
 34.50960 -119.16586    3979.56
 34.50960 -119.16256    3988.91
 34.50960 -119.15926    4029.43
 34.50960 -119.15597    4122.15
 34.50960 -119.15267    4275.91
 34.50960 -119.14938    4474.47
 34.50960 -119.14608    4676.12
 34.50960 -119.14278    4837.63
 34.50960 -119.13949    4937.20
 34.50960 -119.13620    4983.10
 34.50960 -119.13290    4997.41
 34.50960 -119.12961    4999.98
 34.50960 -119.12631    5000.00
 34.50960 -119.12302    5000.00
 34.50960 -119.11972    5000.00
 34.50960 -119.11642    5000.00
 34.50960 -119.11313    5000.00
 34.50960 -119.10984    5000.00
 34.50960 -119.10654    5000.00
 34.50960 -119.10325    5003.62
 34.50960 -119.09995    5021.71
 34.50960 -119.09666    5075.98
 34.50960 -119.09336    5184.52
 34.50960 -119.09007    5347.33
 34.50960 -119.08677    5531.85
 34.50960 -119.08347    5694.57
 34.50960 -119.08018    5802.67
 34.50960 -119.07689    5855.69
 34.50960 -119.07359    5871.54
 34.50960 -119.07030    5872.48
 34.50960 -119.06700    5870.60
 34.50670 -119.26800     -38.21
 34.50670 -119.26470     134.93
 34.50670 -119.26141     418.51
 34.50670 -119.25811     725.16
 34.50670 -119.25481     991.11
 34.50670 -119.25153    1207.62
 34.50670 -119.24823    1400.19
 34.50670 -119.24493    1595.89
 34.50670 -119.24164    1785.62
 34.50670 -119.23834    1952.34
 34.50670 -119.23505    2086.30
 34.50670 -119.23175    2214.82
 34.50670 -119.22845    2360.95
 34.50670 -119.22516    2535.41
 34.50670 -119.22187    2717.12
 34.50670 -119.21857    2887.21
 34.50670 -119.21528    3036.94
 34.50670 -119.21198    3175.43
 34.50670 -119.20869    3311.20
 34.50670 -119.20539    3441.26
 34.50670 -119.20210    3555.10
 34.50670 -119.19880    3646.40
 34.50670 -119.19551    3722.35
 34.50670 -119.19221    3792.65
 34.50670 -119.18892    3859.30
 34.50670 -119.18562    3914.70
 34.50670 -119.18233    3951.63
 34.50670 -119.17903    3969.42
 34.50670 -119.17574    3971.60
 34.50670 -119.17244    3962.32
 34.50670 -119.16914    3947.37
 34.50670 -119.16586    3936.04
 34.50670 -119.16256    3942.90
 34.50670 -119.15926    3984.05
 34.50670 -119.15597    4077.14
 34.50670 -119.15267    4228.98
 34.50670 -119.14938    4427.75
 34.50670 -119.14608    4635.20
 34.50670 -119.14278    4808.53
 34.50670 -119.13949    4920.59
 34.50670 -119.13620    4975.71
 34.50670 -119.13290    4994.63
 34.50670 -119.12961    4999.02
 34.50670 -119.12631    4999.56
 34.50670 -119.12302    4999.64
 34.50670 -119.11972    4999.48
 34.50670 -119.11642    4999.24
 34.50670 -119.11313    4999.14
 34.50670 -119.10984    4999.24
 34.50670 -119.10654    4999.49
 34.50670 -119.10325    5003.35
 34.50670 -119.09995    5021.55
 34.50670 -119.09666    5075.74
 34.50670 -119.09336    5184.07
 34.50670 -119.09007    5346.66
 34.50670 -119.08677    5531.08
 34.50670 -119.08347    5693.60
 34.50670 -119.08018    5800.66
 34.50670 -119.07689    5850.53
 34.50670 -119.07359    5860.67
 34.50670 -119.07030    5854.73
 34.50670 -119.06700    5848.05
 34.50380 -119.26800    -457.98
 34.50380 -119.26470    -318.96
 34.50380 -119.26141     -93.13
 34.50380 -119.25811     149.36
 34.50380 -119.25481     359.24
 34.50380 -119.25153     535.20
 34.50380 -119.24823     701.54
 34.50380 -119.24493     882.21
 34.50380 -119.24164    1066.62
 34.50380 -119.23834    1236.86
 34.50380 -119.23505    1381.84
 34.50380 -119.23175    1526.08
 34.50380 -119.22845    1692.62
 34.50380 -119.22516    1893.29
 34.50380 -119.22187    2107.81
 34.50380 -119.21857    2314.89
 34.50380 -119.21528    2501.88
 34.50380 -119.21198    2675.59
 34.50380 -119.20869    2843.91
 34.50380 -119.20539    3004.22
 34.50380 -119.20210    3147.03
 34.50380 -119.19880    3271.08
 34.50380 -119.19551    3390.57
 34.50380 -119.19221    3518.69
 34.50380 -119.18892    3650.53
 34.50380 -119.18562    3765.74
 34.50380 -119.18233    3846.26
 34.50380 -119.17903    3889.02
 34.50380 -119.17574    3900.05
 34.50380 -119.17244    3887.92
 34.50380 -119.16914    3864.43
 34.50380 -119.16586    3846.92
 34.50380 -119.16256    3856.58
 34.50380 -119.15926    3908.35
 34.50380 -119.15597    4013.18
 34.50380 -119.15267    4171.45
 34.50380 -119.14938    4372.74
 34.50380 -119.14608    4583.85
 34.50380 -119.14278    4765.67
 34.50380 -119.13949    4889.13
 34.50380 -119.13620    4954.95
 34.50380 -119.13290    4981.52
 34.50380 -119.12961    4990.62
 34.50380 -119.12631    4993.68
 34.50380 -119.12302    4994.63
 34.50380 -119.11972    4994.14
 34.50380 -119.11642    4993.18
 34.50380 -119.11313    4992.94
 34.50380 -119.10984    4993.95
 34.50380 -119.10654    4995.92
 34.50380 -119.10325    5001.41
 34.50380 -119.09995    5020.48
 34.50380 -119.09666    5074.45
 34.50380 -119.09336    5181.82
 34.50380 -119.09007    5343.30
 34.50380 -119.08677    5527.13
 34.50380 -119.08347    5689.21
 34.50380 -119.08018    5794.18
 34.50380 -119.07689    5837.51
 34.50380 -119.07359    5835.70
 34.50380 -119.07030    5815.50
 34.50380 -119.06700    5798.91
 34.50090 -119.26800    -724.22
 34.50090 -119.26470    -631.22
 34.50090 -119.26141    -481.26
 34.50090 -119.25811    -320.31
 34.50090 -119.25481    -179.05
 34.50090 -119.25153     -53.30
 34.50090 -119.24823      75.54
 34.50090 -119.24493     224.80
 34.50090 -119.24164     384.38
 34.50090 -119.23834     540.26
 34.50090 -119.23505     684.02
 34.50090 -119.23175     836.11
 34.50090 -119.22845    1015.47
 34.50090 -119.22516    1231.04
 34.50090 -119.22187    1463.20
 34.50090 -119.21857    1689.64
 34.50090 -119.21528    1895.38
 34.50090 -119.21198    2084.71
 34.50090 -119.20869    2264.76
 34.50090 -119.20539    2435.06
 34.50090 -119.20210    2590.12
 34.50090 -119.19880    2736.83
 34.50090 -119.19551    2897.25
 34.50090 -119.19221    3087.74
 34.50090 -119.18892    3294.62
 34.50090 -119.18562    3482.70
 34.50090 -119.18233    3620.64
 34.50090 -119.17903    3701.47
 34.50090 -119.17574    3732.97
 34.50090 -119.17244    3728.23
 34.50090 -119.16914    3705.04
 34.50090 -119.16586    3689.73
 34.50090 -119.16256    3711.07
 34.50090 -119.15926    3783.87
 34.50090 -119.15597    3910.38
 34.50090 -119.15267    4081.75
 34.50090 -119.14938    4286.00
 34.50090 -119.14608    4496.86
 34.50090 -119.14278    4682.52
 34.50090 -119.13949    4816.39
 34.50090 -119.13620    4896.10
 34.50090 -119.13290    4936.39
 34.50090 -119.12961    4956.41
 34.50090 -119.12631    4966.67
 34.50090 -119.12302    4970.67
 34.50090 -119.11972    4970.06
 34.50090 -119.11642    4968.03
 34.50090 -119.11313    4968.55
 34.50090 -119.10984    4973.38
 34.50090 -119.10654    4981.35
 34.50090 -119.10325    4992.64
 34.50090 -119.09995    5015.22
 34.50090 -119.09666    5069.41
 34.50090 -119.09336    5174.51
 34.50090 -119.09007    5332.93
 34.50090 -119.08677    5514.89
 34.50090 -119.08347    5675.81
 34.50090 -119.08018    5777.21
 34.50090 -119.07689    5809.72
 34.50090 -119.07359    5788.73
 34.50090 -119.07030    5746.10
 34.50090 -119.06700    5714.20
 34.49800 -119.26800    -869.43
 34.49800 -119.26470    -819.34
 34.49800 -119.26141    -739.37
 34.49800 -119.25811    -653.41
 34.49800 -119.25481    -576.05
 34.49800 -119.25153    -500.90
 34.49800 -119.24823    -416.01
 34.49800 -119.24493    -310.63
 34.49800 -119.24164    -191.86
 34.49800 -119.23834     -67.15
 34.49800 -119.23505      60.44
 34.49800 -119.23175     207.15
 34.49800 -119.22845     386.35
 34.49800 -119.22516     601.52
 34.49800 -119.22187     833.57
 34.49800 -119.21857    1059.93
 34.49800 -119.21528    1264.88
 34.49800 -119.21198    1450.45
 34.49800 -119.20869    1623.69
 34.49800 -119.20539    1787.68
 34.49800 -119.20210    1942.23
 34.49800 -119.19880    2101.05
 34.49800 -119.19551    2290.59
 34.49800 -119.19221    2528.37
 34.49800 -119.18892    2794.81
 34.49800 -119.18562    3045.22
 34.49800 -119.18233    3239.04
 34.49800 -119.17903    3365.34
 34.49800 -119.17574    3431.29
 34.49800 -119.17244    3451.15
 34.49800 -119.16914    3445.16
 34.49800 -119.16586    3445.60
 34.49800 -119.16256    3487.51
 34.49800 -119.15926    3587.38
 34.49800 -119.15597    3740.13
 34.49800 -119.15267    3927.87
 34.49800 -119.14938    4134.84
 34.49800 -119.14608    4341.80
 34.49800 -119.14278    4526.26
 34.49800 -119.13949    4668.09
 34.49800 -119.13620    4763.59
 34.49800 -119.13290    4823.76
 34.49800 -119.12961    4862.57
 34.49800 -119.12631    4886.96
 34.49800 -119.12302    4898.12
 34.49800 -119.11972    4899.19
 34.49800 -119.11642    4897.63
 34.49800 -119.11313    4902.39
 34.49800 -119.10984    4917.14
 34.49800 -119.10654    4938.90
 34.49800 -119.10325    4963.65
 34.49800 -119.09995    4995.57
 34.49800 -119.09666    5052.82
 34.49800 -119.09336    5155.52
 34.49800 -119.09007    5308.93
 34.49800 -119.08677    5486.98
 34.49800 -119.08347    5645.04
 34.49800 -119.08018    5740.74
 34.49800 -119.07689    5758.91
 34.49800 -119.07359    5714.34
 34.49800 -119.07030    5645.47
 34.49800 -119.06700    5596.17
 34.49510 -119.26800    -943.90
 34.49510 -119.26470    -922.70
 34.49510 -119.26141    -889.54
 34.49510 -119.25811    -854.37
 34.49510 -119.25481    -822.56
 34.49510 -119.25153    -788.96
 34.49510 -119.24823    -746.83
 34.49510 -119.24493    -689.37
 34.49510 -119.24164    -618.46
 34.49510 -119.23834    -534.34
 34.49510 -119.23505    -434.27
 34.49510 -119.23175    -305.98
 34.49510 -119.22845    -141.42
 34.49510 -119.22516      57.52
 34.49510 -119.22187     272.74
 34.49510 -119.21857     482.03
 34.49510 -119.21528     669.37
 34.49510 -119.21198     834.85
 34.49510 -119.20869     986.82
 34.49510 -119.20539    1133.69
 34.49510 -119.20210    1280.46
 34.49510 -119.19880    1442.60
 34.49510 -119.19551    1644.13
 34.49510 -119.19221    1900.47
 34.49510 -119.18892    2192.31
 34.49510 -119.18562    2475.89
 34.49510 -119.18233    2710.11
 34.49510 -119.17903    2880.98
 34.49510 -119.17574    2991.60
 34.49510 -119.17244    3052.02
 34.49510 -119.16914    3079.44
 34.49510 -119.16586    3107.23
 34.49510 -119.16256    3174.48
 34.49510 -119.15926    3301.63
 34.49510 -119.15597    3480.31
 34.49510 -119.15267    3685.48
 34.49510 -119.14938    3895.49
 34.49510 -119.14608    4095.43
 34.49510 -119.14278    4272.06
 34.49510 -119.13949    4415.27
 34.49510 -119.13620    4524.09
 34.49510 -119.13290    4607.28
 34.49510 -119.12961    4671.31
 34.49510 -119.12631    4715.98
 34.49510 -119.12302    4738.35
 34.49510 -119.11972    4744.31
 34.49510 -119.11642    4747.73
 34.49510 -119.11313    4763.42
 34.49510 -119.10984    4796.30
 34.49510 -119.10654    4840.79
 34.49510 -119.10325    4888.64
 34.49510 -119.09995    4939.49
 34.49510 -119.09666    5007.85
 34.49510 -119.09336    5112.71
 34.49510 -119.09007    5261.80
 34.49510 -119.08677    5433.95
 34.49510 -119.08347    5586.04
 34.49510 -119.08018    5673.27
 34.49510 -119.07689    5676.06
 34.49510 -119.07359    5609.97
 34.49510 -119.07030    5519.33
 34.49510 -119.06700    5456.46
 34.49220 -119.26800    -979.50
 34.49220 -119.26470    -972.95
 34.49220 -119.26141    -963.28
 34.49220 -119.25811    -954.05
 34.49220 -119.25481    -947.34
 34.49220 -119.25153    -940.90
 34.49220 -119.24823    -931.31
 34.49220 -119.24493    -913.47
 34.49220 -119.24164    -884.34
 34.49220 -119.23834    -839.05
 34.49220 -119.23505    -771.23
 34.49220 -119.23175    -672.09
 34.49220 -119.22845    -537.05
 34.49220 -119.22516    -370.14
 34.49220 -119.22187    -186.73
 34.49220 -119.21857      -7.76
 34.49220 -119.21528     149.66
 34.49220 -119.21198     283.81
 34.49220 -119.20869     405.40
 34.49220 -119.20539     529.53
 34.49220 -119.20210     665.55
 34.49220 -119.19880     825.26
 34.49220 -119.19551    1023.84
 34.49220 -119.19221    1271.45
 34.49220 -119.18892    1554.39
 34.49220 -119.18562    1839.49
 34.49220 -119.18233    2093.53
 34.49220 -119.17903    2300.92
 34.49220 -119.17574    2457.30
 34.49220 -119.17244    2563.53
 34.49220 -119.16914    2629.87
 34.49220 -119.16586    2687.53
 34.49220 -119.16256    2778.49
 34.49220 -119.15926    2928.36
 34.49220 -119.15597    3129.27
 34.49220 -119.15267    3350.54
 34.49220 -119.14938    3563.26
 34.49220 -119.14608    3752.43
 34.49220 -119.14278    3913.06
 34.49220 -119.13949    4047.47
 34.49220 -119.13620    4162.49
 34.49220 -119.13290    4266.39
 34.49220 -119.12961    4356.55
 34.49220 -119.12631    4422.99
 34.49220 -119.12302    4458.38
 34.49220 -119.11972    4473.32
 34.49220 -119.11642    4488.65
 34.49220 -119.11313    4523.11
 34.49220 -119.10984    4580.69
 34.49220 -119.10654    4653.68
 34.49220 -119.10325    4732.47
 34.49220 -119.09995    4813.60
 34.49220 -119.09666    4906.08
 34.49220 -119.09336    5023.63
 34.49220 -119.09007    5173.56
 34.49220 -119.08677    5339.34
 34.49220 -119.08347    5482.23
 34.49220 -119.08018    5559.47
 34.49220 -119.07689    5551.34
 34.49220 -119.07359    5475.18
 34.49220 -119.07030    5377.37
 34.49220 -119.06700    5311.23
 34.48930 -119.26800    -994.46
 34.48930 -119.26470    -992.89
 34.48930 -119.26141    -991.00
 34.48930 -119.25811    -990.57
 34.48930 -119.25481    -993.52
 34.48930 -119.25153   -1000.10
 34.48930 -119.24823   -1008.61
 34.48930 -119.24493   -1014.56
 34.48930 -119.24164   -1012.17
 34.48930 -119.23834    -994.60
 34.48930 -119.23505    -955.04
 34.48930 -119.23175    -887.76
 34.48930 -119.22845    -789.88
 34.48930 -119.22516    -664.08
 34.48930 -119.22187    -521.65
 34.48930 -119.21857    -381.25
 34.48930 -119.21528    -261.58
 34.48930 -119.21198    -165.75
 34.48930 -119.20869     -80.84
 34.48930 -119.20539      14.59
 34.48930 -119.20210     132.92
 34.48930 -119.19880     280.60
 34.48930 -119.19551     462.68
 34.48930 -119.19221     683.94
 34.48930 -119.18892     938.32
 34.48930 -119.18562    1206.78
 34.48930 -119.18233    1466.65
 34.48930 -119.17903    1700.79
 34.48930 -119.17574    1895.22
 34.48930 -119.17244    2039.68
 34.48930 -119.16914    2137.26
 34.48930 -119.16586    2217.19
 34.48930 -119.16256    2324.24
 34.48930 -119.15926    2488.31
 34.48930 -119.15597    2703.15
 34.48930 -119.15267    2933.29
 34.48930 -119.14938    3143.20
 34.48930 -119.14608    3315.62
 34.48930 -119.14278    3453.59
 34.48930 -119.13949    3572.39
 34.48930 -119.13620    3688.34
 34.48930 -119.13290    3808.13
 34.48930 -119.12961    3918.75
 34.48930 -119.12631    4001.00
 34.48930 -119.12302    4046.49
 34.48930 -119.11972    4072.84
 34.48930 -119.11642    4105.83
 34.48930 -119.11313    4163.68
 34.48930 -119.10984    4246.76
 34.48930 -119.10654    4347.88
 34.48930 -119.10325    4460.75
 34.48930 -119.09995    4581.51
 34.48930 -119.09666    4711.56
 34.48930 -119.09336    4854.60
 34.48930 -119.09007    5013.06
 34.48930 -119.08677    5174.09
 34.48930 -119.08347    5307.02
 34.48930 -119.08018    5377.33
 34.48930 -119.07689    5369.98
 34.48930 -119.07359    5303.10
 34.48930 -119.07030    5218.76
 34.48930 -119.06700    5162.53
 34.48640 -119.26800    -998.52
 34.48640 -119.26470    -997.68
 34.48640 -119.26141    -996.68
 34.48640 -119.25811    -997.06
 34.48640 -119.25481   -1001.01
 34.48640 -119.25153   -1009.95
 34.48640 -119.24823   -1023.02
 34.48640 -119.24493   -1036.45
 34.48640 -119.24164   -1044.55
 34.48640 -119.23834   -1041.45
 34.48640 -119.23505   -1022.20
 34.48640 -119.23175    -983.33
 34.48640 -119.22845    -922.30
 34.48640 -119.22516    -838.64
 34.48640 -119.22187    -739.51
 34.48640 -119.21857    -640.33
 34.48640 -119.21528    -560.19
 34.48640 -119.21198    -502.70
 34.48640 -119.20869    -454.31
 34.48640 -119.20539    -390.62
 34.48640 -119.20210    -298.07
 34.48640 -119.19880    -173.80
 34.48640 -119.19551     -19.12
 34.48640 -119.19221     167.89
 34.48640 -119.18892     387.90
 34.48640 -119.18562     634.07
 34.48640 -119.18233     892.50
 34.48640 -119.17903    1143.80
 34.48640 -119.17574    1363.87
 34.48640 -119.17244    1531.78
 34.48640 -119.16914    1645.68
 34.48640 -119.16586    1734.34
 34.48640 -119.16256    1845.20
 34.48640 -119.15926    2009.96
 34.48640 -119.15597    2223.70
 34.48640 -119.15267    2447.98
 34.48640 -119.14938    2644.43
 34.48640 -119.14608    2795.00
 34.48640 -119.14278    2910.38
 34.48640 -119.13949    3015.39
 34.48640 -119.13620    3131.69
 34.48640 -119.13290    3260.78
 34.48640 -119.12961    3380.55
 34.48640 -119.12631    3467.70
 34.48640 -119.12302    3517.86
 34.48640 -119.11972    3555.61
 34.48640 -119.11642    3607.17
 34.48640 -119.11313    3686.28
 34.48640 -119.10984    3789.50
 34.48640 -119.10654    3913.50
 34.48640 -119.10325    4057.67
 34.48640 -119.09995    4218.83
 34.48640 -119.09666    4389.42
 34.48640 -119.09336    4562.06
 34.48640 -119.09007    4732.69
 34.48640 -119.08677    4892.25
 34.48640 -119.08347    5020.51
 34.48640 -119.08018    5095.03
 34.48640 -119.07689    5107.09
 34.48640 -119.07359    5072.09
 34.48640 -119.07030    5021.23
 34.48640 -119.06700    4986.38
 34.48350 -119.26800    -998.21
 34.48350 -119.26470    -996.61
 34.48350 -119.26141    -994.07
 34.48350 -119.25811    -992.19
 34.48350 -119.25481    -993.22
 34.48350 -119.25153    -998.80
 34.48350 -119.24823   -1008.49
 34.48350 -119.24493   -1019.52
 34.48350 -119.24164   -1027.81
 34.48350 -119.23834   -1029.67
 34.48350 -119.23505   -1022.52
 34.48350 -119.23175   -1004.27
 34.48350 -119.22845    -972.42
 34.48350 -119.22516    -924.20
 34.48350 -119.22187    -863.64
 34.48350 -119.21857    -802.24
 34.48350 -119.21528    -756.68
 34.48350 -119.21198    -730.05
 34.48350 -119.20869    -710.68
 34.48350 -119.20539    -676.47
 34.48350 -119.20210    -615.12
 34.48350 -119.19880    -524.56
 34.48350 -119.19551    -406.83
 34.48350 -119.19221    -258.95
 34.48350 -119.18892     -74.48
 34.48350 -119.18562     148.66
 34.48350 -119.18233     402.17
 34.48350 -119.17903     663.11
 34.48350 -119.17574     897.66
 34.48350 -119.17244    1075.19
 34.48350 -119.16914    1190.88
 34.48350 -119.16586    1273.60
 34.48350 -119.16256    1372.67
 34.48350 -119.15926    1519.72
 34.48350 -119.15597    1711.61
 34.48350 -119.15267    1911.46
 34.48350 -119.14938    2084.03
 34.48350 -119.14608    2214.19
 34.48350 -119.14278    2317.53
 34.48350 -119.13949    2420.52
 34.48350 -119.13620    2541.08
 34.48350 -119.13290    2672.19
 34.48350 -119.12961    2787.30
 34.48350 -119.12631    2867.14
 34.48350 -119.12302    2915.66
 34.48350 -119.11972    2961.18
 34.48350 -119.11642    3025.50
 34.48350 -119.11313    3116.55
 34.48350 -119.10984    3229.69
 34.48350 -119.10654    3367.46
 34.48350 -119.10325    3533.31
 34.48350 -119.09995    3723.43
 34.48350 -119.09666    3921.91
 34.48350 -119.09336    4114.31
 34.48350 -119.09007    4292.84
 34.48350 -119.08677    4454.24
 34.48350 -119.08347    4588.66
 34.48350 -119.08018    4684.78
 34.48350 -119.07689    4736.66
 34.48350 -119.07359    4751.94
 34.48350 -119.07030    4746.97
 34.48350 -119.06700    4739.19
 34.48060 -119.26800    -996.18
 34.48060 -119.26470    -993.47
 34.48060 -119.26141    -988.84
 34.48060 -119.25811    -984.05
 34.48060 -119.25481    -981.28
 34.48060 -119.25153    -982.06
 34.48060 -119.24823    -986.19
 34.48060 -119.24493    -991.96
 34.48060 -119.24164    -997.08
 34.48060 -119.23834    -999.80
 34.48060 -119.23505    -999.17
 34.48060 -119.23175    -993.79
 34.48060 -119.22845    -981.34
 34.48060 -119.22516    -958.61
 34.48060 -119.22187    -927.71
 34.48060 -119.21857    -896.13
 34.48060 -119.21528    -875.72
 34.48060 -119.21198    -868.44
 34.48060 -119.20869    -866.18
 34.48060 -119.20539    -852.98
 34.48060 -119.20210    -819.72
 34.48060 -119.19880    -763.96
 34.48060 -119.19551    -685.46
 34.48060 -119.19221    -578.30
 34.48060 -119.18892    -430.66
 34.48060 -119.18562    -233.45
 34.48060 -119.18233       9.65
 34.48060 -119.17903     272.06
 34.48060 -119.17574     511.66
 34.48060 -119.17244     688.85
 34.48060 -119.16914     796.37
 34.48060 -119.16586     862.27
 34.48060 -119.16256     936.19
 34.48060 -119.15926    1049.13
 34.48060 -119.15597    1201.58
 34.48060 -119.15267    1363.82
 34.48060 -119.14938    1509.31
 34.48060 -119.14608    1628.27
 34.48060 -119.14278    1735.64
 34.48060 -119.13949    1849.82
 34.48060 -119.13620    1976.93
 34.48060 -119.13290    2101.95
 34.48060 -119.12961    2201.36
 34.48060 -119.12631    2266.36
 34.48060 -119.12302    2309.15
 34.48060 -119.11972    2356.26
 34.48060 -119.11642    2422.60
 34.48060 -119.11313    2512.37
 34.48060 -119.10984    2623.33
 34.48060 -119.10654    2762.49
 34.48060 -119.10325    2932.80
 34.48060 -119.09995    3127.85
 34.48060 -119.09666    3327.12
 34.48060 -119.09336    3516.84
 34.48060 -119.09007    3691.77
 34.48060 -119.08677    3856.79
 34.48060 -119.08347    4009.69
 34.48060 -119.08018    4144.60
 34.48060 -119.07689    4251.54
 34.48060 -119.07359    4326.45
 34.48060 -119.07030    4370.59
 34.48060 -119.06700    4390.10
 34.47770 -119.26800    -992.90
 34.47770 -119.26470    -989.08
 34.47770 -119.26141    -982.59
 34.47770 -119.25811    -975.46
 34.47770 -119.25481    -969.89
 34.47770 -119.25153    -967.21
 34.47770 -119.24823    -967.35
 34.47770 -119.24493    -969.26
 34.47770 -119.24164    -971.87
 34.47770 -119.23834    -974.58
 34.47770 -119.23505    -977.13
 34.47770 -119.23175    -978.44
 34.47770 -119.22845    -976.71
 34.47770 -119.22516    -969.60
 34.47770 -119.22187    -958.18
 34.47770 -119.21857    -946.51
 34.47770 -119.21528    -941.05
 34.47770 -119.21198    -942.62
 34.47770 -119.20869    -946.68
 34.47770 -119.20539    -944.44
 34.47770 -119.20210    -930.61
 34.47770 -119.19880    -902.94
 34.47770 -119.19551    -858.88
 34.47770 -119.19221    -789.60
 34.47770 -119.18892    -678.32
 34.47770 -119.18562    -509.73
 34.47770 -119.18233    -282.78
 34.47770 -119.17903     -26.35
 34.47770 -119.17574     211.32
 34.47770 -119.17244     383.17
 34.47770 -119.16914     479.06
 34.47770 -119.16586     524.70
 34.47770 -119.16256     568.07
 34.47770 -119.15926     639.54
 34.47770 -119.15597     744.69
 34.47770 -119.15267     865.28
 34.47770 -119.14938     987.06
 34.47770 -119.14608    1106.44
 34.47770 -119.14278    1232.35
 34.47770 -119.13949    1367.80
 34.47770 -119.13620    1503.06
 34.47770 -119.13290    1617.88
 34.47770 -119.12961    1697.44
 34.47770 -119.12631    1745.33
 34.47770 -119.12302    1779.39
 34.47770 -119.11972    1820.57
 34.47770 -119.11642    1877.47
 34.47770 -119.11313    1953.01
 34.47770 -119.10984    2048.52
 34.47770 -119.10654    2172.42
 34.47770 -119.10325    2324.87
 34.47770 -119.09995    2497.60
 34.47770 -119.09666    2671.01
 34.47770 -119.09336    2837.39
 34.47770 -119.09007    2997.85
 34.47770 -119.08677    3165.67
 34.47770 -119.08347    3343.22
 34.47770 -119.08018    3524.71
 34.47770 -119.07689    3691.00
 34.47770 -119.07359    3825.18
 34.47770 -119.07030    3915.31
 34.47770 -119.06700    3959.64
 34.47480 -119.26800    -988.54
 34.47480 -119.26470    -983.90
 34.47480 -119.26141    -976.21
 34.47480 -119.25811    -967.94
 34.47480 -119.25481    -961.27
 34.47480 -119.25153    -957.29
 34.47480 -119.24823    -955.78
 34.47480 -119.24493    -956.05
 34.47480 -119.24164    -957.64
 34.47480 -119.23834    -960.47
 34.47480 -119.23505    -964.45
 34.47480 -119.23175    -968.67
 34.47480 -119.22845    -971.84
 34.47480 -119.22516    -972.68
 34.47480 -119.22187    -971.78
 34.47480 -119.21857    -970.99
 34.47480 -119.21528    -972.81
 34.47480 -119.21198    -977.17
 34.47480 -119.20869    -981.92
 34.47480 -119.20539    -983.39
 34.47480 -119.20210    -979.37
 34.47480 -119.19880    -968.60
 34.47480 -119.19551    -947.81
 34.47480 -119.19221    -907.08
 34.47480 -119.18892    -826.53
 34.47480 -119.18562    -686.04
 34.47480 -119.18233    -479.86
 34.47480 -119.17903    -236.30
 34.47480 -119.17574      -6.30
 34.47480 -119.17244     158.83
 34.47480 -119.16914     245.73
 34.47480 -119.16586     276.63
 34.47480 -119.16256     295.53
 34.47480 -119.15926     331.50
 34.47480 -119.15597     394.71
 34.47480 -119.15267     478.94
 34.47480 -119.14938     582.67
 34.47480 -119.14608     708.24
 34.47480 -119.14278     857.24
 34.47480 -119.13949    1016.00
 34.47480 -119.13620    1160.24
 34.47480 -119.13290    1266.98
 34.47480 -119.12961    1330.93
 34.47480 -119.12631    1365.10
 34.47480 -119.12302    1389.59
 34.47480 -119.11972    1419.41
 34.47480 -119.11642    1459.60
 34.47480 -119.11313    1513.13
 34.47480 -119.10984    1583.62
 34.47480 -119.10654    1677.88
 34.47480 -119.10325    1794.04
 34.47480 -119.09995    1924.97
 34.47480 -119.09666    2056.76
 34.47480 -119.09336    2188.98
 34.47480 -119.09007    2329.22
 34.47480 -119.08677    2496.79
 34.47480 -119.08347    2696.43
 34.47480 -119.08018    2919.86
 34.47480 -119.07689    3138.32
 34.47480 -119.07359    3324.08
 34.47480 -119.07030    3454.57
 34.47480 -119.06700    3521.16
 34.47190 -119.26800    -984.12
 34.47190 -119.26470    -979.04
 34.47190 -119.26141    -970.88
 34.47190 -119.25811    -962.49
 34.47190 -119.25481    -956.02
 34.47190 -119.25153    -952.19
 34.47190 -119.24823    -950.58
 34.47190 -119.24493    -950.56
 34.47190 -119.24164    -951.97
 34.47190 -119.23834    -954.96
 34.47190 -119.23505    -959.46
 34.47190 -119.23175    -964.66
 34.47190 -119.22845    -969.54
 34.47190 -119.22516    -973.52
 34.47190 -119.22187    -977.05
 34.47190 -119.21857    -980.91
 34.47190 -119.21528    -985.56
 34.47190 -119.21198    -990.34
 34.47190 -119.20869    -994.18
 34.47190 -119.20539    -996.06
 34.47190 -119.20210    -995.65
 34.47190 -119.19880    -992.73
 34.47190 -119.19551    -984.44
 34.47190 -119.19221    -961.03
 34.47190 -119.18892    -901.66
 34.47190 -119.18562    -783.37
 34.47190 -119.18233    -596.91
 34.47190 -119.17903    -367.93
 34.47190 -119.17574    -147.13
 34.47190 -119.17244      13.26
 34.47190 -119.16914      96.85
 34.47190 -119.16586     122.17
 34.47190 -119.16256     127.88
 34.47190 -119.15926     141.05
 34.47190 -119.15597     174.62
 34.47190 -119.15267     232.01
 34.47190 -119.14938     322.36
 34.47190 -119.14608     453.45
 34.47190 -119.14278     621.74
 34.47190 -119.13949     800.67
 34.47190 -119.13620     955.11
 34.47190 -119.13290    1059.80
 34.47190 -119.12961    1115.70
 34.47190 -119.12631    1141.05
 34.47190 -119.12302    1156.75
 34.47190 -119.11972    1174.30
 34.47190 -119.11642    1197.48
 34.47190 -119.11313    1229.01
 34.47190 -119.10984    1272.52
 34.47190 -119.10654    1332.59
 34.47190 -119.10325    1408.00
 34.47190 -119.09995    1495.59
 34.47190 -119.09666    1588.33
 34.47190 -119.09336    1690.40
 34.47190 -119.09007    1812.73
 34.47190 -119.08677    1977.20
 34.47190 -119.08347    2190.29
 34.47190 -119.08018    2442.05
 34.47190 -119.07689    2697.61
 34.47190 -119.07359    2921.97
 34.47190 -119.07030    3084.45
 34.47190 -119.06700    3169.55
 34.46900 -119.26800    -981.28
 34.46900 -119.26470    -976.03
 34.46900 -119.26141    -967.79
 34.46900 -119.25811    -959.64
 34.46900 -119.25481    -953.64
 34.46900 -119.25153    -950.28
 34.46900 -119.24823    -948.95
 34.46900 -119.24493    -949.03
 34.46900 -119.24164    -950.49
 34.46900 -119.23834    -953.57
 34.46900 -119.23505    -958.22
 34.46900 -119.23175    -963.64
 34.46900 -119.22845    -968.91
 34.46900 -119.22516    -973.71
 34.46900 -119.22187    -978.49
 34.46900 -119.21857    -983.75
 34.46900 -119.21528    -989.23
 34.46900 -119.21198    -994.05
 34.46900 -119.20869    -997.37
 34.46900 -119.20539    -999.05
 34.46900 -119.20210    -999.46
 34.46900 -119.19880    -999.00
 34.46900 -119.19551    -995.31
 34.46900 -119.19221    -979.25
 34.46900 -119.18892    -930.21
 34.46900 -119.18562    -824.20
 34.46900 -119.18233    -650.15
 34.46900 -119.17903    -431.20
 34.46900 -119.17574    -216.82
 34.46900 -119.17244     -58.63
 34.46900 -119.16914      25.13
 34.46900 -119.16586      50.48
 34.46900 -119.16256      52.16
 34.46900 -119.15926      55.58
 34.46900 -119.15597      74.67
 34.46900 -119.15267     117.97
 34.46900 -119.14938     200.65
 34.46900 -119.14608     333.93
 34.46900 -119.14278     512.24
 34.46900 -119.13949     702.54
 34.46900 -119.13620     864.10
 34.46900 -119.13290     970.01
 34.46900 -119.12961    1023.71
 34.46900 -119.12631    1045.25
 34.46900 -119.12302    1055.77
 34.46900 -119.11972    1065.50
 34.46900 -119.11642    1078.21
 34.46900 -119.11313    1096.19
 34.46900 -119.10984    1122.32
 34.46900 -119.10654    1159.70
 34.46900 -119.10325    1208.45
 34.46900 -119.09995    1268.79
 34.46900 -119.09666    1338.26
 34.46900 -119.09336    1422.95
 34.46900 -119.09007    1534.77
 34.46900 -119.08677    1696.16
 34.46900 -119.08347    1914.62
 34.46900 -119.08018    2179.70
 34.46900 -119.07689    2454.05
 34.46900 -119.07359    2699.31
 34.46900 -119.07030    2880.23
 34.46900 -119.06700    2976.45
