   -119.175    34.5047
   -119.193    34.5046
   -119.209    34.5057
   -119.225    34.5073
   -119.235    34.5064
   -119.251    34.5093
   -119.268    34.5132
   -119.279    34.5197
   -119.288    34.5264
   -119.296    34.5369
   -119.300    34.5476
   -119.301    34.5588
   -119.300    34.5742
   -119.297    34.5915
   -119.292    34.6076
   -119.285    34.6232
   -119.277    34.6399
   -119.269    34.6542
   -119.259    34.6668
   -119.250    34.6767
   -119.241    34.6823
   -119.230    34.6838
   -119.216    34.6808
   -119.205    34.6744
   -119.191    34.6659
   -119.177    34.6558
   -119.163    34.6454
   -119.149    34.6355
   -119.137    34.6262
   -119.127    34.6206
   -119.117    34.6129
   -119.105    34.6043
   -119.095    34.5972
   -119.088    34.5924
   -119.082    34.5904
   -119.068    34.5916
   -119.051    34.5925
   -119.035    34.5926
   -119.019    34.5930
   -119.003    34.5933
   -118.989    34.5925
   -118.979    34.5913
   -118.968    34.5891
   -118.957    34.5841
   -118.950    34.5777
   -118.945    34.5693
   -118.941    34.5613
   -118.940    34.5535
   -118.942    34.5449
   -118.948    34.5387
   -118.957    34.5304
   -118.963    34.5236
   -118.968    34.5188
   -118.970    34.5156
   -118.980    34.5139
   -118.994    34.5118
   -119.009    34.5091
   -119.023    34.5062
   -119.040    34.5037
   -119.055    34.5011
   -119.070    34.5002
   -119.081    34.4975
   -119.097    34.4974
   -119.115    34.4988
   -119.129    34.5002
   -119.143    34.5023
   -119.158    34.5043
   -119.169    34.5045
