   -119.092    34.0799
   -119.114    34.0746
   -119.151    34.0755
   -119.198    34.0856
   -119.255    34.0914
   -119.307    34.0969
   -119.369    34.1032
   -119.421    34.1130
   -119.456    34.1257
   -119.486    34.1703
   -119.492    34.2094
   -119.493    34.2289
   -119.489    34.2419
   -119.484    34.2536
   -119.479    34.2555
   -119.455    34.2470
   -119.435    34.2395
   -119.387    34.2296
   -119.365    34.2272
   -119.351    34.2254
   -119.335    34.2260
   -119.312    34.2287
   -119.285    34.2304
   -119.268    34.2324
   -119.256    34.2356
   -119.239    34.2416
   -119.218    34.2482
   -119.209    34.2517
   -119.196    34.2593
   -119.181    34.2673
   -119.165    34.2787
   -119.141    34.2914
   -119.128    34.3004
   -119.113    34.3100
   -119.099    34.3208
   -119.089    34.3273
   -119.076    34.3316
   -119.060    34.3345
   -119.038    34.3360
   -119.018    34.3382
   -119.004    34.3415
   -118.998    34.3433
   -118.997    34.3449
   -119.000    34.3466
   -119.002    34.3504
   -119.003    34.3542
   -118.993    34.3546
   -118.981    34.3540
   -118.971    34.3574
   -118.965    34.3600
   -118.955    34.3612
   -118.953    34.3611
   -118.953    34.3579
   -118.952    34.3556
   -118.950    34.3542
   -118.944    34.3543
   -118.939    34.3560
   -118.936    34.3552
   -118.928    34.3565
   -118.915    34.3579
   -118.909    34.3593
   -118.902    34.3629
   -118.895    34.3647
   -118.880    34.3659
   -118.868    34.3653
   -118.842    34.3674
   -118.829    34.3694
   -118.815    34.3696
   -118.798    34.3698
   -118.786    34.3698
   -118.780    34.3715
   -118.778    34.3771
   -118.788    34.3805
   -118.805    34.3817
   -118.825    34.3805
   -118.838    34.3788
   -118.847    34.3795
   -118.847    34.3848
   -118.832    34.3857
   -118.814    34.3880
   -118.801    34.3920
   -118.791    34.3960
   -118.781    34.3956
   -118.757    34.3887
   -118.737    34.3828
   -118.722    34.3775
   -118.704    34.3687
   -118.686    34.3570
   -118.670    34.3457
   -118.661    34.3404
   -118.648    34.3381
   -118.630    34.3362
   -118.614    34.3339
   -118.601    34.3317
   -118.593    34.3287
   -118.590    34.3227
   -118.591    34.3189
   -118.593    34.3150
   -118.593    34.3112
   -118.591    34.3081
   -118.592    34.3042
   -118.592    34.2998
   -118.593    34.2967
   -118.592    34.2944
   -118.591    34.2916
   -118.593    34.2896
   -118.597    34.2887
   -118.603    34.2906
   -118.609    34.2928
   -118.610    34.2967
   -118.609    34.2997
   -118.613    34.3024
   -118.619    34.3076
   -118.624    34.3123
   -118.623    34.3199
   -118.625    34.3244
   -118.626    34.3280
   -118.630    34.3312
   -118.634    34.3325
   -118.642    34.3315
   -118.646    34.3311
   -118.651    34.3321
   -118.655    34.3335
   -118.658    34.3299
   -118.661    34.3241
   -118.669    34.3233
   -118.676    34.3215
   -118.685    34.3236
   -118.698    34.3258
   -118.711    34.3257
   -118.717    34.3244
   -118.731    34.3212
   -118.747    34.3208
   -118.753    34.3217
   -118.761    34.3206
   -118.771    34.3222
   -118.779    34.3248
   -118.787    34.3269
   -118.790    34.3286
   -118.798    34.3256
   -118.800    34.3268
   -118.804    34.3255
   -118.805    34.3242
   -118.808    34.3240
   -118.811    34.3206
   -118.812    34.3168
   -118.814    34.3132
   -118.834    34.3004
   -118.849    34.2915
   -118.856    34.2866
   -118.858    34.2840
   -118.853    34.2833
   -118.853    34.2811
   -118.858    34.2775
   -118.863    34.2728
   -118.876    34.2665
   -118.890    34.2609
   -118.900    34.2558
   -118.918    34.2553
   -118.937    34.2554
   -118.947    34.2575
   -118.957    34.2579
   -118.966    34.2589
   -118.970    34.2573
   -118.971    34.2535
   -118.969    34.2507
   -118.972    34.2490
   -118.976    34.2458
   -118.977    34.2384
   -118.977    34.2326
   -118.975    34.2303
   -118.977    34.2262
   -118.979    34.2212
   -118.982    34.2189
   -118.986    34.2172
   -118.987    34.2151
   -118.992    34.2100
   -119.004    34.2039
   -119.010    34.2046
   -119.015    34.2047
   -119.018    34.2043
   -119.019    34.2012
   -119.019    34.1972
   -119.021    34.1919
   -119.023    34.1892
   -119.031    34.1854
   -119.033    34.1841
   -119.038    34.1837
   -119.042    34.1788
   -119.045    34.1731
   -119.048    34.1698
   -119.055    34.1675
   -119.061    34.1648
   -119.058    34.1602
   -119.052    34.1581
   -119.045    34.1576
   -119.042    34.1556
   -119.043    34.1526
   -119.052    34.1495
   -119.057    34.1458
   -119.057    34.1413
   -119.055    34.1385
   -119.053    34.1360
   -119.053    34.1318
   -119.061    34.1338
   -119.066    34.1346
   -119.074    34.1313
   -119.077    34.1215
   -119.081    34.1065
   -119.083    34.0912
