   -119.465    34.3698
   -119.474    34.3694
   -119.484    34.3686
   -119.496    34.3682
   -119.496    34.3798
   -119.496    34.3933
   -119.497    34.4039
   -119.497    34.4114
   -119.497    34.4180
   -119.486    34.4169
   -119.474    34.4153
   -119.461    34.4143
   -119.446    34.4112
   -119.435    34.4092
   -119.428    34.4088
   -119.415    34.4089
   -119.404    34.4094
   -119.394    34.4122
   -119.382    34.4164
   -119.370    34.4176
   -119.354    34.4189
   -119.342    34.4197
   -119.335    34.4169
   -119.329    34.4140
   -119.322    34.4116
   -119.315    34.4117
   -119.310    34.4129
   -119.305    34.4177
   -119.303    34.4217
   -119.301    34.4241
   -119.296    34.4250
   -119.288    34.4259
   -119.277    34.4276
   -119.267    34.4285
   -119.263    34.4274
   -119.254    34.4236
   -119.250    34.4213
   -119.241    34.4201
   -119.231    34.4200
   -119.220    34.4214
   -119.211    34.4243
   -119.201    34.4301
   -119.193    34.4347
   -119.187    34.4378
   -119.183    34.4396
   -119.181    34.4416
   -119.182    34.4441
   -119.186    34.4448
   -119.187    34.4461
   -119.187    34.4480
   -119.179    34.4497
   -119.169    34.4514
   -119.164    34.4518
   -119.156    34.4509
   -119.147    34.4507
   -119.139    34.4530
   -119.131    34.4570
   -119.123    34.4601
   -119.114    34.4627
   -119.106    34.4643
   -119.098    34.4662
   -119.091    34.4677
   -119.082    34.4684
   -119.066    34.4671
   -119.052    34.4656
   -119.037    34.4637
   -119.025    34.4627
   -119.013    34.4618
   -118.999    34.4616
   -118.991    34.4619
   -118.984    34.4619
   -118.979    34.4604
   -118.977    34.4574
   -118.976    34.4528
   -118.979    34.4450
   -118.985    34.4373
   -118.990    34.4336
   -118.997    34.4274
   -119.008    34.4245
   -119.024    34.4203
   -119.041    34.4167
   -119.056    34.4136
   -119.069    34.4117
   -119.081    34.4097
   -119.090    34.4089
   -119.094    34.4087
   -119.103    34.4123
   -119.114    34.4172
   -119.121    34.4219
   -119.126    34.4246
   -119.129    34.4258
   -119.140    34.4232
   -119.153    34.4177
   -119.172    34.4086
   -119.188    34.4018
   -119.200    34.3954
   -119.213    34.3910
   -119.222    34.3882
   -119.226    34.3875
   -119.238    34.3887
   -119.251    34.3906
   -119.258    34.3919
   -119.264    34.3938
   -119.268    34.3945
   -119.274    34.3895
   -119.280    34.3831
   -119.284    34.3792
   -119.287    34.3753
   -119.291    34.3679
   -119.294    34.3620
   -119.296    34.3573
   -119.297    34.3546
   -119.299    34.3533
   -119.303    34.3553
   -119.307    34.3586
   -119.311    34.3606
   -119.316    34.3637
   -119.318    34.3680
   -119.320    34.3731
   -119.321    34.3772
   -119.325    34.3783
   -119.329    34.3779
   -119.334    34.3758
   -119.339    34.3748
   -119.348    34.3753
   -119.357    34.3748
   -119.365    34.3745
   -119.371    34.3745
   -119.375    34.3674
   -119.379    34.3595
   -119.381    34.3531
   -119.384    34.3500
   -119.388    34.3496
   -119.393    34.3517
   -119.398    34.3529
   -119.404    34.3541
   -119.408    34.3583
   -119.413    34.3608
   -119.417    34.3626
   -119.415    34.3643
   -119.416    34.3668
   -119.418    34.3686
   -119.426    34.3700
   -119.433    34.3701
   -119.436    34.3719
   -119.441    34.3724
   -119.448    34.3717
   -119.455    34.3707
   -119.459    34.3704
