   -119.004    34.0016
   -119.015    34.0003
   -119.031    33.9992
   -119.047    33.9987
   -119.058    33.9993
   -119.068    34.0000
   -119.074    34.0004
   -119.075    34.0120
   -119.078    34.0297
   -119.079    34.0486
   -119.078    34.0663
   -119.079    34.0865
   -119.080    34.0991
   -119.082    34.1053
   -119.080    34.1095
   -119.076    34.1134
   -119.076    34.1167
   -119.076    34.1202
   -119.077    34.1246
   -119.078    34.1292
   -119.073    34.1305
   -119.071    34.1298
   -119.070    34.1299
   -119.065    34.1300
   -119.064    34.1294
   -119.064    34.1268
   -119.064    34.1252
   -119.063    34.1250
   -119.061    34.1258
   -119.060    34.1262
   -119.059    34.1250
   -119.058    34.1242
   -119.057    34.1247
   -119.057    34.1268
   -119.059    34.1295
   -119.056    34.1289
   -119.054    34.1277
   -119.053    34.1263
   -119.050    34.1266
   -119.049    34.1302
   -119.045    34.1338
   -119.039    34.1366
   -119.033    34.1385
   -119.029    34.1393
   -119.023    34.1383
   -119.016    34.1400
   -119.015    34.1403
   -119.014    34.1440
   -119.011    34.1456
   -119.007    34.1465
   -119.003    34.1458
   -118.996    34.1441
   -118.991    34.1422
   -118.986    34.1401
   -118.981    34.1384
   -118.978    34.1405
   -118.976    34.1399
   -118.972    34.1395
   -118.967    34.1395
   -118.962    34.1417
   -118.960    34.1445
   -118.956    34.1480
   -118.953    34.1519
   -118.945    34.1560
   -118.940    34.1569
   -118.935    34.1569
   -118.929    34.1583
   -118.924    34.1592
   -118.922    34.1590
   -118.921    34.1569
   -118.923    34.1538
   -118.925    34.1493
   -118.927    34.1452
   -118.929    34.1432
   -118.940    34.1382
   -118.951    34.1327
   -118.961    34.1283
   -118.970    34.1239
   -118.973    34.1213
   -118.975    34.1189
   -118.976    34.1148
   -118.975    34.1078
   -118.974    34.1009
   -118.974    34.0956
   -118.974    34.0901
   -118.973    34.0868
   -118.971    34.0839
   -118.968    34.0822
   -118.958    34.0821
   -118.949    34.0830
   -118.941    34.0839
   -118.933    34.0843
   -118.926    34.0852
   -118.923    34.0862
   -118.918    34.0878
   -118.914    34.0882
   -118.913    34.0867
   -118.913    34.0847
   -118.912    34.0825
   -118.912    34.0790
   -118.912    34.0751
   -118.912    34.0722
   -118.910    34.0722
   -118.905    34.0691
   -118.897    34.0682
   -118.887    34.0673
   -118.879    34.0658
   -118.873    34.0661
   -118.871    34.0654
   -118.871    34.0633
   -118.871    34.0606
   -118.871    34.0556
   -118.869    34.0498
   -118.867    34.0476
   -118.863    34.0459
   -118.859    34.0447
   -118.857    34.0388
   -118.860    34.0347
   -118.863    34.0306
   -118.864    34.0270
   -118.864    34.0203
   -118.864    34.0147
   -118.863    34.0101
   -118.863    34.0043
   -118.875    34.0049
   -118.894    34.0062
   -118.907    34.0058
   -118.921    34.0068
   -118.937    34.0063
   -118.953    34.0046
   -118.970    34.0035
   -118.983    34.0017
   -118.993    34.0009
