   -118.589    34.4280
   -118.601    34.4282
   -118.616    34.4288
   -118.630    34.4306
   -118.645    34.4299
   -118.659    34.4289
   -118.671    34.4277
   -118.683    34.4265
   -118.699    34.4257
   -118.712    34.4263
   -118.726    34.4262
   -118.739    34.4267
   -118.753    34.4267
   -118.767    34.4268
   -118.778    34.4246
   -118.789    34.4222
   -118.796    34.4218
   -118.804    34.4188
   -118.812    34.4154
   -118.821    34.4132
   -118.828    34.4102
   -118.835    34.4061
   -118.839    34.4035
   -118.840    34.4005
   -118.845    34.3994
   -118.857    34.3990
   -118.869    34.3974
   -118.874    34.3969
   -118.881    34.3981
   -118.888    34.4005
   -118.899    34.4066
   -118.908    34.4135
   -118.914    34.4173
   -118.918    34.4212
   -118.919    34.4257
   -118.917    34.4294
   -118.913    34.4301
   -118.910    34.4309
   -118.906    34.4305
   -118.902    34.4295
   -118.900    34.4298
   -118.899    34.4323
   -118.900    34.4373
   -118.901    34.4419
   -118.903    34.4441
   -118.906    34.4460
   -118.909    34.4503
   -118.910    34.4548
   -118.909    34.4559
   -118.908    34.4621
   -118.907    34.4700
   -118.906    34.4761
   -118.904    34.4767
   -118.902    34.4817
   -118.898    34.4817
   -118.893    34.4820
   -118.888    34.4829
   -118.883    34.4825
   -118.881    34.4829
   -118.879    34.4863
   -118.878    34.4903
   -118.881    34.4965
   -118.884    34.5018
   -118.889    34.5040
   -118.892    34.5085
   -118.896    34.5131
   -118.898    34.5181
   -118.897    34.5238
   -118.899    34.5302
   -118.901    34.5356
   -118.904    34.5410
   -118.904    34.5474
   -118.903    34.5531
   -118.903    34.5572
   -118.903    34.5616
   -118.903    34.5641
   -118.907    34.5682
   -118.908    34.5706
   -118.910    34.5734
   -118.913    34.5749
   -118.916    34.5760
   -118.919    34.5767
   -118.917    34.5779
   -118.913    34.5791
   -118.907    34.5794
   -118.900    34.5795
   -118.893    34.5787
   -118.887    34.5782
   -118.882    34.5807
   -118.876    34.5774
   -118.870    34.5752
   -118.865    34.5725
   -118.861    34.5715
   -118.852    34.5717
   -118.845    34.5709
   -118.841    34.5704
   -118.832    34.5661
   -118.823    34.5613
   -118.816    34.5571
   -118.812    34.5550
   -118.806    34.5550
   -118.801    34.5526
   -118.794    34.5496
   -118.791    34.5473
   -118.788    34.5447
   -118.785    34.5415
   -118.778    34.5370
   -118.769    34.5342
   -118.760    34.5308
   -118.755    34.5285
   -118.752    34.5244
   -118.748    34.5224
   -118.744    34.5218
   -118.737    34.5212
   -118.733    34.5219
   -118.730    34.5230
   -118.728    34.5272
   -118.727    34.5294
   -118.722    34.5297
   -118.719    34.5284
   -118.714    34.5302
   -118.711    34.5324
   -118.710    34.5344
   -118.710    34.5386
   -118.709    34.5412
   -118.708    34.5422
   -118.709    34.5443
   -118.707    34.5470
   -118.704    34.5497
   -118.702    34.5514
   -118.700    34.5525
   -118.695    34.5463
   -118.690    34.5415
   -118.689    34.5391
   -118.686    34.5370
   -118.681    34.5337
   -118.678    34.5300
   -118.674    34.5280
   -118.671    34.5258
   -118.668    34.5220
   -118.664    34.5195
   -118.659    34.5176
   -118.654    34.5167
   -118.652    34.5202
   -118.655    34.5258
   -118.660    34.5317
   -118.665    34.5364
   -118.668    34.5418
   -118.669    34.5467
   -118.667    34.5482
   -118.668    34.5516
   -118.664    34.5540
   -118.662    34.5599
   -118.663    34.5650
   -118.662    34.5690
   -118.665    34.5757
   -118.669    34.5805
   -118.669    34.5846
   -118.672    34.5880
   -118.674    34.5892
   -118.674    34.5932
   -118.675    34.5972
   -118.674    34.6037
   -118.676    34.6093
   -118.676    34.6130
   -118.673    34.6184
   -118.671    34.6221
   -118.671    34.6263
   -118.669    34.6266
   -118.667    34.6251
   -118.668    34.6197
   -118.667    34.6147
   -118.665    34.6104
   -118.663    34.6053
   -118.661    34.6012
   -118.658    34.5998
   -118.654    34.5974
   -118.653    34.5936
   -118.651    34.5900
   -118.647    34.5880
   -118.643    34.5849
   -118.639    34.5834
   -118.635    34.5842
   -118.629    34.5834
   -118.623    34.5832
   -118.621    34.5805
   -118.619    34.5768
   -118.613    34.5716
   -118.612    34.5692
   -118.612    34.5660
   -118.611    34.5641
   -118.606    34.5627
   -118.604    34.5621
   -118.603    34.5607
   -118.598    34.5589
   -118.590    34.5569
   -118.583    34.5548
   -118.579    34.5514
   -118.575    34.5520
   -118.572    34.5531
   -118.568    34.5492
   -118.564    34.5453
   -118.558    34.5430
   -118.555    34.5399
   -118.554    34.5349
   -118.551    34.5290
   -118.550    34.5271
   -118.545    34.5246
   -118.536    34.5211
   -118.528    34.5188
   -118.521    34.5146
   -118.515    34.5113
   -118.510    34.5086
   -118.506    34.5061
   -118.505    34.5017
   -118.498    34.4984
   -118.490    34.4990
   -118.485    34.4992
   -118.479    34.4977
   -118.471    34.4968
   -118.463    34.4962
   -118.458    34.4968
   -118.452    34.4986
   -118.449    34.4952
   -118.444    34.4940
   -118.435    34.4934
   -118.428    34.4944
   -118.424    34.4956
   -118.419    34.4949
   -118.418    34.4925
   -118.413    34.4912
   -118.410    34.4852
   -118.407    34.4821
   -118.405    34.4808
   -118.400    34.4801
   -118.398    34.4817
   -118.393    34.4821
   -118.389    34.4839
   -118.383    34.4848
   -118.378    34.4850
   -118.374    34.4838
   -118.371    34.4829
   -118.369    34.4800
   -118.369    34.4752
   -118.367    34.4735
   -118.360    34.4772
   -118.354    34.4798
   -118.352    34.4801
   -118.348    34.4820
   -118.346    34.4800
   -118.344    34.4788
   -118.341    34.4800
   -118.335    34.4817
   -118.331    34.4849
   -118.328    34.4871
   -118.325    34.4871
   -118.323    34.4824
   -118.322    34.4772
   -118.326    34.4724
   -118.333    34.4671
   -118.344    34.4593
   -118.352    34.4529
   -118.362    34.4460
   -118.371    34.4372
   -118.375    34.4319
   -118.378    34.4256
   -118.379    34.4236
   -118.381    34.4229
   -118.385    34.4175
   -118.390    34.4135
   -118.395    34.4073
   -118.399    34.4038
   -118.401    34.3985
   -118.402    34.3923
   -118.406    34.3865
   -118.414    34.3798
   -118.416    34.3743
   -118.417    34.3710
   -118.434    34.3756
   -118.449    34.3799
   -118.463    34.3841
   -118.478    34.3887
   -118.493    34.3944
   -118.506    34.4004
   -118.517    34.4058
   -118.524    34.4103
   -118.537    34.4171
   -118.549    34.4218
   -118.557    34.4236
   -118.570    34.4265
   -118.579    34.4271
   -118.584    34.4274
