   -118.748    34.4200
   -118.759    34.4210
   -118.769    34.4230
   -118.782    34.4251
   -118.792    34.4270
   -118.800    34.4282
   -118.811    34.4297
   -118.820    34.4311
   -118.827    34.4318
   -118.834    34.4332
   -118.833    34.4401
   -118.832    34.4469
   -118.830    34.4526
   -118.821    34.4523
   -118.808    34.4507
   -118.799    34.4494
   -118.786    34.4464
   -118.774    34.4442
   -118.760    34.4405
   -118.746    34.4376
   -118.735    34.4357
   -118.722    34.4345
   -118.710    34.4334
   -118.697    34.4312
   -118.688    34.4295
   -118.676    34.4284
   -118.671    34.4273
   -118.664    34.4258
   -118.669    34.4214
   -118.677    34.4174
   -118.683    34.4136
   -118.688    34.4108
   -118.692    34.4098
   -118.695    34.4099
   -118.702    34.4124
   -118.711    34.4144
   -118.715    34.4163
   -118.725    34.4171
   -118.733    34.4186
   -118.739    34.4191
   -118.743    34.4192
