 34.37400 -118.72000    2000.00
 34.37400 -118.71650    2000.00
 34.37400 -118.71300    2000.00
 34.37400 -118.70950    2000.00
 34.37400 -118.70600    2000.00
 34.37400 -118.70250    2000.00
 34.37400 -118.69901    2000.00
 34.37400 -118.69550    2000.00
 34.37400 -118.69200    2000.00
 34.37400 -118.68850    2000.00
 34.37400 -118.68500    2000.00
 34.37400 -118.68150    2000.00
 34.37400 -118.67800    2000.00
 34.37400 -118.67450    2000.00
 34.37400 -118.67101    2000.00
 34.37400 -118.66750    2000.00
 34.37400 -118.66400    2000.00
 34.37400 -118.66050    2000.00
 34.37400 -118.65700    2000.00
 34.37400 -118.65350    2000.00
 34.37400 -118.65000    2000.00
 34.37400 -118.64650    2000.00
 34.37400 -118.64301    2000.00
 34.37400 -118.63950    1966.67
 34.37400 -118.63600    1933.33
 34.37400 -118.63250    1900.00
 34.37400 -118.62900    1900.00
 34.37400 -118.62550    1900.00
 34.37400 -118.62200    1900.00
 34.37400 -118.61850    1900.00
 34.37400 -118.61501    1900.00
 34.37400 -118.61150    1900.00
 34.37400 -118.60800    1900.00
 34.37400 -118.60450    1900.00
 34.37400 -118.60100    1900.00
 34.37400 -118.59750    1600.00
 34.37400 -118.59400    1300.00
 34.37400 -118.59050    1000.00
 34.37400 -118.58701    1000.00
 34.37400 -118.58350    1000.00
 34.37400 -118.58000    1000.00
 34.37400 -118.57650    1000.00
 34.37400 -118.57300    1000.00
 34.37400 -118.56950    1000.00
 34.37400 -118.56600    1015.51
 34.37400 -118.56250    1062.02
 34.37400 -118.55901    1108.54
 34.37400 -118.55550    1139.55
 34.37400 -118.55200    1139.55
 34.37400 -118.54850    1139.55
 34.37400 -118.54500    1235.16
 34.37400 -118.54150    1083.31
 34.37400 -118.53800     931.46
 34.37400 -118.53450     684.00
 34.37400 -118.53101     684.00
 34.37400 -118.52750     684.00
 34.37400 -118.52400     684.00
 34.37400 -118.52050     684.00
 34.37400 -118.51700     684.00
 34.37400 -118.51350     684.00
 34.37400 -118.51000     684.00
 34.37102 -118.72000    2000.00
 34.37102 -118.71650    2000.00
 34.37102 -118.71300    2000.00
 34.37102 -118.70950    2000.00
 34.37102 -118.70600    2000.00
 34.37102 -118.70250    2000.00
 34.37102 -118.69901    2000.00
 34.37102 -118.69550    2000.00
 34.37102 -118.69200    2000.00
 34.37102 -118.68850    2000.00
 34.37102 -118.68500    2000.00
 34.37102 -118.68150    2000.00
 34.37102 -118.67800    2000.00
 34.37102 -118.67450    2000.00
 34.37102 -118.67101    2000.00
 34.37102 -118.66750    2000.00
 34.37102 -118.66400    2000.00
 34.37102 -118.66050    2000.00
 34.37102 -118.65700    2000.00
 34.37102 -118.65350    2000.00
 34.37102 -118.65000    2000.00
 34.37102 -118.64650    2000.00
 34.37102 -118.64301    2000.00
 34.37102 -118.63950    1966.67
 34.37102 -118.63600    1933.33
 34.37102 -118.63250    1900.00
 34.37102 -118.62900    1900.00
 34.37102 -118.62550    1900.00
 34.37102 -118.62200    1900.00
 34.37102 -118.61850    1900.00
 34.37102 -118.61501    1900.00
 34.37102 -118.61150    1900.00
 34.37102 -118.60800    1900.00
 34.37102 -118.60450    1800.00
 34.37102 -118.60100    1700.00
 34.37102 -118.59750    1400.00
 34.37102 -118.59400    1200.00
 34.37102 -118.59050    1000.00
 34.37102 -118.58701    1000.00
 34.37102 -118.58350    1000.00
 34.37102 -118.58000    1000.00
 34.37102 -118.57650    1000.00
 34.37102 -118.57300    1000.00
 34.37102 -118.56950    1015.51
 34.37102 -118.56600    1046.52
 34.37102 -118.56250    1093.03
 34.37102 -118.55901    1124.04
 34.37102 -118.55550    1139.55
 34.37102 -118.55200    1139.55
 34.37102 -118.54850    1235.16
 34.37102 -118.54500    1426.37
 34.37102 -118.54150    1274.52
 34.37102 -118.53800    1027.06
 34.37102 -118.53450     684.00
 34.37102 -118.53101     684.00
 34.37102 -118.52750     684.00
 34.37102 -118.52400     684.00
 34.37102 -118.52050     684.00
 34.37102 -118.51700     684.00
 34.37102 -118.51350     684.00
 34.37102 -118.51000     684.00
 34.36804 -118.72000    2000.00
 34.36804 -118.71650    2000.00
 34.36804 -118.71300    2000.00
 34.36804 -118.70950    2000.00
 34.36804 -118.70600    2000.00
 34.36804 -118.70250    2000.00
 34.36804 -118.69901    2000.00
 34.36804 -118.69550    2000.00
 34.36804 -118.69200    2000.00
 34.36804 -118.68850    1888.89
 34.36804 -118.68500    1888.89
 34.36804 -118.68150    1888.89
 34.36804 -118.67800    2000.00
 34.36804 -118.67450    2000.00
 34.36804 -118.67101    2000.00
 34.36804 -118.66750    2000.00
 34.36804 -118.66400    2000.00
 34.36804 -118.66050    2000.00
 34.36804 -118.65700    2000.00
 34.36804 -118.65350    2000.00
 34.36804 -118.65000    2000.00
 34.36804 -118.64650    2000.00
 34.36804 -118.64301    1988.89
 34.36804 -118.63950    1955.56
 34.36804 -118.63600    1922.22
 34.36804 -118.63250    1900.00
 34.36804 -118.62900    1900.00
 34.36804 -118.62550    1900.00
 34.36804 -118.62200    1900.00
 34.36804 -118.61850    1900.00
 34.36804 -118.61501    1900.00
 34.36804 -118.61150    1900.00
 34.36804 -118.60800    1800.00
 34.36804 -118.60450    1600.00
 34.36804 -118.60100    1400.00
 34.36804 -118.59750    1200.00
 34.36804 -118.59400    1115.51
 34.36804 -118.59050    1031.01
 34.36804 -118.58701    1046.52
 34.36804 -118.58350    1046.52
 34.36804 -118.58000    1046.52
 34.36804 -118.57650    1046.52
 34.36804 -118.57300    1046.52
 34.36804 -118.56950    1062.02
 34.36804 -118.56600    1093.03
 34.36804 -118.56250    1124.04
 34.36804 -118.55901    1139.55
 34.36804 -118.55550    1139.55
 34.36804 -118.55200    1235.16
 34.36804 -118.54850    1426.37
 34.36804 -118.54500    1713.18
 34.36804 -118.54150    1465.73
 34.36804 -118.53800    1122.67
 34.36804 -118.53450     684.00
 34.36804 -118.53101     684.00
 34.36804 -118.52750     684.00
 34.36804 -118.52400     684.00
 34.36804 -118.52050     684.00
 34.36804 -118.51700     684.00
 34.36804 -118.51350     684.00
 34.36804 -118.51000     684.00
 34.36506 -118.72000    1666.67
 34.36506 -118.71650    1666.67
 34.36506 -118.71300    1666.67
 34.36506 -118.70950    1666.67
 34.36506 -118.70600    1666.67
 34.36506 -118.70250    1666.67
 34.36506 -118.69901    1666.67
 34.36506 -118.69550    1666.67
 34.36506 -118.69200    1666.67
 34.36506 -118.68850    1555.56
 34.36506 -118.68500    1555.56
 34.36506 -118.68150    1555.56
 34.36506 -118.67800    1666.67
 34.36506 -118.67450    1666.67
 34.36506 -118.67101    1666.67
 34.36506 -118.66750    1777.78
 34.36506 -118.66400    1888.89
 34.36506 -118.66050    1888.89
 34.36506 -118.65700    1777.78
 34.36506 -118.65350    1666.67
 34.36506 -118.65000    1666.67
 34.36506 -118.64650    1777.78
 34.36506 -118.64301    1866.67
 34.36506 -118.63950    1944.44
 34.36506 -118.63600    1911.11
 34.36506 -118.63250    1900.00
 34.36506 -118.62900    1900.00
 34.36506 -118.62550    1900.00
 34.36506 -118.62200    1900.00
 34.36506 -118.61850    1900.00
 34.36506 -118.61501    1900.00
 34.36506 -118.61150    1800.00
 34.36506 -118.60800    1600.00
 34.36506 -118.60450    1300.00
 34.36506 -118.60100    1100.00
 34.36506 -118.59750    1000.00
 34.36506 -118.59400    1031.01
 34.36506 -118.59050    1062.02
 34.36506 -118.58701    1093.03
 34.36506 -118.58350    1093.03
 34.36506 -118.58000    1093.03
 34.36506 -118.57650    1093.03
 34.36506 -118.57300    1093.03
 34.36506 -118.56950    1108.54
 34.36506 -118.56600    1124.04
 34.36506 -118.56250    1139.55
 34.36506 -118.55901    1139.55
 34.36506 -118.55550    1235.16
 34.36506 -118.55200    1426.37
 34.36506 -118.54850    1713.18
 34.36506 -118.54500    1904.39
 34.36506 -118.54150    1561.33
 34.36506 -118.53800    1122.67
 34.36506 -118.53450     684.00
 34.36506 -118.53101     684.00
 34.36506 -118.52750     684.00
 34.36506 -118.52400     684.00
 34.36506 -118.52050     684.00
 34.36506 -118.51700     684.00
 34.36506 -118.51350     684.00
 34.36506 -118.51000     684.00
 34.36208 -118.72000    1333.33
 34.36208 -118.71650    1333.33
 34.36208 -118.71300    1333.33
 34.36208 -118.70950    1333.33
 34.36208 -118.70600    1333.33
 34.36208 -118.70250    1333.33
 34.36208 -118.69901    1333.33
 34.36208 -118.69550    1333.33
 34.36208 -118.69200    1333.33
 34.36208 -118.68850    1222.22
 34.36208 -118.68500    1222.22
 34.36208 -118.68150    1222.22
 34.36208 -118.67800    1333.33
 34.36208 -118.67450    1333.33
 34.36208 -118.67101    1333.33
 34.36208 -118.66750    1444.44
 34.36208 -118.66400    1555.56
 34.36208 -118.66050    1555.56
 34.36208 -118.65700    1444.44
 34.36208 -118.65350    1333.33
 34.36208 -118.65000    1333.33
 34.36208 -118.64650    1444.44
 34.36208 -118.64301    1633.33
 34.36208 -118.63950    1822.22
 34.36208 -118.63600    1900.00
 34.36208 -118.63250    1900.00
 34.36208 -118.62900    1900.00
 34.36208 -118.62550    1900.00
 34.36208 -118.62200    1900.00
 34.36208 -118.61850    1800.00
 34.36208 -118.61501    1700.00
 34.36208 -118.61150    1500.00
 34.36208 -118.60800    1300.00
 34.36208 -118.60450    1100.00
 34.36208 -118.60100    1000.00
 34.36208 -118.59750    1000.00
 34.36208 -118.59400    1046.52
 34.36208 -118.59050    1093.03
 34.36208 -118.58701    1139.55
 34.36208 -118.58350    1139.55
 34.36208 -118.58000    1139.55
 34.36208 -118.57650    1139.55
 34.36208 -118.57300    1235.16
 34.36208 -118.56950    1330.76
 34.36208 -118.56600    1426.37
 34.36208 -118.56250    1426.37
 34.36208 -118.55901    1426.37
 34.36208 -118.55550    1521.97
 34.36208 -118.55200    1713.18
 34.36208 -118.54850    1904.39
 34.36208 -118.54500    2000.00
 34.36208 -118.54150    1561.33
 34.36208 -118.53800    1122.67
 34.36208 -118.53450     684.00
 34.36208 -118.53101     684.00
 34.36208 -118.52750     684.00
 34.36208 -118.52400     684.00
 34.36208 -118.52050     684.00
 34.36208 -118.51700     684.00
 34.36208 -118.51350     684.00
 34.36208 -118.51000     684.00
 34.35910 -118.72000    1000.00
 34.35910 -118.71650    1000.00
 34.35910 -118.71300    1000.00
 34.35910 -118.70950    1000.00
 34.35910 -118.70600     888.89
 34.35910 -118.70250     888.89
 34.35910 -118.69901     888.89
 34.35910 -118.69550    1000.00
 34.35910 -118.69200    1000.00
 34.35910 -118.68850    1000.00
 34.35910 -118.68500    1000.00
 34.35910 -118.68150    1000.00
 34.35910 -118.67800    1000.00
 34.35910 -118.67450    1000.00
 34.35910 -118.67101    1000.00
 34.35910 -118.66750    1111.11
 34.35910 -118.66400    1222.22
 34.35910 -118.66050    1222.22
 34.35910 -118.65700    1111.11
 34.35910 -118.65350    1000.00
 34.35910 -118.65000    1000.00
 34.35910 -118.64650    1111.11
 34.35910 -118.64301    1311.11
 34.35910 -118.63950    1488.89
 34.35910 -118.63600    1677.78
 34.35910 -118.63250    1777.78
 34.35910 -118.62900    1900.00
 34.35910 -118.62550    1800.00
 34.35910 -118.62200    1700.00
 34.35910 -118.61850    1500.00
 34.35910 -118.61501    1400.00
 34.35910 -118.61150    1200.00
 34.35910 -118.60800    1100.00
 34.35910 -118.60450    1000.00
 34.35910 -118.60100    1000.00
 34.35910 -118.59750    1000.00
 34.35910 -118.59400    1046.52
 34.35910 -118.59050    1093.03
 34.35910 -118.58701    1139.55
 34.35910 -118.58350    1139.55
 34.35910 -118.58000    1139.55
 34.35910 -118.57650    1139.55
 34.35910 -118.57300    1330.76
 34.35910 -118.56950    1521.97
 34.35910 -118.56600    1713.18
 34.35910 -118.56250    1713.18
 34.35910 -118.55901    1713.18
 34.35910 -118.55550    1808.79
 34.35910 -118.55200    1904.39
 34.35910 -118.54850    1888.89
 34.35910 -118.54500    1777.78
 34.35910 -118.54150    1374.22
 34.35910 -118.53800    1046.67
 34.35910 -118.53450     719.11
 34.35910 -118.53101     684.00
 34.35910 -118.52750     684.00
 34.35910 -118.52400     684.00
 34.35910 -118.52050     684.00
 34.35910 -118.51700     684.00
 34.35910 -118.51350     684.00
 34.35910 -118.51000     684.00
 34.35612 -118.72000     666.67
 34.35612 -118.71650     666.67
 34.35612 -118.71300     666.67
 34.35612 -118.70950     666.67
 34.35612 -118.70600     555.56
 34.35612 -118.70250     555.56
 34.35612 -118.69901     555.56
 34.35612 -118.69550     666.67
 34.35612 -118.69200     666.67
 34.35612 -118.68850     666.67
 34.35612 -118.68500     666.67
 34.35612 -118.68150     666.67
 34.35612 -118.67800     666.67
 34.35612 -118.67450     666.67
 34.35612 -118.67101     777.78
 34.35612 -118.66750     888.89
 34.35612 -118.66400    1000.00
 34.35612 -118.66050    1000.00
 34.35612 -118.65700    1000.00
 34.35612 -118.65350     977.78
 34.35612 -118.65000     955.56
 34.35612 -118.64650     955.56
 34.35612 -118.64301    1055.56
 34.35612 -118.63950    1133.33
 34.35612 -118.63600    1333.33
 34.35612 -118.63250    1455.56
 34.35612 -118.62900    1600.00
 34.35612 -118.62550    1500.00
 34.35612 -118.62200    1400.00
 34.35612 -118.61850    1200.00
 34.35612 -118.61501    1100.00
 34.35612 -118.61150    1000.00
 34.35612 -118.60800    1000.00
 34.35612 -118.60450    1000.00
 34.35612 -118.60100    1000.00
 34.35612 -118.59750    1000.00
 34.35612 -118.59400    1046.52
 34.35612 -118.59050    1093.03
 34.35612 -118.58701    1139.55
 34.35612 -118.58350    1139.55
 34.35612 -118.58000    1139.55
 34.35612 -118.57650    1139.55
 34.35612 -118.57300    1426.37
 34.35612 -118.56950    1713.18
 34.35612 -118.56600    2000.00
 34.35612 -118.56250    2000.00
 34.35612 -118.55901    2000.00
 34.35612 -118.55550    2000.00
 34.35612 -118.55200    2000.00
 34.35612 -118.54850    1777.78
 34.35612 -118.54500    1555.56
 34.35612 -118.54150    1187.11
 34.35612 -118.53800     970.67
 34.35612 -118.53450     754.22
 34.35612 -118.53101     684.00
 34.35612 -118.52750     684.00
 34.35612 -118.52400     684.00
 34.35612 -118.52050     684.00
 34.35612 -118.51700     684.00
 34.35612 -118.51350     684.00
 34.35612 -118.51000     684.00
 34.35313 -118.72000     333.33
 34.35313 -118.71650     333.33
 34.35313 -118.71300     333.33
 34.35313 -118.70950     333.33
 34.35313 -118.70600     222.22
 34.35313 -118.70250     222.22
 34.35313 -118.69901     222.22
 34.35313 -118.69550     333.33
 34.35313 -118.69200     333.33
 34.35313 -118.68850     333.33
 34.35313 -118.68500     333.33
 34.35313 -118.68150     333.33
 34.35313 -118.67800     333.33
 34.35313 -118.67450     333.33
 34.35313 -118.67101     444.44
 34.35313 -118.66750     666.67
 34.35313 -118.66400     888.89
 34.35313 -118.66050    1000.00
 34.35313 -118.65700    1000.00
 34.35313 -118.65350     977.78
 34.35313 -118.65000     955.56
 34.35313 -118.64650     933.33
 34.35313 -118.64301     911.11
 34.35313 -118.63950     866.67
 34.35313 -118.63600     988.89
 34.35313 -118.63250    1133.33
 34.35313 -118.62900    1300.00
 34.35313 -118.62550    1200.00
 34.35313 -118.62200    1100.00
 34.35313 -118.61850    1000.00
 34.35313 -118.61501    1000.00
 34.35313 -118.61150    1000.00
 34.35313 -118.60800    1000.00
 34.35313 -118.60450    1000.00
 34.35313 -118.60100    1000.00
 34.35313 -118.59750    1000.00
 34.35313 -118.59400    1046.52
 34.35313 -118.59050    1093.03
 34.35313 -118.58701    1139.55
 34.35313 -118.58350    1139.55
 34.35313 -118.58000    1139.55
 34.35313 -118.57650    1139.55
 34.35313 -118.57300    1426.37
 34.35313 -118.56950    1713.18
 34.35313 -118.56600    2000.00
 34.35313 -118.56250    2000.00
 34.35313 -118.55901    2000.00
 34.35313 -118.55550    2000.00
 34.35313 -118.55200    2000.00
 34.35313 -118.54850    1666.67
 34.35313 -118.54500    1333.33
 34.35313 -118.54150    1000.00
 34.35313 -118.53800     894.67
 34.35313 -118.53450     789.33
 34.35313 -118.53101     684.00
 34.35313 -118.52750     684.00
 34.35313 -118.52400     684.00
 34.35313 -118.52050     684.00
 34.35313 -118.51700     684.00
 34.35313 -118.51350     684.00
 34.35313 -118.51000     684.00
 34.35015 -118.72000       0.00
 34.35015 -118.71650       0.00
 34.35015 -118.71300       0.00
 34.35015 -118.70950       0.00
 34.35015 -118.70600       0.00
 34.35015 -118.70250       0.00
 34.35015 -118.69901       0.00
 34.35015 -118.69550       0.00
 34.35015 -118.69200       0.00
 34.35015 -118.68850       0.00
 34.35015 -118.68500       0.00
 34.35015 -118.68150       0.00
 34.35015 -118.67800       0.00
 34.35015 -118.67450       0.00
 34.35015 -118.67101     111.11
 34.35015 -118.66750     444.44
 34.35015 -118.66400     777.78
 34.35015 -118.66050    1000.00
 34.35015 -118.65700    1000.00
 34.35015 -118.65350     977.78
 34.35015 -118.65000     955.56
 34.35015 -118.64650     911.11
 34.35015 -118.64301     866.67
 34.35015 -118.63950     844.44
 34.35015 -118.63600     888.89
 34.35015 -118.63250     955.56
 34.35015 -118.62900    1000.00
 34.35015 -118.62550    1000.00
 34.35015 -118.62200    1000.00
 34.35015 -118.61850    1000.00
 34.35015 -118.61501    1000.00
 34.35015 -118.61150    1000.00
 34.35015 -118.60800    1000.00
 34.35015 -118.60450    1000.00
 34.35015 -118.60100    1000.00
 34.35015 -118.59750    1000.00
 34.35015 -118.59400    1046.52
 34.35015 -118.59050    1093.03
 34.35015 -118.58701    1139.55
 34.35015 -118.58350    1139.55
 34.35015 -118.58000    1139.55
 34.35015 -118.57650    1235.16
 34.35015 -118.57300    1521.97
 34.35015 -118.56950    1808.79
 34.35015 -118.56600    2000.00
 34.35015 -118.56250    2000.00
 34.35015 -118.55901    2000.00
 34.35015 -118.55550    2000.00
 34.35015 -118.55200    2000.00
 34.35015 -118.54850    1666.67
 34.35015 -118.54500    1333.33
 34.35015 -118.54150    1000.00
 34.35015 -118.53800     894.67
 34.35015 -118.53450     789.33
 34.35015 -118.53101     684.00
 34.35015 -118.52750     684.00
 34.35015 -118.52400     684.00
 34.35015 -118.52050     684.00
 34.35015 -118.51700     684.00
 34.35015 -118.51350     684.00
 34.35015 -118.51000     684.00
 34.34718 -118.72000       0.00
 34.34718 -118.71650       0.00
 34.34718 -118.71300       0.00
 34.34718 -118.70950       0.00
 34.34718 -118.70600       0.00
 34.34718 -118.70250       0.00
 34.34718 -118.69901       0.00
 34.34718 -118.69550       0.00
 34.34718 -118.69200       0.00
 34.34718 -118.68850       0.00
 34.34718 -118.68500       0.00
 34.34718 -118.68150       0.00
 34.34718 -118.67800       0.00
 34.34718 -118.67450       0.00
 34.34718 -118.67101       0.00
 34.34718 -118.66750     333.33
 34.34718 -118.66400     666.67
 34.34718 -118.66050    1000.00
 34.34718 -118.65700    1000.00
 34.34718 -118.65350    1000.00
 34.34718 -118.65000    1000.00
 34.34718 -118.64650     933.33
 34.34718 -118.64301     866.67
 34.34718 -118.63950     844.44
 34.34718 -118.63600     911.11
 34.34718 -118.63250     977.78
 34.34718 -118.62900    1000.00
 34.34718 -118.62550    1000.00
 34.34718 -118.62200    1000.00
 34.34718 -118.61850    1000.00
 34.34718 -118.61501    1000.00
 34.34718 -118.61150    1000.00
 34.34718 -118.60800    1000.00
 34.34718 -118.60450    1000.00
 34.34718 -118.60100    1000.00
 34.34718 -118.59750    1000.00
 34.34718 -118.59400    1046.52
 34.34718 -118.59050    1093.03
 34.34718 -118.58701    1139.55
 34.34718 -118.58350    1139.55
 34.34718 -118.58000    1139.55
 34.34718 -118.57650    1219.65
 34.34718 -118.57300    1506.47
 34.34718 -118.56950    1793.28
 34.34718 -118.56600    2000.00
 34.34718 -118.56250    2000.00
 34.34718 -118.55901    2000.00
 34.34718 -118.55550    2000.00
 34.34718 -118.55200    2000.00
 34.34718 -118.54850    1666.67
 34.34718 -118.54500    1333.33
 34.34718 -118.54150    1000.00
 34.34718 -118.53800     894.67
 34.34718 -118.53450     789.33
 34.34718 -118.53101     684.00
 34.34718 -118.52750     684.00
 34.34718 -118.52400     684.00
 34.34718 -118.52050     684.00
 34.34718 -118.51700     684.00
 34.34718 -118.51350     684.00
 34.34718 -118.51000     684.00
 34.34419 -118.72000       0.00
 34.34419 -118.71650       0.00
 34.34419 -118.71300       0.00
 34.34419 -118.70950       0.00
 34.34419 -118.70600       0.00
 34.34419 -118.70250       0.00
 34.34419 -118.69901       0.00
 34.34419 -118.69550       0.00
 34.34419 -118.69200       0.00
 34.34419 -118.68850       0.00
 34.34419 -118.68500       0.00
 34.34419 -118.68150       0.00
 34.34419 -118.67800       0.00
 34.34419 -118.67450       0.00
 34.34419 -118.67101       0.00
 34.34419 -118.66750     333.33
 34.34419 -118.66400     666.67
 34.34419 -118.66050    1000.00
 34.34419 -118.65700    1000.00
 34.34419 -118.65350    1000.00
 34.34419 -118.65000    1000.00
 34.34419 -118.64650     933.33
 34.34419 -118.64301     888.89
 34.34419 -118.63950     888.89
 34.34419 -118.63600     955.56
 34.34419 -118.63250    1000.00
 34.34419 -118.62900    1000.00
 34.34419 -118.62550    1000.00
 34.34419 -118.62200    1000.00
 34.34419 -118.61850    1000.00
 34.34419 -118.61501    1000.00
 34.34419 -118.61150    1000.00
 34.34419 -118.60800    1000.00
 34.34419 -118.60450    1000.00
 34.34419 -118.60100    1000.00
 34.34419 -118.59750    1000.00
 34.34419 -118.59400    1046.52
 34.34419 -118.59050    1093.03
 34.34419 -118.58701    1139.55
 34.34419 -118.58350    1139.55
 34.34419 -118.58000    1139.55
 34.34419 -118.57650    1204.14
 34.34419 -118.57300    1490.96
 34.34419 -118.56950    1777.78
 34.34419 -118.56600    2000.00
 34.34419 -118.56250    2000.00
 34.34419 -118.55901    2000.00
 34.34419 -118.55550    2000.00
 34.34419 -118.55200    2000.00
 34.34419 -118.54850    1666.67
 34.34419 -118.54500    1333.33
 34.34419 -118.54150    1000.00
 34.34419 -118.53800     894.67
 34.34419 -118.53450     789.33
 34.34419 -118.53101     684.00
 34.34419 -118.52750     684.00
 34.34419 -118.52400     684.00
 34.34419 -118.52050     684.00
 34.34419 -118.51700     684.00
 34.34419 -118.51350     684.00
 34.34419 -118.51000     684.00
 34.34121 -118.72000       0.00
 34.34121 -118.71650       0.00
 34.34121 -118.71300       0.00
 34.34121 -118.70950       0.00
 34.34121 -118.70600       0.00
 34.34121 -118.70250       0.00
 34.34121 -118.69901       0.00
 34.34121 -118.69550       0.00
 34.34121 -118.69200       0.00
 34.34121 -118.68850       0.00
 34.34121 -118.68500       0.00
 34.34121 -118.68150       0.00
 34.34121 -118.67800       0.00
 34.34121 -118.67450       0.00
 34.34121 -118.67101       0.00
 34.34121 -118.66750     333.33
 34.34121 -118.66400     666.67
 34.34121 -118.66050    1000.00
 34.34121 -118.65700    1000.00
 34.34121 -118.65350    1000.00
 34.34121 -118.65000     977.78
 34.34121 -118.64650     933.33
 34.34121 -118.64301     911.11
 34.34121 -118.63950     933.33
 34.34121 -118.63600     977.78
 34.34121 -118.63250    1000.00
 34.34121 -118.62900    1000.00
 34.34121 -118.62550    1000.00
 34.34121 -118.62200    1000.00
 34.34121 -118.61850    1000.00
 34.34121 -118.61501    1000.00
 34.34121 -118.61150    1000.00
 34.34121 -118.60800    1000.00
 34.34121 -118.60450    1000.00
 34.34121 -118.60100    1000.00
 34.34121 -118.59750    1000.00
 34.34121 -118.59400    1046.52
 34.34121 -118.59050    1093.03
 34.34121 -118.58701    1139.55
 34.34121 -118.58350    1139.55
 34.34121 -118.58000    1124.04
 34.34121 -118.57650    1077.53
 34.34121 -118.57300    1364.34
 34.34121 -118.56950    1666.67
 34.34121 -118.56600    2000.00
 34.34121 -118.56250    2000.00
 34.34121 -118.55901    2000.00
 34.34121 -118.55550    2000.00
 34.34121 -118.55200    2000.00
 34.34121 -118.54850    1666.67
 34.34121 -118.54500    1333.33
 34.34121 -118.54150    1000.00
 34.34121 -118.53800     894.67
 34.34121 -118.53450     789.33
 34.34121 -118.53101     684.00
 34.34121 -118.52750     684.00
 34.34121 -118.52400     684.00
 34.34121 -118.52050     684.00
 34.34121 -118.51700     684.00
 34.34121 -118.51350     684.00
 34.34121 -118.51000     684.00
 34.33823 -118.72000       0.00
 34.33823 -118.71650       0.00
 34.33823 -118.71300       0.00
 34.33823 -118.70950       0.00
 34.33823 -118.70600       0.00
 34.33823 -118.70250       0.00
 34.33823 -118.69901       0.00
 34.33823 -118.69550       0.00
 34.33823 -118.69200       0.00
 34.33823 -118.68850       0.00
 34.33823 -118.68500       0.00
 34.33823 -118.68150       0.00
 34.33823 -118.67800       0.00
 34.33823 -118.67450       0.00
 34.33823 -118.67101       0.00
 34.33823 -118.66750     333.33
 34.33823 -118.66400     666.67
 34.33823 -118.66050    1000.00
 34.33823 -118.65700    1000.00
 34.33823 -118.65350    1000.00
 34.33823 -118.65000     977.78
 34.33823 -118.64650     955.56
 34.33823 -118.64301     955.56
 34.33823 -118.63950     977.78
 34.33823 -118.63600    1000.00
 34.33823 -118.63250    1000.00
 34.33823 -118.62900    1000.00
 34.33823 -118.62550    1000.00
 34.33823 -118.62200    1000.00
 34.33823 -118.61850    1000.00
 34.33823 -118.61501    1000.00
 34.33823 -118.61150    1000.00
 34.33823 -118.60800    1000.00
 34.33823 -118.60450    1000.00
 34.33823 -118.60100    1000.00
 34.33823 -118.59750    1000.00
 34.33823 -118.59400    1046.52
 34.33823 -118.59050    1093.03
 34.33823 -118.58701    1139.55
 34.33823 -118.58350    1124.04
 34.33823 -118.58000    1093.03
 34.33823 -118.57650    1046.52
 34.33823 -118.57300    1348.84
 34.33823 -118.56950    1666.67
 34.33823 -118.56600    2000.00
 34.33823 -118.56250    2000.00
 34.33823 -118.55901    2000.00
 34.33823 -118.55550    2000.00
 34.33823 -118.55200    1888.89
 34.33823 -118.54850    1555.56
 34.33823 -118.54500    1222.22
 34.33823 -118.54150    1000.00
 34.33823 -118.53800     929.78
 34.33823 -118.53450     824.44
 34.33823 -118.53101     719.11
 34.33823 -118.52750     684.00
 34.33823 -118.52400     684.00
 34.33823 -118.52050     684.00
 34.33823 -118.51700     684.00
 34.33823 -118.51350     684.00
 34.33823 -118.51000     684.00
 34.33525 -118.72000       0.00
 34.33525 -118.71650       0.00
 34.33525 -118.71300       0.00
 34.33525 -118.70950       0.00
 34.33525 -118.70600       0.00
 34.33525 -118.70250       0.00
 34.33525 -118.69901       0.00
 34.33525 -118.69550       0.00
 34.33525 -118.69200       0.00
 34.33525 -118.68850       0.00
 34.33525 -118.68500       0.00
 34.33525 -118.68150       0.00
 34.33525 -118.67800       0.00
 34.33525 -118.67450       0.00
 34.33525 -118.67101       0.00
 34.33525 -118.66750     333.33
 34.33525 -118.66400     666.67
 34.33525 -118.66050    1000.00
 34.33525 -118.65700    1000.00
 34.33525 -118.65350    1000.00
 34.33525 -118.65000     977.78
 34.33525 -118.64650     977.78
 34.33525 -118.64301     977.78
 34.33525 -118.63950    1000.00
 34.33525 -118.63600    1000.00
 34.33525 -118.63250    1000.00
 34.33525 -118.62900    1000.00
 34.33525 -118.62550    1000.00
 34.33525 -118.62200    1000.00
 34.33525 -118.61850    1000.00
 34.33525 -118.61501    1000.00
 34.33525 -118.61150    1000.00
 34.33525 -118.60800    1000.00
 34.33525 -118.60450    1000.00
 34.33525 -118.60100    1000.00
 34.33525 -118.59750     998.11
 34.33525 -118.59400    1035.37
 34.33525 -118.59050    1072.62
 34.33525 -118.58701    1105.52
 34.33525 -118.58350    1083.77
 34.33525 -118.58000    1046.52
 34.33525 -118.57650    1015.51
 34.33525 -118.57300    1222.22
 34.33525 -118.56950    1555.56
 34.33525 -118.56600    1888.89
 34.33525 -118.56250    2000.00
 34.33525 -118.55901    2000.00
 34.33525 -118.55550    2000.00
 34.33525 -118.55200    1777.78
 34.33525 -118.54850    1444.44
 34.33525 -118.54500    1111.11
 34.33525 -118.54150    1000.00
 34.33525 -118.53800     964.89
 34.33525 -118.53450     859.56
 34.33525 -118.53101     754.22
 34.33525 -118.52750     684.00
 34.33525 -118.52400     684.00
 34.33525 -118.52050     684.00
 34.33525 -118.51700     684.00
 34.33525 -118.51350     684.00
 34.33525 -118.51000     684.00
 34.33227 -118.72000       0.00
 34.33227 -118.71650       0.00
 34.33227 -118.71300       0.00
 34.33227 -118.70950       0.00
 34.33227 -118.70600       0.00
 34.33227 -118.70250       0.00
 34.33227 -118.69901       0.00
 34.33227 -118.69550       0.00
 34.33227 -118.69200       0.00
 34.33227 -118.68850       0.00
 34.33227 -118.68500       0.00
 34.33227 -118.68150       0.00
 34.33227 -118.67800       0.00
 34.33227 -118.67450       0.00
 34.33227 -118.67101     111.11
 34.33227 -118.66750     444.44
 34.33227 -118.66400     777.78
 34.33227 -118.66050    1000.00
 34.33227 -118.65700    1000.00
 34.33227 -118.65350    1000.00
 34.33227 -118.65000    1000.00
 34.33227 -118.64650    1000.00
 34.33227 -118.64301    1000.00
 34.33227 -118.63950    1000.00
 34.33227 -118.63600    1000.00
 34.33227 -118.63250    1000.00
 34.33227 -118.62900    1000.00
 34.33227 -118.62550    1000.00
 34.33227 -118.62200    1000.00
 34.33227 -118.61850    1000.00
 34.33227 -118.61501    1000.00
 34.33227 -118.61150    1000.00
 34.33227 -118.60800    1000.00
 34.33227 -118.60450    1000.00
 34.33227 -118.60100    1037.89
 34.33227 -118.59750    1037.25
 34.33227 -118.59400    1059.00
 34.33227 -118.59050    1042.86
 34.33227 -118.58701    1059.00
 34.33227 -118.58350    1037.25
 34.33227 -118.58000    1015.51
 34.33227 -118.57650    1000.00
 34.33227 -118.57300    1111.11
 34.33227 -118.56950    1444.44
 34.33227 -118.56600    1777.78
 34.33227 -118.56250    2000.00
 34.33227 -118.55901    2000.00
 34.33227 -118.55550    2000.00
 34.33227 -118.55200    1777.78
 34.33227 -118.54850    1444.44
 34.33227 -118.54500    1111.11
 34.33227 -118.54150    1000.00
 34.33227 -118.53800    1000.00
 34.33227 -118.53450     894.67
 34.33227 -118.53101     789.33
 34.33227 -118.52750     684.00
 34.33227 -118.52400     684.00
 34.33227 -118.52050     684.00
 34.33227 -118.51700     684.00
 34.33227 -118.51350     684.00
 34.33227 -118.51000     684.00
 34.32929 -118.72000       0.00
 34.32929 -118.71650       0.00
 34.32929 -118.71300       0.00
 34.32929 -118.70950       0.00
 34.32929 -118.70600       0.00
 34.32929 -118.70250       0.00
 34.32929 -118.69901       0.00
 34.32929 -118.69550       0.00
 34.32929 -118.69200       0.00
 34.32929 -118.68850       0.00
 34.32929 -118.68500       0.00
 34.32929 -118.68150       0.00
 34.32929 -118.67800       0.00
 34.32929 -118.67450       0.00
 34.32929 -118.67101     222.22
 34.32929 -118.66750     555.56
 34.32929 -118.66400     888.89
 34.32929 -118.66050    1000.00
 34.32929 -118.65700    1000.00
 34.32929 -118.65350    1000.00
 34.32929 -118.65000    1000.00
 34.32929 -118.64650    1000.00
 34.32929 -118.64301    1000.00
 34.32929 -118.63950    1000.00
 34.32929 -118.63600    1000.00
 34.32929 -118.63250    1000.00
 34.32929 -118.62900    1000.00
 34.32929 -118.62550    1000.00
 34.32929 -118.62200    1000.00
 34.32929 -118.61850    1000.00
 34.32929 -118.61501    1000.00
 34.32929 -118.61150    1000.00
 34.32929 -118.60800    1000.00
 34.32929 -118.60450    1037.89
 34.32929 -118.60100    1113.66
 34.32929 -118.59750    1114.27
 34.32929 -118.59400    1082.62
 34.32929 -118.59050    1013.10
 34.32929 -118.58701    1012.48
 34.32929 -118.58350    1006.24
 34.32929 -118.58000    1000.00
 34.32929 -118.57650    1000.00
 34.32929 -118.57300    1000.00
 34.32929 -118.56950    1333.33
 34.32929 -118.56600    1666.67
 34.32929 -118.56250    2000.00
 34.32929 -118.55901    2000.00
 34.32929 -118.55550    2000.00
 34.32929 -118.55200    1888.89
 34.32929 -118.54850    1555.56
 34.32929 -118.54500    1222.22
 34.32929 -118.54150    1000.00
 34.32929 -118.53800    1000.00
 34.32929 -118.53450     881.67
 34.32929 -118.53101     763.33
 34.32929 -118.52750     645.00
 34.32929 -118.52400     645.00
 34.32929 -118.52050     645.00
 34.32929 -118.51700     645.00
 34.32929 -118.51350     645.00
 34.32929 -118.51000     645.00
 34.32631 -118.72000       0.00
 34.32631 -118.71650       0.00
 34.32631 -118.71300       0.00
 34.32631 -118.70950       0.00
 34.32631 -118.70600       0.00
 34.32631 -118.70250       0.00
 34.32631 -118.69901       0.00
 34.32631 -118.69550       0.00
 34.32631 -118.69200       0.00
 34.32631 -118.68850       0.00
 34.32631 -118.68500       0.00
 34.32631 -118.68150       0.00
 34.32631 -118.67800       0.00
 34.32631 -118.67450       0.00
 34.32631 -118.67101     333.33
 34.32631 -118.66750     666.67
 34.32631 -118.66400    1000.00
 34.32631 -118.66050    1000.00
 34.32631 -118.65700    1000.00
 34.32631 -118.65350    1000.00
 34.32631 -118.65000    1000.00
 34.32631 -118.64650    1000.00
 34.32631 -118.64301    1000.00
 34.32631 -118.63950    1000.00
 34.32631 -118.63600    1000.00
 34.32631 -118.63250    1000.00
 34.32631 -118.62900    1000.00
 34.32631 -118.62550    1000.00
 34.32631 -118.62200    1000.00
 34.32631 -118.61850    1000.00
 34.32631 -118.61501    1000.00
 34.32631 -118.61150    1037.89
 34.32631 -118.60800    1075.77
 34.32631 -118.60450    1151.54
 34.32631 -118.60100    1227.31
 34.32631 -118.59750    1229.81
 34.32631 -118.59400    1154.04
 34.32631 -118.59050    1040.38
 34.32631 -118.58701    1000.00
 34.32631 -118.58350    1000.00
 34.32631 -118.58000    1000.00
 34.32631 -118.57650    1000.00
 34.32631 -118.57300    1000.00
 34.32631 -118.56950    1222.22
 34.32631 -118.56600    1500.87
 34.32631 -118.56250    1822.99
 34.32631 -118.55901    1934.10
 34.32631 -118.55550    1988.79
 34.32631 -118.55200    2000.00
 34.32631 -118.54850    1666.67
 34.32631 -118.54500    1333.33
 34.32631 -118.54150    1000.00
 34.32631 -118.53800    1000.00
 34.32631 -118.53450     834.56
 34.32631 -118.53101     669.11
 34.32631 -118.52750     503.67
 34.32631 -118.52400     503.67
 34.32631 -118.52050     503.67
 34.32631 -118.51700     503.67
 34.32631 -118.51350     503.67
 34.32631 -118.51000     503.67
 34.32333 -118.72000       0.00
 34.32333 -118.71650       0.00
 34.32333 -118.71300       0.00
 34.32333 -118.70950       0.00
 34.32333 -118.70600       0.00
 34.32333 -118.70250       0.00
 34.32333 -118.69901       0.00
 34.32333 -118.69550       0.00
 34.32333 -118.69200       0.00
 34.32333 -118.68850       0.00
 34.32333 -118.68500       0.00
 34.32333 -118.68150       0.00
 34.32333 -118.67800       0.00
 34.32333 -118.67450       0.00
 34.32333 -118.67101     333.33
 34.32333 -118.66750     666.67
 34.32333 -118.66400    1000.00
 34.32333 -118.66050    1000.00
 34.32333 -118.65700    1000.00
 34.32333 -118.65350    1000.00
 34.32333 -118.65000    1000.00
 34.32333 -118.64650    1000.00
 34.32333 -118.64301    1000.00
 34.32333 -118.63950    1000.00
 34.32333 -118.63600    1000.00
 34.32333 -118.63250    1000.00
 34.32333 -118.62900    1000.00
 34.32333 -118.62550    1000.00
 34.32333 -118.62200    1000.00
 34.32333 -118.61850    1000.00
 34.32333 -118.61501    1000.00
 34.32333 -118.61150    1075.77
 34.32333 -118.60800    1151.54
 34.32333 -118.60450    1265.20
 34.32333 -118.60100    1303.08
 34.32333 -118.59750    1304.33
 34.32333 -118.59400    1190.68
 34.32333 -118.59050    1077.02
 34.32333 -118.58701    1000.00
 34.32333 -118.58350    1000.00
 34.32333 -118.58000    1000.00
 34.32333 -118.57650    1000.00
 34.32333 -118.57300    1000.00
 34.32333 -118.56950    1137.23
 34.32333 -118.56600    1330.89
 34.32333 -118.56250    1641.80
 34.32333 -118.55901    1837.90
 34.32333 -118.55550    1977.58
 34.32333 -118.55200    2000.00
 34.32333 -118.54850    1777.78
 34.32333 -118.54500    1444.44
 34.32333 -118.54150    1111.11
 34.32333 -118.53800    1000.00
 34.32333 -118.53450     789.56
 34.32333 -118.53101     579.11
 34.32333 -118.52750     368.67
 34.32333 -118.52400     368.67
 34.32333 -118.52050     368.67
 34.32333 -118.51700     368.67
 34.32333 -118.51350     368.67
 34.32333 -118.51000     368.67
 34.32035 -118.72000       0.00
 34.32035 -118.71650       0.00
 34.32035 -118.71300       0.00
 34.32035 -118.70950       0.00
 34.32035 -118.70600       0.00
 34.32035 -118.70250       0.00
 34.32035 -118.69901       0.00
 34.32035 -118.69550     111.11
 34.32035 -118.69200     222.22
 34.32035 -118.68850     333.33
 34.32035 -118.68500     333.33
 34.32035 -118.68150     333.33
 34.32035 -118.67800     333.33
 34.32035 -118.67450     333.33
 34.32035 -118.67101     555.56
 34.32035 -118.66750     777.78
 34.32035 -118.66400    1000.00
 34.32035 -118.66050    1000.00
 34.32035 -118.65700    1000.00
 34.32035 -118.65350    1000.00
 34.32035 -118.65000    1000.00
 34.32035 -118.64650    1000.00
 34.32035 -118.64301    1000.00
 34.32035 -118.63950    1000.00
 34.32035 -118.63600    1000.00
 34.32035 -118.63250    1000.00
 34.32035 -118.62900    1000.00
 34.32035 -118.62550    1000.00
 34.32035 -118.62200    1000.00
 34.32035 -118.61850    1000.00
 34.32035 -118.61501    1037.89
 34.32035 -118.61150    1151.54
 34.32035 -118.60800    1265.20
 34.32035 -118.60450    1340.97
 34.32035 -118.60100    1340.97
 34.32035 -118.59750    1340.97
 34.32035 -118.59400    1265.20
 34.32035 -118.59050    1151.54
 34.32035 -118.58701    1037.89
 34.32035 -118.58350    1000.00
 34.32035 -118.58000    1000.00
 34.32035 -118.57650    1000.00
 34.32035 -118.57300    1000.00
 34.32035 -118.56950    1084.78
 34.32035 -118.56600    1225.99
 34.32035 -118.56250    1484.45
 34.32035 -118.55901    1733.00
 34.32035 -118.55550    1925.13
 34.32035 -118.55200    2000.00
 34.32035 -118.54850    1888.89
 34.32035 -118.54500    1555.56
 34.32035 -118.54150    1222.22
 34.32035 -118.53800    1000.00
 34.32035 -118.53450     757.56
 34.32035 -118.53101     515.11
 34.32035 -118.52750     272.67
 34.32035 -118.52400     272.67
 34.32035 -118.52050     272.67
 34.32035 -118.51700     272.67
 34.32035 -118.51350     272.67
 34.32035 -118.51000     272.67
 34.31737 -118.72000       0.00
 34.31737 -118.71650       0.00
 34.31737 -118.71300       0.00
 34.31737 -118.70950       0.00
 34.31737 -118.70600       0.00
 34.31737 -118.70250       0.00
 34.31737 -118.69901     111.11
 34.31737 -118.69550     333.33
 34.31737 -118.69200     555.56
 34.31737 -118.68850     666.67
 34.31737 -118.68500     666.67
 34.31737 -118.68150     666.67
 34.31737 -118.67800     666.67
 34.31737 -118.67450     666.67
 34.31737 -118.67101     777.78
 34.31737 -118.66750     888.89
 34.31737 -118.66400    1000.00
 34.31737 -118.66050    1000.00
 34.31737 -118.65700    1000.00
 34.31737 -118.65350    1000.00
 34.31737 -118.65000    1000.00
 34.31737 -118.64650    1000.00
 34.31737 -118.64301    1000.00
 34.31737 -118.63950    1000.00
 34.31737 -118.63600    1000.00
 34.31737 -118.63250    1000.00
 34.31737 -118.62900    1000.00
 34.31737 -118.62550    1000.00
 34.31737 -118.62200    1000.00
 34.31737 -118.61850    1000.00
 34.31737 -118.61501    1075.77
 34.31737 -118.61150    1189.43
 34.31737 -118.60800    1303.08
 34.31737 -118.60450    1340.97
 34.31737 -118.60100    1340.97
 34.31737 -118.59750    1340.97
 34.31737 -118.59400    1303.08
 34.31737 -118.59050    1189.43
 34.31737 -118.58701    1075.77
 34.31737 -118.58350    1111.11
 34.31737 -118.58000    1222.22
 34.31737 -118.57650    1333.33
 34.31737 -118.57300    1333.33
 34.31737 -118.56950    1418.12
 34.31737 -118.56600    1470.23
 34.31737 -118.56250    1596.11
 34.31737 -118.55901    1733.55
 34.31737 -118.55550    1903.67
 34.31737 -118.55200    2000.00
 34.31737 -118.54850    2000.00
 34.31737 -118.54500    1777.78
 34.31737 -118.54150    1555.56
 34.31737 -118.53800    1333.33
 34.31737 -118.53450     950.89
 34.31737 -118.53101     601.67
 34.31737 -118.52750     252.44
 34.31737 -118.52400     285.67
 34.31737 -118.52050     285.67
 34.31737 -118.51700     285.67
 34.31737 -118.51350     285.67
 34.31737 -118.51000     285.67
 34.31438 -118.72000       0.00
 34.31438 -118.71650       0.00
 34.31438 -118.71300       0.00
 34.31438 -118.70950       0.00
 34.31438 -118.70600       0.00
 34.31438 -118.70250     111.11
 34.31438 -118.69901     333.33
 34.31438 -118.69550     666.67
 34.31438 -118.69200     888.89
 34.31438 -118.68850    1000.00
 34.31438 -118.68500    1000.00
 34.31438 -118.68150    1000.00
 34.31438 -118.67800    1000.00
 34.31438 -118.67450    1000.00
 34.31438 -118.67101    1000.00
 34.31438 -118.66750    1000.00
 34.31438 -118.66400    1000.00
 34.31438 -118.66050    1000.00
 34.31438 -118.65700    1000.00
 34.31438 -118.65350    1000.00
 34.31438 -118.65000    1000.00
 34.31438 -118.64650    1000.00
 34.31438 -118.64301    1000.00
 34.31438 -118.63950    1000.00
 34.31438 -118.63600    1000.00
 34.31438 -118.63250    1000.00
 34.31438 -118.62900    1000.00
 34.31438 -118.62550    1000.00
 34.31438 -118.62200    1000.00
 34.31438 -118.61850    1037.89
 34.31438 -118.61501    1151.54
 34.31438 -118.61150    1265.20
 34.31438 -118.60800    1340.97
 34.31438 -118.60450    1340.97
 34.31438 -118.60100    1340.97
 34.31438 -118.59750    1340.97
 34.31438 -118.59400    1340.97
 34.31438 -118.59050    1227.31
 34.31438 -118.58701    1224.77
 34.31438 -118.58350    1333.33
 34.31438 -118.58000    1555.56
 34.31438 -118.57650    1666.67
 34.31438 -118.57300    1666.67
 34.31438 -118.56950    1725.33
 34.31438 -118.56600    1736.98
 34.31438 -118.56250    1748.63
 34.31438 -118.55901    1801.08
 34.31438 -118.55550    1900.54
 34.31438 -118.55200    2000.00
 34.31438 -118.54850    1888.89
 34.31438 -118.54500    1666.67
 34.31438 -118.54150    1444.44
 34.31438 -118.53800    1333.33
 34.31438 -118.53450     919.89
 34.31438 -118.53101     539.67
 34.31438 -118.52750     177.44
 34.31438 -118.52400     228.67
 34.31438 -118.52050     246.67
 34.31438 -118.51700     246.67
 34.31438 -118.51350     246.67
 34.31438 -118.51000     246.67
 34.31141 -118.72000       0.00
 34.31141 -118.71650       0.00
 34.31141 -118.71300       0.00
 34.31141 -118.70950       0.00
 34.31141 -118.70600     111.11
 34.31141 -118.70250     333.33
 34.31141 -118.69901     666.67
 34.31141 -118.69550     888.89
 34.31141 -118.69200    1000.00
 34.31141 -118.68850    1000.00
 34.31141 -118.68500    1000.00
 34.31141 -118.68150    1000.00
 34.31141 -118.67800    1000.00
 34.31141 -118.67450    1000.00
 34.31141 -118.67101    1000.00
 34.31141 -118.66750    1000.00
 34.31141 -118.66400    1000.00
 34.31141 -118.66050    1000.00
 34.31141 -118.65700    1000.00
 34.31141 -118.65350    1000.00
 34.31141 -118.65000    1000.00
 34.31141 -118.64650    1000.00
 34.31141 -118.64301    1000.00
 34.31141 -118.63950    1000.00
 34.31141 -118.63600    1000.00
 34.31141 -118.63250    1000.00
 34.31141 -118.62900    1000.00
 34.31141 -118.62550    1000.00
 34.31141 -118.62200    1037.89
 34.31141 -118.61850    1113.66
 34.31141 -118.61501    1227.31
 34.31141 -118.61150    1303.08
 34.31141 -118.60800    1340.97
 34.31141 -118.60450    1340.97
 34.31141 -118.60100    1340.97
 34.31141 -118.59750    1340.97
 34.31141 -118.59400    1340.97
 34.31141 -118.59050    1338.42
 34.31141 -118.58701    1446.99
 34.31141 -118.58350    1666.67
 34.31141 -118.58000    1888.89
 34.31141 -118.57650    2000.00
 34.31141 -118.57300    2000.00
 34.31141 -118.56950    2000.00
 34.31141 -118.56600    1952.99
 34.31141 -118.56250    1905.98
 34.31141 -118.55901    1905.98
 34.31141 -118.55550    1952.99
 34.31141 -118.55200    2000.00
 34.31141 -118.54850    1777.78
 34.31141 -118.54500    1555.56
 34.31141 -118.54150    1333.33
 34.31141 -118.53800    1222.22
 34.31141 -118.53450     777.78
 34.31141 -118.53101     366.56
 34.31141 -118.52750     102.44
 34.31141 -118.52400     171.67
 34.31141 -118.52050     207.67
 34.31141 -118.51700     207.67
 34.31141 -118.51350     207.67
 34.31141 -118.51000     207.67
 34.30843 -118.72000       0.00
 34.30843 -118.71650       0.00
 34.30843 -118.71300       0.00
 34.30843 -118.70950     111.11
 34.30843 -118.70600     333.33
 34.30843 -118.70250     666.67
 34.30843 -118.69901     888.89
 34.30843 -118.69550    1000.00
 34.30843 -118.69200    1000.00
 34.30843 -118.68850    1000.00
 34.30843 -118.68500    1000.00
 34.30843 -118.68150    1000.00
 34.30843 -118.67800    1000.00
 34.30843 -118.67450    1000.00
 34.30843 -118.67101    1000.00
 34.30843 -118.66750    1000.00
 34.30843 -118.66400    1000.00
 34.30843 -118.66050    1000.00
 34.30843 -118.65700    1000.00
 34.30843 -118.65350    1000.00
 34.30843 -118.65000    1000.00
 34.30843 -118.64650    1000.00
 34.30843 -118.64301    1000.00
 34.30843 -118.63950    1000.00
 34.30843 -118.63600    1000.00
 34.30843 -118.63250    1000.00
 34.30843 -118.62900    1000.00
 34.30843 -118.62550    1000.00
 34.30843 -118.62200    1075.77
 34.30843 -118.61850    1189.43
 34.30843 -118.61501    1303.08
 34.30843 -118.61150    1340.97
 34.30843 -118.60800    1340.97
 34.30843 -118.60450    1340.97
 34.30843 -118.60100    1340.97
 34.30843 -118.59750    1340.97
 34.30843 -118.59400    1414.20
 34.30843 -118.59050    1522.76
 34.30843 -118.58701    1742.44
 34.30843 -118.58350    1888.89
 34.30843 -118.58000    2000.00
 34.30843 -118.57650    2000.00
 34.30843 -118.57300    2000.00
 34.30843 -118.56950    2000.00
 34.30843 -118.56600    1985.66
 34.30843 -118.56250    1971.32
 34.30843 -118.55901    1860.21
 34.30843 -118.55550    1763.44
 34.30843 -118.55200    1666.67
 34.30843 -118.54850    1444.44
 34.30843 -118.54500    1222.22
 34.30843 -118.54150    1000.00
 34.30843 -118.53800     777.78
 34.30843 -118.53450     444.44
 34.30843 -118.53101     111.11
 34.30843 -118.52750      36.00
 34.30843 -118.52400      90.00
 34.30843 -118.52050     144.00
 34.30843 -118.51700     162.00
 34.30843 -118.51350     162.00
 34.30843 -118.51000     162.00
 34.30544 -118.72000       0.00
 34.30544 -118.71650       0.00
 34.30544 -118.71300     111.11
 34.30544 -118.70950     333.33
 34.30544 -118.70600     666.67
 34.30544 -118.70250     888.89
 34.30544 -118.69901    1000.00
 34.30544 -118.69550    1000.00
 34.30544 -118.69200    1000.00
 34.30544 -118.68850    1000.00
 34.30544 -118.68500    1000.00
 34.30544 -118.68150    1000.00
 34.30544 -118.67800    1000.00
 34.30544 -118.67450    1000.00
 34.30544 -118.67101    1000.00
 34.30544 -118.66750    1000.00
 34.30544 -118.66400    1000.00
 34.30544 -118.66050    1000.00
 34.30544 -118.65700    1000.00
 34.30544 -118.65350    1000.00
 34.30544 -118.65000    1000.00
 34.30544 -118.64650    1000.00
 34.30544 -118.64301    1000.00
 34.30544 -118.63950    1000.00
 34.30544 -118.63600    1037.89
 34.30544 -118.63250    1075.77
 34.30544 -118.62900    1113.66
 34.30544 -118.62550    1113.66
 34.30544 -118.62200    1189.43
 34.30544 -118.61850    1265.20
 34.30544 -118.61501    1340.97
 34.30544 -118.61150    1340.97
 34.30544 -118.60800    1340.97
 34.30544 -118.60450    1340.97
 34.30544 -118.60100    1340.97
 34.30544 -118.59750    1340.97
 34.30544 -118.59400    1487.42
 34.30544 -118.59050    1707.10
 34.30544 -118.58701    1926.77
 34.30544 -118.58350    2000.00
 34.30544 -118.58000    2000.00
 34.30544 -118.57650    2000.00
 34.30544 -118.57300    2000.00
 34.30544 -118.56950    2000.00
 34.30544 -118.56600    2000.00
 34.30544 -118.56250    1888.89
 34.30544 -118.55901    1666.67
 34.30544 -118.55550    1444.44
 34.30544 -118.55200    1333.33
 34.30544 -118.54850    1222.22
 34.30544 -118.54500    1111.11
 34.30544 -118.54150    1000.00
 34.30544 -118.53800     666.67
 34.30544 -118.53450     333.33
 34.30544 -118.53101       0.00
 34.30544 -118.52750      18.00
 34.30544 -118.52400      54.00
 34.30544 -118.52050     108.00
 34.30544 -118.51700     144.00
 34.30544 -118.51350     162.00
 34.30544 -118.51000     162.00
 34.30246 -118.72000       0.00
 34.30246 -118.71650     111.11
 34.30246 -118.71300     333.33
 34.30246 -118.70950     666.67
 34.30246 -118.70600     888.89
 34.30246 -118.70250    1000.00
 34.30246 -118.69901    1000.00
 34.30246 -118.69550    1000.00
 34.30246 -118.69200    1000.00
 34.30246 -118.68850    1000.00
 34.30246 -118.68500    1000.00
 34.30246 -118.68150    1000.00
 34.30246 -118.67800    1000.00
 34.30246 -118.67450    1000.00
 34.30246 -118.67101    1000.00
 34.30246 -118.66750    1000.00
 34.30246 -118.66400    1000.00
 34.30246 -118.66050    1000.00
 34.30246 -118.65700    1000.00
 34.30246 -118.65350    1000.00
 34.30246 -118.65000    1000.00
 34.30246 -118.64650    1000.00
 34.30246 -118.64301    1000.00
 34.30246 -118.63950    1000.00
 34.30246 -118.63600    1075.77
 34.30246 -118.63250    1151.54
 34.30246 -118.62900    1227.31
 34.30246 -118.62550    1227.31
 34.30246 -118.62200    1265.20
 34.30246 -118.61850    1303.08
 34.30246 -118.61501    1340.97
 34.30246 -118.61150    1340.97
 34.30246 -118.60800    1340.97
 34.30246 -118.60450    1340.97
 34.30246 -118.60100    1340.97
 34.30246 -118.59750    1340.97
 34.30246 -118.59400    1560.65
 34.30246 -118.59050    1780.32
 34.30246 -118.58701    2000.00
 34.30246 -118.58350    2000.00
 34.30246 -118.58000    2000.00
 34.30246 -118.57650    2000.00
 34.30246 -118.57300    2000.00
 34.30246 -118.56950    2000.00
 34.30246 -118.56600    1888.89
 34.30246 -118.56250    1666.67
 34.30246 -118.55901    1333.33
 34.30246 -118.55550    1111.11
 34.30246 -118.55200    1000.00
 34.30246 -118.54850    1000.00
 34.30246 -118.54500    1000.00
 34.30246 -118.54150    1000.00
 34.30246 -118.53800     666.67
 34.30246 -118.53450     333.33
 34.30246 -118.53101       0.00
 34.30246 -118.52750       0.00
 34.30246 -118.52400      18.00
 34.30246 -118.52050      54.00
 34.30246 -118.51700     108.00
 34.30246 -118.51350     144.00
 34.30246 -118.51000     162.00
 34.29948 -118.72000     111.11
 34.29948 -118.71650     333.33
 34.29948 -118.71300     666.67
 34.29948 -118.70950     888.89
 34.29948 -118.70600    1000.00
 34.29948 -118.70250    1000.00
 34.29948 -118.69901    1000.00
 34.29948 -118.69550    1000.00
 34.29948 -118.69200    1000.00
 34.29948 -118.68850    1000.00
 34.29948 -118.68500    1000.00
 34.29948 -118.68150    1000.00
 34.29948 -118.67800    1000.00
 34.29948 -118.67450    1000.00
 34.29948 -118.67101    1000.00
 34.29948 -118.66750    1000.00
 34.29948 -118.66400    1000.00
 34.29948 -118.66050    1000.00
 34.29948 -118.65700    1000.00
 34.29948 -118.65350    1000.00
 34.29948 -118.65000    1000.00
 34.29948 -118.64650    1000.00
 34.29948 -118.64301    1000.00
 34.29948 -118.63950    1037.89
 34.29948 -118.63600    1151.54
 34.29948 -118.63250    1265.20
 34.29948 -118.62900    1340.97
 34.29948 -118.62550    1340.97
 34.29948 -118.62200    1340.97
 34.29948 -118.61850    1340.97
 34.29948 -118.61501    1340.97
 34.29948 -118.61150    1340.97
 34.29948 -118.60800    1340.97
 34.29948 -118.60450    1340.97
 34.29948 -118.60100    1340.97
 34.29948 -118.59750    1414.20
 34.29948 -118.59400    1633.87
 34.29948 -118.59050    1853.55
 34.29948 -118.58701    2000.00
 34.29948 -118.58350    2000.00
 34.29948 -118.58000    2000.00
 34.29948 -118.57650    2000.00
 34.29948 -118.57300    2000.00
 34.29948 -118.56950    1888.89
 34.29948 -118.56600    1666.67
 34.29948 -118.56250    1333.33
 34.29948 -118.55901    1111.11
 34.29948 -118.55550    1000.00
 34.29948 -118.55200    1000.00
 34.29948 -118.54850    1000.00
 34.29948 -118.54500    1000.00
 34.29948 -118.54150    1000.00
 34.29948 -118.53800     666.67
 34.29948 -118.53450     333.33
 34.29948 -118.53101       0.00
 34.29948 -118.52750       0.00
 34.29948 -118.52400       0.00
 34.29948 -118.52050      18.00
 34.29948 -118.51700      72.00
 34.29948 -118.51350     126.00
 34.29948 -118.51000     162.00
 34.29650 -118.72000     222.22
 34.29650 -118.71650     555.56
 34.29650 -118.71300     888.89
 34.29650 -118.70950    1000.00
 34.29650 -118.70600    1000.00
 34.29650 -118.70250    1000.00
 34.29650 -118.69901    1000.00
 34.29650 -118.69550    1000.00
 34.29650 -118.69200    1000.00
 34.29650 -118.68850    1000.00
 34.29650 -118.68500    1000.00
 34.29650 -118.68150    1000.00
 34.29650 -118.67800    1000.00
 34.29650 -118.67450    1000.00
 34.29650 -118.67101    1000.00
 34.29650 -118.66750    1000.00
 34.29650 -118.66400    1000.00
 34.29650 -118.66050    1000.00
 34.29650 -118.65700    1000.00
 34.29650 -118.65350    1000.00
 34.29650 -118.65000    1000.00
 34.29650 -118.64650    1000.00
 34.29650 -118.64301    1000.00
 34.29650 -118.63950    1075.77
 34.29650 -118.63600    1189.43
 34.29650 -118.63250    1303.08
 34.29650 -118.62900    1340.97
 34.29650 -118.62550    1340.97
 34.29650 -118.62200    1340.97
 34.29650 -118.61850    1340.97
 34.29650 -118.61501    1340.97
 34.29650 -118.61150    1340.97
 34.29650 -118.60800    1340.97
 34.29650 -118.60450    1340.97
 34.29650 -118.60100    1340.97
 34.29650 -118.59750    1487.42
 34.29650 -118.59400    1707.10
 34.29650 -118.59050    1926.77
 34.29650 -118.58701    2000.00
 34.29650 -118.58350    2000.00
 34.29650 -118.58000    2000.00
 34.29650 -118.57650    2000.00
 34.29650 -118.57300    2000.00
 34.29650 -118.56950    1777.78
 34.29650 -118.56600    1444.44
 34.29650 -118.56250    1111.11
 34.29650 -118.55901    1000.00
 34.29650 -118.55550    1000.00
 34.29650 -118.55200    1000.00
 34.29650 -118.54850    1000.00
 34.29650 -118.54500    1000.00
 34.29650 -118.54150    1000.00
 34.29650 -118.53800     666.67
 34.29650 -118.53450     333.33
 34.29650 -118.53101       0.00
 34.29650 -118.52750       0.00
 34.29650 -118.52400       0.00
 34.29650 -118.52050       0.00
 34.29650 -118.51700      54.00
 34.29650 -118.51350     108.00
 34.29650 -118.51000     162.00
