   -118.636    34.3395
   -118.642    34.3443
   -118.647    34.3467
   -118.657    34.3473
   -118.668    34.3473
   -118.679    34.3478
   -118.690    34.3488
   -118.698    34.3491
   -118.705    34.3500
   -118.713    34.3500
   -118.714    34.3579
   -118.713    34.3635
   -118.713    34.3678
   -118.712    34.3701
   -118.710    34.3710
   -118.703    34.3713
   -118.690    34.3720
   -118.676    34.3711
   -118.662    34.3708
   -118.649    34.3699
   -118.641    34.3687
   -118.636    34.3674
   -118.627    34.3601
   -118.617    34.3529
   -118.603    34.3437
   -118.598    34.3398
   -118.593    34.3363
   -118.582    34.3334
   -118.570    34.3317
   -118.563    34.3301
   -118.558    34.3302
   -118.554    34.3298
   -118.552    34.3277
   -118.548    34.3260
   -118.545    34.3276
   -118.541    34.3275
   -118.536    34.3268
   -118.529    34.3278
   -118.524    34.3296
   -118.521    34.3295
   -118.519    34.3251
   -118.517    34.3218
   -118.516    34.3201
   -118.516    34.3168
   -118.519    34.3168
   -118.523    34.3167
   -118.523    34.3136
   -118.521    34.3112
   -118.521    34.3090
   -118.521    34.3067
   -118.526    34.3058
   -118.535    34.3052
   -118.541    34.3043
   -118.545    34.3024
   -118.542    34.3015
   -118.534    34.3023
   -118.529    34.3021
   -118.524    34.3017
   -118.526    34.3001
   -118.535    34.2996
   -118.543    34.2992
   -118.548    34.2985
   -118.551    34.2985
   -118.555    34.3003
   -118.560    34.3019
   -118.565    34.3030
   -118.568    34.3034
   -118.570    34.3073
   -118.571    34.3096
   -118.572    34.3106
   -118.575    34.3116
   -118.578    34.3140
   -118.582    34.3161
   -118.598    34.3219
   -118.611    34.3277
   -118.626    34.3345
   -118.631    34.3369
