   -119.361    34.2183
   -119.383    34.2211
   -119.407    34.2224
   -119.431    34.2229
   -119.450    34.2244
   -119.465    34.2266
   -119.482    34.2275
   -119.492    34.2297
   -119.503    34.2327
   -119.503    34.2600
   -119.503    34.2866
   -119.504    34.3135
   -119.504    34.3393
   -119.505    34.3662
   -119.506    34.3881
   -119.505    34.4053
   -119.505    34.4199
   -119.504    34.4291
   -119.499    34.4319
   -119.483    34.4295
   -119.461    34.4264
   -119.441    34.4245
   -119.422    34.4238
   -119.405    34.4207
   -119.387    34.4175
   -119.375    34.4163
   -119.367    34.4110
   -119.349    34.4012
   -119.325    34.3907
   -119.307    34.3828
   -119.291    34.3752
   -119.278    34.3702
   -119.268    34.3665
   -119.264    34.3773
   -119.257    34.3993
   -119.249    34.4179
   -119.243    34.4406
   -119.237    34.4562
   -119.232    34.4696
   -119.217    34.4652
   -119.200    34.4608
   -119.185    34.4564
   -119.166    34.4522
   -119.155    34.4503
   -119.144    34.4484
   -119.132    34.4466
   -119.127    34.4455
   -119.117    34.4480
   -119.105    34.4524
   -119.094    34.4573
   -119.088    34.4609
   -119.079    34.4721
   -119.066    34.4903
   -119.057    34.5034
   -119.045    34.5187
   -119.035    34.5310
   -119.023    34.5455
   -119.013    34.5567
   -119.004    34.5666
   -118.996    34.5747
   -118.988    34.5804
   -118.982    34.5849
   -118.970    34.5786
   -118.959    34.5700
   -118.945    34.5596
   -118.932    34.5511
   -118.917    34.5406
   -118.904    34.5320
   -118.886    34.5206
   -118.864    34.5081
   -118.846    34.4986
   -118.832    34.4905
   -118.821    34.4838
   -118.812    34.4755
   -118.809    34.4681
   -118.811    34.4630
   -118.814    34.4582
   -118.833    34.4483
   -118.863    34.4311
   -118.884    34.4168
   -118.905    34.4021
   -118.920    34.3910
   -118.942    34.3741
   -118.975    34.3522
   -118.992    34.3415
   -119.013    34.3294
   -119.022    34.3254
   -119.034    34.3243
   -119.045    34.3366
   -119.055    34.3468
   -119.064    34.3573
   -119.072    34.3629
   -119.077    34.3640
   -119.083    34.3600
   -119.088    34.3501
   -119.099    34.3339
   -119.111    34.3186
   -119.121    34.3059
   -119.132    34.2949
   -119.143    34.2823
   -119.153    34.2719
   -119.162    34.2623
   -119.172    34.2528
   -119.178    34.2466
   -119.183    34.2477
   -119.190    34.2546
   -119.197    34.2677
   -119.205    34.2788
   -119.209    34.2853
   -119.213    34.2908
   -119.218    34.2907
   -119.224    34.2809
   -119.228    34.2658
   -119.232    34.2492
   -119.236    34.2363
   -119.238    34.2225
   -119.239    34.2100
   -119.242    34.2006
   -119.248    34.1941
   -119.261    34.1948
   -119.272    34.1996
   -119.287    34.2027
   -119.308    34.2071
   -119.329    34.2110
   -119.343    34.2144
   -119.355    34.2174
