   -119.373    34.0484
   -119.399    34.0432
   -119.432    34.0411
   -119.459    34.0427
   -119.486    34.0427
   -119.501    34.0428
   -119.506    34.0527
   -119.510    34.0841
   -119.510    34.1192
   -119.510    34.1565
   -119.513    34.1988
   -119.518    34.2446
   -119.519    34.2827
   -119.519    34.3194
   -119.516    34.3524
   -119.514    34.3889
   -119.509    34.4284
   -119.513    34.4675
   -119.518    34.5126
   -119.524    34.5516
   -119.526    34.5762
   -119.527    34.5978
   -119.525    34.6061
   -119.523    34.6290
   -119.518    34.6591
   -119.510    34.6901
   -119.504    34.7120
   -119.491    34.7267
   -119.464    34.7407
   -119.433    34.7455
   -119.396    34.7440
   -119.344    34.7444
   -119.294    34.7437
   -119.248    34.7425
   -119.197    34.7411
   -119.153    34.7404
   -119.114    34.7426
   -119.064    34.7426
   -119.022    34.7394
   -118.979    34.7338
   -118.929    34.7298
   -118.888    34.7316
   -118.874    34.7317
   -118.858    34.7144
   -118.839    34.6918
   -118.817    34.6720
   -118.799    34.6528
   -118.781    34.6336
   -118.767    34.6201
   -118.755    34.6072
   -118.758    34.6055
   -118.734    34.5826
   -118.711    34.5610
   -118.683    34.5373
   -118.658    34.5133
   -118.642    34.4987
   -118.626    34.4817
   -118.611    34.4662
   -118.596    34.4490
   -118.574    34.4267
   -118.552    34.4051
   -118.539    34.3942
   -118.517    34.3866
   -118.486    34.3800
   -118.465    34.3768
   -118.447    34.3689
   -118.431    34.3583
   -118.413    34.3466
   -118.396    34.3381
   -118.370    34.3289
   -118.341    34.3171
   -118.317    34.3071
   -118.294    34.2964
   -118.284    34.2905
   -118.283    34.2857
   -118.284    34.2799
   -118.285    34.2773
   -118.281    34.2763
   -118.281    34.2754
   -118.282    34.2742
   -118.284    34.2700
   -118.282    34.2659
   -118.281    34.2621
   -118.277    34.2599
   -118.274    34.2568
   -118.270    34.2539
   -118.267    34.2538
   -118.260    34.2513
   -118.258    34.2504
   -118.252    34.2507
   -118.248    34.2504
   -118.247    34.2477
   -118.243    34.2474
   -118.242    34.2461
   -118.238    34.2451
   -118.235    34.2441
   -118.235    34.2419
   -118.233    34.2397
   -118.232    34.2399
   -118.229    34.2409
   -118.226    34.2427
   -118.221    34.2416
   -118.221    34.2375
   -118.222    34.2340
   -118.218    34.2310
   -118.215    34.2295
   -118.212    34.2296
   -118.210    34.2296
   -118.209    34.2274
   -118.205    34.2256
   -118.198    34.2243
   -118.193    34.2244
   -118.191    34.2242
   -118.192    34.2222
   -118.192    34.2188
   -118.190    34.2165
   -118.186    34.2169
   -118.183    34.2173
   -118.179    34.2158
   -118.176    34.2148
   -118.174    34.2129
   -118.172    34.2113
   -118.170    34.2130
   -118.171    34.2159
   -118.167    34.2158
   -118.162    34.2147
   -118.160    34.2160
   -118.158    34.2153
   -118.158    34.2131
   -118.154    34.2114
   -118.150    34.2113
   -118.146    34.2119
   -118.143    34.2123
   -118.143    34.2027
   -118.142    34.1938
   -118.141    34.1832
   -118.141    34.1711
   -118.140    34.1592
   -118.140    34.1456
   -118.139    34.1364
   -118.140    34.1300
   -118.154    34.1297
   -118.175    34.1277
   -118.193    34.1258
   -118.210    34.1229
   -118.229    34.1195
   -118.244    34.1163
   -118.258    34.1131
   -118.269    34.1107
   -118.277    34.1091
   -118.282    34.1098
   -118.281    34.1121
   -118.278    34.1142
   -118.282    34.1149
   -118.283    34.1153
   -118.284    34.1162
   -118.287    34.1170
   -118.290    34.1163
   -118.293    34.1159
   -118.297    34.1136
   -118.301    34.1118
   -118.302    34.1096
   -118.306    34.1081
   -118.309    34.1065
   -118.319    34.1065
   -118.331    34.1064
   -118.340    34.1070
   -118.347    34.1058
   -118.356    34.1034
   -118.360    34.1017
   -118.363    34.1016
   -118.365    34.0983
   -118.372    34.0959
   -118.377    34.0940
   -118.383    34.0925
   -118.386    34.0935
   -118.389    34.0935
   -118.390    34.0930
   -118.392    34.0910
   -118.393    34.0934
   -118.395    34.0953
   -118.397    34.0954
   -118.399    34.0925
   -118.402    34.0902
   -118.404    34.0896
   -118.407    34.0898
   -118.408    34.0885
   -118.411    34.0889
   -118.415    34.0914
   -118.418    34.0928
   -118.420    34.0923
   -118.422    34.0901
   -118.425    34.0922
   -118.428    34.0939
   -118.430    34.0947
   -118.433    34.0918
   -118.439    34.0911
   -118.441    34.0923
   -118.443    34.0950
   -118.445    34.0951
   -118.444    34.0919
   -118.444    34.0868
   -118.445    34.0836
   -118.449    34.0832
   -118.452    34.0840
   -118.453    34.0843
   -118.456    34.0839
   -118.459    34.0848
   -118.459    34.0874
   -118.462    34.0875
   -118.464    34.0868
   -118.467    34.0868
   -118.472    34.0845
   -118.477    34.0816
   -118.479    34.0790
   -118.484    34.0777
   -118.488    34.0798
   -118.490    34.0780
   -118.494    34.0788
   -118.496    34.0784
   -118.497    34.0766
   -118.501    34.0789
   -118.504    34.0759
   -118.508    34.0778
   -118.510    34.0800
   -118.514    34.0769
   -118.520    34.0797
   -118.531    34.0786
   -118.558    34.0781
   -118.585    34.0782
   -118.611    34.0785
   -118.628    34.0761
   -118.633    34.0760
   -118.637    34.0781
   -118.661    34.0809
   -118.690    34.0858
   -118.719    34.0911
   -118.741    34.0942
   -118.767    34.0958
   -118.789    34.0960
   -118.811    34.0759
   -118.832    34.0544
   -118.849    34.0401
   -118.861    34.0347
   -118.910    34.0359
   -118.954    34.0361
   -119.002    34.0385
   -119.052    34.0457
   -119.099    34.0490
   -119.136    34.0547
   -119.189    34.0567
   -119.234    34.0564
   -119.273    34.0547
   -119.311    34.0534
   -119.363    34.0505
