   -119.459    34.2903
   -119.475    34.3164
   -119.495    34.3412
   -119.513    34.3686
   -119.523    34.4029
   -119.528    34.4418
   -119.530    34.4749
   -119.530    34.5067
   -119.528    34.5447
   -119.525    34.5758
   -119.523    34.6025
   -119.523    34.6170
   -119.493    34.6206
   -119.456    34.6230
   -119.423    34.6253
   -119.384    34.6277
   -119.349    34.6309
   -119.312    34.6347
   -119.280    34.6363
   -119.247    34.6374
   -119.222    34.6382
   -119.190    34.6380
   -119.148    34.6383
   -119.112    34.6382
   -119.078    34.6379
   -119.060    34.6367
   -119.040    34.6652
   -119.030    34.6823
   -119.016    34.7016
   -119.008    34.7129
   -119.003    34.7212
   -118.985    34.7213
   -118.954    34.7193
   -118.918    34.7178
   -118.876    34.7153
   -118.847    34.7100
   -118.830    34.6905
   -118.826    34.6712
   -118.822    34.6457
   -118.820    34.6208
   -118.822    34.5952
   -118.824    34.5788
   -118.823    34.5569
   -118.817    34.5351
   -118.811    34.5121
   -118.805    34.4882
   -118.801    34.4619
   -118.805    34.4441
   -118.816    34.4302
   -118.827    34.4231
   -118.867    34.4195
   -118.897    34.4182
   -118.921    34.4142
   -118.958    34.4042
   -118.994    34.3957
   -119.030    34.3868
   -119.057    34.3798
   -119.083    34.3727
   -119.110    34.3611
   -119.136    34.3501
   -119.162    34.3397
   -119.187    34.3318
   -119.207    34.3257
   -119.228    34.3194
   -119.257    34.3080
   -119.279    34.2979
   -119.309    34.2847
   -119.326    34.2772
   -119.343    34.2751
   -119.377    34.2784
   -119.401    34.2795
   -119.426    34.2787
   -119.443    34.2786
   -119.452    34.2804
