   -119.205    34.4998
   -119.217    34.4978
   -119.227    34.4968
   -119.235    34.4962
   -119.246    34.4954
   -119.254    34.4958
   -119.259    34.4971
   -119.268    34.5017
   -119.275    34.5048
   -119.280    34.5077
   -119.283    34.5103
   -119.277    34.5119
   -119.271    34.5127
   -119.268    34.5138
   -119.267    34.5119
   -119.260    34.5116
   -119.248    34.5116
   -119.240    34.5115
   -119.235    34.5114
   -119.228    34.5142
   -119.222    34.5202
   -119.218    34.5257
   -119.210    34.5279
   -119.193    34.5291
   -119.177    34.5304
   -119.161    34.5314
   -119.149    34.5310
   -119.139    34.5324
   -119.129    34.5338
   -119.109    34.5356
   -119.091    34.5370
   -119.075    34.5402
   -119.066    34.5430
   -119.059    34.5449
   -119.054    34.5461
   -119.057    34.5418
   -119.060    34.5343
   -119.062    34.5321
   -119.068    34.5301
   -119.078    34.5260
   -119.091    34.5214
   -119.101    34.5190
   -119.117    34.5159
   -119.137    34.5136
   -119.159    34.5086
   -119.176    34.5049
   -119.190    34.5024
   -119.200    34.5010
