11 
-1.17701E+02 3.38590E+01
-1.17705E+02 3.38485E+01
-1.17712E+02 3.38359E+01
-1.17718E+02 3.38265E+01
-1.17728E+02 3.38176E+01
-1.17719E+02 3.38164E+01
-1.17708E+02 3.38094E+01
-1.17700E+02 3.38254E+01
-1.17698E+02 3.38359E+01
-1.17699E+02 3.38456E+01
-1.17704E+02 3.38478E+01
e2
45 
-1.18387E+02 3.38041E+01
-1.18380E+02 3.38032E+01
-1.18372E+02 3.38025E+01
-1.18365E+02 3.37999E+01
-1.18357E+02 3.37986E+01
-1.18348E+02 3.37964E+01
-1.18343E+02 3.37943E+01
-1.18338E+02 3.37913E+01
-1.18335E+02 3.37856E+01
-1.18336E+02 3.37804E+01
-1.18329E+02 3.37795E+01
-1.18324E+02 3.37777E+01
-1.18322E+02 3.37811E+01
-1.18316E+02 3.37801E+01
-1.18309E+02 3.37731E+01
-1.18307E+02 3.37630E+01
-1.18300E+02 3.37553E+01
-1.18293E+02 3.37513E+01
-1.18287E+02 3.37478E+01
-1.18288E+02 3.37377E+01
-1.18292E+02 3.37324E+01
-1.18290E+02 3.37256E+01
-1.18287E+02 3.37178E+01
-1.18287E+02 3.37176E+01
-1.18285E+02 3.37113E+01
-1.18288E+02 3.37059E+01
-1.18293E+02 3.37093E+01
-1.18304E+02 3.37155E+01
-1.18316E+02 3.37176E+01
-1.18326E+02 3.37198E+01
-1.18338E+02 3.37250E+01
-1.18348E+02 3.37290E+01
-1.18358E+02 3.37365E+01
-1.18369E+02 3.37406E+01
-1.18383E+02 3.37430E+01
-1.18393E+02 3.37408E+01
-1.18402E+02 3.37453E+01
-1.18411E+02 3.37536E+01
-1.18416E+02 3.37630E+01
-1.18421E+02 3.37717E+01
-1.18422E+02 3.37804E+01
-1.18413E+02 3.37886E+01
-1.18405E+02 3.37934E+01
-1.18400E+02 3.37991E+01
-1.18396E+02 3.38015E+01
mm1 
65 
-1.17734E+02 3.40020E+01
-1.17738E+02 3.39964E+01
-1.17737E+02 3.39922E+01
-1.17726E+02 3.39896E+01
-1.17720E+02 3.39829E+01
-1.17718E+02 3.39776E+01
-1.17713E+02 3.39729E+01
-1.17703E+02 3.39675E+01
-1.17692E+02 3.39605E+01
-1.17684E+02 3.39555E+01
-1.17676E+02 3.39483E+01
-1.17669E+02 3.39412E+01
-1.17661E+02 3.39326E+01
-1.17655E+02 3.39232E+01
-1.17651E+02 3.39121E+01
-1.17647E+02 3.39046E+01
-1.17646E+02 3.38957E+01
-1.17646E+02 3.38884E+01
-1.17649E+02 3.38856E+01
-1.17664E+02 3.38825E+01
-1.17673E+02 3.38807E+01
-1.17687E+02 3.38790E+01
-1.17705E+02 3.38782E+01
-1.17717E+02 3.38808E+01
-1.17731E+02 3.38815E+01
-1.17746E+02 3.38884E+01
-1.17762E+02 3.38942E+01
-1.17775E+02 3.39028E+01
-1.17792E+02 3.39085E+01
-1.17811E+02 3.39154E+01
-1.17830E+02 3.39222E+01
-1.17850E+02 3.39296E+01
-1.17873E+02 3.39373E+01
-1.17890E+02 3.39440E+01
-1.17909E+02 3.39499E+01
-1.17927E+02 3.39545E+01
-1.17942E+02 3.39598E+01
-1.17961E+02 3.39632E+01
-1.17983E+02 3.39685E+01
-1.18003E+02 3.39775E+01
-1.18015E+02 3.39804E+01
-1.18031E+02 3.39880E+01
-1.18042E+02 3.39942E+01
-1.18054E+02 3.39997E+01
-1.18042E+02 3.39999E+01
-1.18028E+02 3.40001E+01
-1.18015E+02 3.40002E+01
-1.18001E+02 3.40016E+01
-1.17985E+02 3.40012E+01
-1.17966E+02 3.40030E+01
-1.17943E+02 3.40027E+01
-1.17943E+02 3.39968E+01
-1.17919E+02 3.39937E+01
-1.17912E+02 3.39870E+01
-1.17905E+02 3.39759E+01
-1.17887E+02 3.39854E+01
-1.17874E+02 3.39941E+01
-1.17858E+02 3.40008E+01
-1.17842E+02 3.40017E+01
-1.17823E+02 3.40036E+01
-1.17807E+02 3.40040E+01
-1.17788E+02 3.40047E+01
-1.17766E+02 3.40041E+01
-1.17747E+02 3.40044E+01
-1.17736E+02 3.40034E+01
mu1 
20 
-1.17727E+02 3.38681E+01
-1.17732E+02 3.38592E+01
-1.17737E+02 3.38505E+01
-1.17742E+02 3.38402E+01
-1.17749E+02 3.38300E+01
-1.17757E+02 3.38299E+01
-1.17767E+02 3.38310E+01
-1.17778E+02 3.38332E+01
-1.17786E+02 3.38336E+01
-1.17797E+02 3.38339E+01
-1.17808E+02 3.38310E+01
-1.17818E+02 3.38313E+01
-1.17837E+02 3.38400E+01
-1.17817E+02 3.38480E+01
-1.17801E+02 3.38518E+01
-1.17784E+02 3.38552E+01
-1.17768E+02 3.38623E+01
-1.17756E+02 3.38707E+01
-1.17740E+02 3.38720E+01
-1.17728E+02 3.38719E+01
mu2 
31 
-1.18279E+02 3.41075E+01
-1.18272E+02 3.41113E+01
-1.18264E+02 3.41130E+01
-1.18258E+02 3.41082E+01
-1.18253E+02 3.41019E+01
-1.18247E+02 3.40968E+01
-1.18242E+02 3.40930E+01
-1.18235E+02 3.40874E+01
-1.18230E+02 3.40834E+01
-1.18227E+02 3.40778E+01
-1.18226E+02 3.40714E+01
-1.18232E+02 3.40685E+01
-1.18238E+02 3.40641E+01
-1.18239E+02 3.40560E+01
-1.18245E+02 3.40526E+01
-1.18248E+02 3.40543E+01
-1.18253E+02 3.40552E+01
-1.18259E+02 3.40525E+01
-1.18266E+02 3.40570E+01
-1.18273E+02 3.40610E+01
-1.18278E+02 3.40646E+01
-1.18285E+02 3.40668E+01
-1.18288E+02 3.40703E+01
-1.18281E+02 3.40765E+01
-1.18285E+02 3.40803E+01
-1.18280E+02 3.40895E+01
-1.18278E+02 3.40958E+01
-1.18278E+02 3.41022E+01
-1.18279E+02 3.41079E+01
-1.18274E+02 3.41110E+01
-1.18269E+02 3.41132E+01
mu4 
33 
-1.18242E+02 3.41284E+01
-1.18238E+02 3.41196E+01
-1.18234E+02 3.41122E+01
-1.18233E+02 3.41066E+01
-1.18228E+02 3.40987E+01
-1.18221E+02 3.40961E+01
-1.18218E+02 3.40928E+01
-1.18213E+02 3.40883E+01
-1.18209E+02 3.40821E+01
-1.18209E+02 3.40728E+01
-1.18207E+02 3.40645E+01
-1.18206E+02 3.40565E+01
-1.18193E+02 3.40559E+01
-1.18173E+02 3.40607E+01
-1.18163E+02 3.40640E+01
-1.18164E+02 3.40740E+01
-1.18169E+02 3.40827E+01
-1.18165E+02 3.40899E+01
-1.18159E+02 3.40988E+01
-1.18157E+02 3.41079E+01
-1.18163E+02 3.41123E+01
-1.18168E+02 3.41215E+01
-1.18167E+02 3.41309E+01
-1.18176E+02 3.41370E+01
-1.18185E+02 3.41412E+01
-1.18193E+02 3.41376E+01
-1.18202E+02 3.41373E+01
-1.18214E+02 3.41399E+01
-1.18223E+02 3.41409E+01
-1.18233E+02 3.41378E+01
-1.18240E+02 3.41337E+01
-1.18245E+02 3.41297E+01
-1.18247E+02 3.41251E+01
mu5 
13 
-1.18057E+02 3.39981E+01
-1.18038E+02 3.39990E+01
-1.18017E+02 3.39993E+01
-1.17996E+02 3.39995E+01
-1.17989E+02 3.39975E+01
-1.17989E+02 3.40061E+01
-1.18000E+02 3.40121E+01
-1.18007E+02 3.40079E+01
-1.18017E+02 3.40034E+01
-1.18028E+02 3.40055E+01
-1.18040E+02 3.40031E+01
-1.18052E+02 3.40039E+01
-1.18055E+02 3.40007E+01
mu6 
25 
-1.17835E+02 3.39995E+01
-1.17838E+02 3.40067E+01
-1.17866E+02 3.40081E+01
-1.17885E+02 3.40104E+01
-1.17904E+02 3.40154E+01
-1.17924E+02 3.40166E+01
-1.17934E+02 3.40234E+01
-1.17915E+02 3.40315E+01
-1.17913E+02 3.40448E+01
-1.17894E+02 3.40545E+01
-1.17873E+02 3.40616E+01
-1.17856E+02 3.40694E+01
-1.17849E+02 3.40822E+01
-1.17825E+02 3.40864E+01
-1.17803E+02 3.40813E+01
-1.17796E+02 3.40575E+01
-1.17769E+02 3.40416E+01
-1.17749E+02 3.40278E+01
-1.17732E+02 3.40182E+01
-1.17727E+02 3.40085E+01
-1.17724E+02 3.40035E+01
-1.17744E+02 3.40011E+01
-1.17776E+02 3.40007E+01
-1.17807E+02 3.40013E+01
-1.17829E+02 3.39999E+01
mu7 
29 
-1.17713E+02 3.38667E+01
-1.17719E+02 3.38583E+01
-1.17720E+02 3.38510E+01
-1.17722E+02 3.38434E+01
-1.17727E+02 3.38353E+01
-1.17736E+02 3.38321E+01
-1.17745E+02 3.38281E+01
-1.17755E+02 3.38265E+01
-1.17767E+02 3.38274E+01
-1.17776E+02 3.38278E+01
-1.17786E+02 3.38284E+01
-1.17794E+02 3.38272E+01
-1.17795E+02 3.38241E+01
-1.17776E+02 3.38247E+01
-1.17767E+02 3.38211E+01
-1.17762E+02 3.38165E+01
-1.17752E+02 3.38208E+01
-1.17740E+02 3.38199E+01
-1.17732E+02 3.38197E+01
-1.17724E+02 3.38199E+01
-1.17719E+02 3.38263E+01
-1.17718E+02 3.38331E+01
-1.17715E+02 3.38394E+01
-1.17709E+02 3.38456E+01
-1.17704E+02 3.38505E+01
-1.17702E+02 3.38579E+01
-1.17700E+02 3.38632E+01
-1.17704E+02 3.38661E+01
-1.17712E+02 3.38651E+01
o1 
22 
-1.18054E+02 3.40041E+01
-1.18051E+02 3.40096E+01
-1.18042E+02 3.40128E+01
-1.18037E+02 3.40174E+01
-1.18033E+02 3.40238E+01
-1.18026E+02 3.40266E+01
-1.18016E+02 3.40287E+01
-1.18008E+02 3.40290E+01
-1.18001E+02 3.40298E+01
-1.17995E+02 3.40280E+01
-1.17995E+02 3.40211E+01
-1.17998E+02 3.40139E+01
-1.18003E+02 3.40095E+01
-1.18006E+02 3.40028E+01
-1.18014E+02 3.40029E+01
-1.18018E+02 3.40039E+01
-1.18023E+02 3.40063E+01
-1.18032E+02 3.40046E+01
-1.18038E+02 3.40034E+01
-1.18043E+02 3.40018E+01
-1.18050E+02 3.40033E+01
-1.18054E+02 3.40054E+01
pm1 
15 
-1.18193E+02 3.40530E+01
-1.18180E+02 3.40561E+01
-1.18169E+02 3.40594E+01
-1.18156E+02 3.40610E+01
-1.18142E+02 3.40606E+01
-1.18134E+02 3.40578E+01
-1.18121E+02 3.40597E+01
-1.18110E+02 3.40561E+01
-1.18117E+02 3.40485E+01
-1.18132E+02 3.40446E+01
-1.18145E+02 3.40456E+01
-1.18163E+02 3.40447E+01
-1.18176E+02 3.40482E+01
-1.18188E+02 3.40486E+01
-1.18199E+02 3.40510E+01
pm2 
27 
-1.18364E+02 3.40022E+01
-1.18366E+02 3.40056E+01
-1.18367E+02 3.40088E+01
-1.18369E+02 3.40125E+01
-1.18372E+02 3.40160E+01
-1.18377E+02 3.40153E+01
-1.18381E+02 3.40153E+01
-1.18384E+02 3.40136E+01
-1.18386E+02 3.40178E+01
-1.18385E+02 3.40201E+01
-1.18382E+02 3.40215E+01
-1.18376E+02 3.40218E+01
-1.18369E+02 3.40203E+01
-1.18365E+02 3.40200E+01
-1.18359E+02 3.40184E+01
-1.18354E+02 3.40173E+01
-1.18348E+02 3.40153E+01
-1.18345E+02 3.40140E+01
-1.18342E+02 3.40124E+01
-1.18340E+02 3.40101E+01
-1.18340E+02 3.40071E+01
-1.18344E+02 3.40057E+01
-1.18348E+02 3.40050E+01
-1.18353E+02 3.40045E+01
-1.18357E+02 3.40039E+01
-1.18360E+02 3.40052E+01
-1.18363E+02 3.40038E+01
pu1 
15 
-1.18328E+02 3.39170E+01
-1.18329E+02 3.39125E+01
-1.18327E+02 3.39065E+01
-1.18327E+02 3.39008E+01
-1.18321E+02 3.38967E+01
-1.18314E+02 3.38964E+01
-1.18304E+02 3.38989E+01
-1.18298E+02 3.39000E+01
-1.18297E+02 3.39007E+01
-1.18301E+02 3.39068E+01
-1.18306E+02 3.39116E+01
-1.18312E+02 3.39122E+01
-1.18317E+02 3.39164E+01
-1.18322E+02 3.39181E+01
-1.18328E+02 3.39166E+01
qal1 
10 
-1.18362E+02 3.38139E+01
-1.18357E+02 3.38191E+01
-1.18352E+02 3.38236E+01
-1.18346E+02 3.38187E+01
-1.18341E+02 3.38146E+01
-1.18338E+02 3.38106E+01
-1.18346E+02 3.38079E+01
-1.18353E+02 3.38070E+01
-1.18360E+02 3.38085E+01
-1.18364E+02 3.38107E+01
qal2 
20 
-1.18479E+02 3.40024E+01
-1.18473E+02 3.39961E+01
-1.18467E+02 3.39882E+01
-1.18462E+02 3.39803E+01
-1.18456E+02 3.39732E+01
-1.18451E+02 3.39670E+01
-1.18449E+02 3.39608E+01
-1.18442E+02 3.39625E+01
-1.18427E+02 3.39680E+01
-1.18410E+02 3.39758E+01
-1.18397E+02 3.39811E+01
-1.18387E+02 3.39869E+01
-1.18379E+02 3.39968E+01
-1.18377E+02 3.40015E+01
-1.18400E+02 3.40014E+01
-1.18422E+02 3.40023E+01
-1.18442E+02 3.40022E+01
-1.18457E+02 3.40033E+01
-1.18467E+02 3.40035E+01
-1.18476E+02 3.40034E+01
qal3 
234 
-1.18328E+02 3.40014E+01
-1.18328E+02 3.39928E+01
-1.18328E+02 3.39854E+01
-1.18326E+02 3.39809E+01
-1.18320E+02 3.39784E+01
-1.18308E+02 3.39783E+01
-1.18298E+02 3.39771E+01
-1.18291E+02 3.39707E+01
-1.18285E+02 3.39641E+01
-1.18278E+02 3.39556E+01
-1.18270E+02 3.39477E+01
-1.18263E+02 3.39389E+01
-1.18257E+02 3.39314E+01
-1.18252E+02 3.39204E+01
-1.18244E+02 3.39105E+01
-1.18236E+02 3.38992E+01
-1.18227E+02 3.38874E+01
-1.18218E+02 3.38783E+01
-1.18213E+02 3.38698E+01
-1.18217E+02 3.38525E+01
-1.18222E+02 3.38486E+01
-1.18233E+02 3.38487E+01
-1.18244E+02 3.38524E+01
-1.18253E+02 3.38552E+01
-1.18261E+02 3.38562E+01
-1.18266E+02 3.38544E+01
-1.18273E+02 3.38529E+01
-1.18271E+02 3.38452E+01
-1.18267E+02 3.38367E+01
-1.18254E+02 3.38329E+01
-1.18243E+02 3.38250E+01
-1.18232E+02 3.38177E+01
-1.18224E+02 3.38130E+01
-1.18224E+02 3.38023E+01
-1.18229E+02 3.37934E+01
-1.18236E+02 3.37861E+01
-1.18242E+02 3.37795E+01
-1.18249E+02 3.37758E+01
-1.18258E+02 3.37744E+01
-1.18271E+02 3.37719E+01
-1.18275E+02 3.37635E+01
-1.18283E+02 3.37548E+01
-1.18278E+02 3.37447E+01
-1.18276E+02 3.37324E+01
-1.18278E+02 3.37234E+01
-1.18272E+02 3.37173E+01
-1.18260E+02 3.37328E+01
-1.18241E+02 3.37491E+01
-1.18223E+02 3.37577E+01
-1.18211E+02 3.37606E+01
-1.18201E+02 3.37647E+01
-1.18200E+02 3.37744E+01
-1.18196E+02 3.37826E+01
-1.18190E+02 3.37875E+01
-1.18188E+02 3.37938E+01
-1.18187E+02 3.38026E+01
-1.18188E+02 3.38102E+01
-1.18196E+02 3.38179E+01
-1.18200E+02 3.38242E+01
-1.18199E+02 3.38340E+01
-1.18190E+02 3.38417E+01
-1.18181E+02 3.38483E+01
-1.18170E+02 3.38502E+01
-1.18158E+02 3.38497E+01
-1.18148E+02 3.38475E+01
-1.18139E+02 3.38439E+01
-1.18138E+02 3.38352E+01
-1.18141E+02 3.38260E+01
-1.18144E+02 3.38182E+01
-1.18142E+02 3.38086E+01
-1.18136E+02 3.38022E+01
-1.18133E+02 3.37925E+01
-1.18126E+02 3.37877E+01
-1.18113E+02 3.37842E+01
-1.18103E+02 3.37787E+01
-1.18105E+02 3.37686E+01
-1.18116E+02 3.37697E+01
-1.18127E+02 3.37690E+01
-1.18133E+02 3.37639E+01
-1.18143E+02 3.37602E+01
-1.18130E+02 3.37552E+01
-1.18118E+02 3.37487E+01
-1.18108E+02 3.37462E+01
-1.18093E+02 3.37500E+01
-1.18084E+02 3.37597E+01
-1.18082E+02 3.37528E+01
-1.18086E+02 3.37436E+01
-1.18088E+02 3.37378E+01
-1.18080E+02 3.37295E+01
-1.18068E+02 3.37185E+01
-1.18060E+02 3.37123E+01
-1.18052E+02 3.37083E+01
-1.18055E+02 3.37174E+01
-1.18047E+02 3.37218E+01
-1.18038E+02 3.37233E+01
-1.18027E+02 3.37259E+01
-1.18029E+02 3.37204E+01
-1.18038E+02 3.37146E+01
-1.18043E+02 3.37101E+01
-1.18050E+02 3.37048E+01
-1.18041E+02 3.36969E+01
-1.18030E+02 3.36902E+01
-1.18025E+02 3.36861E+01
-1.18019E+02 3.36933E+01
-1.18012E+02 3.37020E+01
-1.18003E+02 3.37088E+01
-1.17996E+02 3.37149E+01
-1.17984E+02 3.37095E+01
-1.17976E+02 3.37044E+01
-1.17978E+02 3.36919E+01
-1.17980E+02 3.36799E+01
-1.17984E+02 3.36702E+01
-1.17987E+02 3.36632E+01
-1.17992E+02 3.36549E+01
-1.17981E+02 3.36460E+01
-1.17970E+02 3.36379E+01
-1.17958E+02 3.36319E+01
-1.17950E+02 3.36265E+01
-1.17948E+02 3.36428E+01
-1.17943E+02 3.36558E+01
-1.17937E+02 3.36692E+01
-1.17934E+02 3.36817E+01
-1.17932E+02 3.36902E+01
-1.17917E+02 3.36870E+01
-1.17903E+02 3.36841E+01
-1.17894E+02 3.36841E+01
-1.17885E+02 3.36841E+01
-1.17880E+02 3.36898E+01
-1.17867E+02 3.36832E+01
-1.17854E+02 3.36793E+01
-1.17842E+02 3.36783E+01
-1.17829E+02 3.36730E+01
-1.17813E+02 3.36719E+01
-1.17800E+02 3.36654E+01
-1.17787E+02 3.36603E+01
-1.17774E+02 3.36553E+01
-1.17761E+02 3.36468E+01
-1.17748E+02 3.36405E+01
-1.17741E+02 3.36394E+01
-1.17726E+02 3.36439E+01
-1.17712E+02 3.36499E+01
-1.17703E+02 3.36549E+01
-1.17696E+02 3.36641E+01
-1.17704E+02 3.36743E+01
-1.17711E+02 3.36843E+01
-1.17713E+02 3.36932E+01
-1.17713E+02 3.37017E+01
-1.17722E+02 3.37053E+01
-1.17735E+02 3.37133E+01
-1.17742E+02 3.37214E+01
-1.17750E+02 3.37299E+01
-1.17762E+02 3.37398E+01
-1.17767E+02 3.37476E+01
-1.17778E+02 3.37487E+01
-1.17788E+02 3.37617E+01
-1.17797E+02 3.37707E+01
-1.17806E+02 3.37839E+01
-1.17798E+02 3.37923E+01
-1.17805E+02 3.37985E+01
-1.17816E+02 3.38046E+01
-1.17821E+02 3.38093E+01
-1.17823E+02 3.38190E+01
-1.17831E+02 3.38310E+01
-1.17835E+02 3.38368E+01
-1.17835E+02 3.38446E+01
-1.17818E+02 3.38523E+01
-1.17797E+02 3.38538E+01
-1.17782E+02 3.38559E+01
-1.17769E+02 3.38624E+01
-1.17762E+02 3.38707E+01
-1.17769E+02 3.38751E+01
-1.17783E+02 3.38671E+01
-1.17798E+02 3.38678E+01
-1.17813E+02 3.38729E+01
-1.17832E+02 3.38710E+01
-1.17847E+02 3.38698E+01
-1.17858E+02 3.38695E+01
-1.17873E+02 3.38653E+01
-1.17877E+02 3.38739E+01
-1.17867E+02 3.38844E+01
-1.17864E+02 3.38909E+01
-1.17862E+02 3.39009E+01
-1.17865E+02 3.39044E+01
-1.17884E+02 3.38926E+01
-1.17897E+02 3.38847E+01
-1.17912E+02 3.38802E+01
-1.17930E+02 3.38753E+01
-1.17955E+02 3.38730E+01
-1.17968E+02 3.38766E+01
-1.17984E+02 3.38775E+01
-1.18003E+02 3.38792E+01
-1.18016E+02 3.38806E+01
-1.18028E+02 3.38883E+01
-1.18039E+02 3.38953E+01
-1.18035E+02 3.39053E+01
-1.18042E+02 3.39146E+01
-1.18059E+02 3.39150E+01
-1.18069E+02 3.39211E+01
-1.18077E+02 3.39290E+01
-1.18082E+02 3.39351E+01
-1.18080E+02 3.39475E+01
-1.18073E+02 3.39573E+01
-1.18061E+02 3.39554E+01
-1.18051E+02 3.39497E+01
-1.18040E+02 3.39417E+01
-1.18030E+02 3.39359E+01
-1.18013E+02 3.39352E+01
-1.18003E+02 3.39377E+01
-1.18002E+02 3.39506E+01
-1.18010E+02 3.39597E+01
-1.18023E+02 3.39706E+01
-1.18036E+02 3.39870E+01
-1.18055E+02 3.39907E+01
-1.18068E+02 3.39992E+01
-1.18080E+02 3.40017E+01
-1.18097E+02 3.40015E+01
-1.18106E+02 3.39954E+01
-1.18112E+02 3.39825E+01
-1.18117E+02 3.39759E+01
-1.18122E+02 3.39742E+01
-1.18133E+02 3.39774E+01
-1.18140E+02 3.39854E+01
-1.18143E+02 3.39924E+01
-1.18153E+02 3.39996E+01
-1.18169E+02 3.40007E+01
-1.18186E+02 3.40015E+01
-1.18207E+02 3.40018E+01
-1.18230E+02 3.40024E+01
-1.18248E+02 3.40017E+01
-1.18264E+02 3.40012E+01
-1.18283E+02 3.40013E+01
-1.18303E+02 3.40016E+01
-1.18316E+02 3.40028E+01
-1.18328E+02 3.40012E+01
qal4 
58 
-1.18220E+02 3.40720E+01
-1.18217E+02 3.40671E+01
-1.18218E+02 3.40604E+01
-1.18221E+02 3.40547E+01
-1.18221E+02 3.40459E+01
-1.18222E+02 3.40375E+01
-1.18222E+02 3.40282E+01
-1.18222E+02 3.40212E+01
-1.18214E+02 3.40186E+01
-1.18202E+02 3.40170E+01
-1.18191E+02 3.40173E+01
-1.18176E+02 3.40174E+01
-1.18171E+02 3.40130E+01
-1.18170E+02 3.40059E+01
-1.18163E+02 3.40026E+01
-1.18156E+02 3.40020E+01
-1.18155E+02 3.39999E+01
-1.18172E+02 3.39999E+01
-1.18198E+02 3.40001E+01
-1.18223E+02 3.39990E+01
-1.18254E+02 3.39998E+01
-1.18289E+02 3.40004E+01
-1.18315E+02 3.39992E+01
-1.18331E+02 3.40008E+01
-1.18346E+02 3.40135E+01
-1.18357E+02 3.40188E+01
-1.18366E+02 3.40221E+01
-1.18379E+02 3.40206E+01
-1.18387E+02 3.40137E+01
-1.18387E+02 3.40063E+01
-1.18389E+02 3.39999E+01
-1.18410E+02 3.40005E+01
-1.18429E+02 3.40008E+01
-1.18445E+02 3.40007E+01
-1.18463E+02 3.40003E+01
-1.18472E+02 3.40003E+01
-1.18469E+02 3.40046E+01
-1.18460E+02 3.40082E+01
-1.18447E+02 3.40084E+01
-1.18436E+02 3.40065E+01
-1.18428E+02 3.40059E+01
-1.18422E+02 3.40092E+01
-1.18413E+02 3.40185E+01
-1.18412E+02 3.40262E+01
-1.18403E+02 3.40288E+01
-1.18393E+02 3.40370E+01
-1.18384E+02 3.40425E+01
-1.18374E+02 3.40451E+01
-1.18366E+02 3.40443E+01
-1.18357E+02 3.40422E+01
-1.18342E+02 3.40364E+01
-1.18328E+02 3.40311E+01
-1.18312E+02 3.40312E+01
-1.18294E+02 3.40391E+01
-1.18275E+02 3.40462E+01
-1.18260E+02 3.40511E+01
-1.18241E+02 3.40538E+01
-1.18232E+02 3.40615E+01
qal6 
20 
-1.18481E+02 3.40116E+01
-1.18484E+02 3.40181E+01
-1.18477E+02 3.40264E+01
-1.18472E+02 3.40364E+01
-1.18464E+02 3.40432E+01
-1.18448E+02 3.40481E+01
-1.18435E+02 3.40510E+01
-1.18426E+02 3.40529E+01
-1.18421E+02 3.40431E+01
-1.18419E+02 3.40358E+01
-1.18422E+02 3.40260E+01
-1.18423E+02 3.40170E+01
-1.18421E+02 3.40120E+01
-1.18428E+02 3.40095E+01
-1.18434E+02 3.40196E+01
-1.18448E+02 3.40246E+01
-1.18460E+02 3.40274E+01
-1.18471E+02 3.40243E+01
-1.18476E+02 3.40195E+01
-1.18479E+02 3.40141E+01
qal7 
26 
-1.18381E+02 3.40469E+01
-1.18389E+02 3.40552E+01
-1.18398E+02 3.40599E+01
-1.18410E+02 3.40645E+01
-1.18415E+02 3.40730E+01
-1.18421E+02 3.40790E+01
-1.18402E+02 3.40845E+01
-1.18380E+02 3.40920E+01
-1.18362E+02 3.40989E+01
-1.18344E+02 3.41048E+01
-1.18326E+02 3.41049E+01
-1.18308E+02 3.41058E+01
-1.18295E+02 3.41118E+01
-1.18283E+02 3.41149E+01
-1.18280E+02 3.41102E+01
-1.18293E+02 3.41048E+01
-1.18304E+02 3.40953E+01
-1.18319E+02 3.40910E+01
-1.18336E+02 3.40907E+01
-1.18346E+02 3.40899E+01
-1.18351E+02 3.40800E+01
-1.18358E+02 3.40733E+01
-1.18365E+02 3.40647E+01
-1.18370E+02 3.40556E+01
-1.18372E+02 3.40507E+01
-1.18380E+02 3.40471E+01
qal8 
103 
-1.18103E+02 3.39983E+01
-1.18094E+02 3.40111E+01
-1.18083E+02 3.40229E+01
-1.18074E+02 3.40297E+01
-1.18075E+02 3.40394E+01
-1.18078E+02 3.40494E+01
-1.18085E+02 3.40556E+01
-1.18090E+02 3.40622E+01
-1.18085E+02 3.40657E+01
-1.18076E+02 3.40695E+01
-1.18064E+02 3.40745E+01
-1.18056E+02 3.40813E+01
-1.18047E+02 3.40832E+01
-1.18040E+02 3.40874E+01
-1.18037E+02 3.40964E+01
-1.18028E+02 3.41018E+01
-1.18038E+02 3.41057E+01
-1.18052E+02 3.41086E+01
-1.18061E+02 3.41112E+01
-1.18069E+02 3.41135E+01
-1.18076E+02 3.41069E+01
-1.18077E+02 3.41010E+01
-1.18085E+02 3.41016E+01
-1.18083E+02 3.41128E+01
-1.18083E+02 3.41271E+01
-1.18084E+02 3.41372E+01
-1.18087E+02 3.41484E+01
-1.18088E+02 3.41583E+01
-1.18091E+02 3.41670E+01
-1.18082E+02 3.41646E+01
-1.18075E+02 3.41556E+01
-1.18070E+02 3.41485E+01
-1.18056E+02 3.41452E+01
-1.18043E+02 3.41443E+01
-1.18036E+02 3.41482E+01
-1.18034E+02 3.41549E+01
-1.18029E+02 3.41488E+01
-1.18023E+02 3.41403E+01
-1.18014E+02 3.41332E+01
-1.18003E+02 3.41281E+01
-1.17998E+02 3.41169E+01
-1.17994E+02 3.41150E+01
-1.17976E+02 3.41236E+01
-1.17960E+02 3.41315E+01
-1.17944E+02 3.41406E+01
-1.17933E+02 3.41482E+01
-1.17921E+02 3.41556E+01
-1.17932E+02 3.41430E+01
-1.17947E+02 3.41276E+01
-1.17961E+02 3.41132E+01
-1.17971E+02 3.41042E+01
-1.17980E+02 3.40990E+01
-1.17984E+02 3.40913E+01
-1.17983E+02 3.40813E+01
-1.17965E+02 3.40805E+01
-1.17951E+02 3.40819E+01
-1.17931E+02 3.40992E+01
-1.17910E+02 3.41143E+01
-1.17903E+02 3.41272E+01
-1.17897E+02 3.41386E+01
-1.17886E+02 3.41418E+01
-1.17872E+02 3.41359E+01
-1.17862E+02 3.41268E+01
-1.17861E+02 3.41209E+01
-1.17859E+02 3.41157E+01
-1.17847E+02 3.41171E+01
-1.17856E+02 3.41106E+01
-1.17880E+02 3.41056E+01
-1.17891E+02 3.41027E+01
-1.17897E+02 3.40945E+01
-1.17883E+02 3.40910E+01
-1.17874E+02 3.40898E+01
-1.17879E+02 3.40808E+01
-1.17896E+02 3.40677E+01
-1.17908E+02 3.40592E+01
-1.17927E+02 3.40511E+01
-1.17927E+02 3.40378E+01
-1.17922E+02 3.40294E+01
-1.17938E+02 3.40291E+01
-1.17945E+02 3.40201E+01
-1.17933E+02 3.40158E+01
-1.17916E+02 3.40188E+01
-1.17905E+02 3.40153E+01
-1.17889E+02 3.40135E+01
-1.17879E+02 3.40102E+01
-1.17875E+02 3.40038E+01
-1.17891E+02 3.39997E+01
-1.17914E+02 3.40003E+01
-1.17940E+02 3.39992E+01
-1.17966E+02 3.39973E+01
-1.17975E+02 3.40007E+01
-1.17987E+02 3.40074E+01
-1.17991E+02 3.40202E+01
-1.17999E+02 3.40290E+01
-1.18005E+02 3.40387E+01
-1.18024E+02 3.40309E+01
-1.18036E+02 3.40235E+01
-1.18049E+02 3.40148E+01
-1.18056E+02 3.40075E+01
-1.18064E+02 3.39989E+01
-1.18074E+02 3.39982E+01
-1.18086E+02 3.39989E+01
-1.18095E+02 3.40000E+01
qal9 
13 
-1.18152E+02 3.40003E+01
-1.18144E+02 3.39924E+01
-1.18140E+02 3.39853E+01
-1.18134E+02 3.39788E+01
-1.18123E+02 3.39757E+01
-1.18114E+02 3.39808E+01
-1.18107E+02 3.39928E+01
-1.18103E+02 3.39999E+01
-1.18117E+02 3.40009E+01
-1.18128E+02 3.40013E+01
-1.18138E+02 3.40007E+01
-1.18145E+02 3.40009E+01
-1.18152E+02 3.40013E+01
qc1 
26 
-1.18093E+02 3.41844E+01
-1.18086E+02 3.41770E+01
-1.18082E+02 3.41704E+01
-1.18073E+02 3.41611E+01
-1.18073E+02 3.41527E+01
-1.18064E+02 3.41489E+01
-1.18053E+02 3.41437E+01
-1.18040E+02 3.41420E+01
-1.18020E+02 3.41384E+01
-1.18008E+02 3.41304E+01
-1.18000E+02 3.41213E+01
-1.17989E+02 3.41200E+01
-1.17973E+02 3.41270E+01
-1.17954E+02 3.41344E+01
-1.17938E+02 3.41436E+01
-1.17928E+02 3.41541E+01
-1.17946E+02 3.41551E+01
-1.17968E+02 3.41568E+01
-1.17988E+02 3.41623E+01
-1.18005E+02 3.41686E+01
-1.18023E+02 3.41694E+01
-1.18041E+02 3.41707E+01
-1.18059E+02 3.41738E+01
-1.18073E+02 3.41769E+01
-1.18087E+02 3.41813E+01
-1.18095E+02 3.41832E+01
qc10 
47 
-1.18000E+02 3.39467E+01
-1.18000E+02 3.39366E+01
-1.18006E+02 3.39335E+01
-1.18020E+02 3.39370E+01
-1.18029E+02 3.39342E+01
-1.18036E+02 3.39315E+01
-1.18037E+02 3.39404E+01
-1.18046E+02 3.39455E+01
-1.18056E+02 3.39509E+01
-1.18067E+02 3.39559E+01
-1.18075E+02 3.39602E+01
-1.18077E+02 3.39500E+01
-1.18079E+02 3.39411E+01
-1.18079E+02 3.39341E+01
-1.18076E+02 3.39297E+01
-1.18062E+02 3.39224E+01
-1.18060E+02 3.39146E+01
-1.18045E+02 3.39161E+01
-1.18040E+02 3.39102E+01
-1.18034E+02 3.39042E+01
-1.18039E+02 3.38987E+01
-1.18030E+02 3.38913E+01
-1.18020E+02 3.38867E+01
-1.18009E+02 3.38806E+01
-1.17998E+02 3.38849E+01
-1.17979E+02 3.38767E+01
-1.17961E+02 3.38765E+01
-1.17946E+02 3.38759E+01
-1.17928E+02 3.38777E+01
-1.17916E+02 3.38812E+01
-1.17899E+02 3.38852E+01
-1.17887E+02 3.38921E+01
-1.17874E+02 3.39012E+01
-1.17864E+02 3.39060E+01
-1.17850E+02 3.39112E+01
-1.17842E+02 3.39178E+01
-1.17836E+02 3.39249E+01
-1.17859E+02 3.39306E+01
-1.17876E+02 3.39330E+01
-1.17892E+02 3.39389E+01
-1.17908E+02 3.39469E+01
-1.17926E+02 3.39505E+01
-1.17940E+02 3.39551E+01
-1.17959E+02 3.39522E+01
-1.17979E+02 3.39493E+01
-1.17992E+02 3.39487E+01
-1.17998E+02 3.39501E+01
qc2 
28 
-1.17838E+02 3.39151E+01
-1.17845E+02 3.39058E+01
-1.17850E+02 3.38934E+01
-1.17852E+02 3.38872E+01
-1.17865E+02 3.38855E+01
-1.17872E+02 3.38790E+01
-1.17873E+02 3.38702E+01
-1.17873E+02 3.38701E+01
-1.17868E+02 3.38691E+01
-1.17851E+02 3.38711E+01
-1.17835E+02 3.38734E+01
-1.17815E+02 3.38746E+01
-1.17802E+02 3.38735E+01
-1.17791E+02 3.38676E+01
-1.17778E+02 3.38704E+01
-1.17769E+02 3.38777E+01
-1.17760E+02 3.38820E+01
-1.17751E+02 3.38806E+01
-1.17746E+02 3.38842E+01
-1.17754E+02 3.38871E+01
-1.17771E+02 3.38928E+01
-1.17783E+02 3.38980E+01
-1.17796E+02 3.39026E+01
-1.17808E+02 3.39070E+01
-1.17819E+02 3.39103E+01
-1.17830E+02 3.39113E+01
-1.17837E+02 3.39124E+01
-1.17842E+02 3.39115E+01
qc3 
27 
-1.17840E+02 3.39130E+01
-1.17844E+02 3.39075E+01
-1.17848E+02 3.39031E+01
-1.17850E+02 3.38963E+01
-1.17852E+02 3.38908E+01
-1.17862E+02 3.38868E+01
-1.17869E+02 3.38817E+01
-1.17875E+02 3.38759E+01
-1.17876E+02 3.38691E+01
-1.17869E+02 3.38704E+01
-1.17859E+02 3.38720E+01
-1.17844E+02 3.38720E+01
-1.17829E+02 3.38729E+01
-1.17812E+02 3.38721E+01
-1.17799E+02 3.38715E+01
-1.17786E+02 3.38669E+01
-1.17772E+02 3.38746E+01
-1.17764E+02 3.38806E+01
-1.17754E+02 3.38791E+01
-1.17754E+02 3.38865E+01
-1.17767E+02 3.38947E+01
-1.17782E+02 3.38984E+01
-1.17794E+02 3.39037E+01
-1.17807E+02 3.39077E+01
-1.17818E+02 3.39102E+01
-1.17828E+02 3.39119E+01
-1.17836E+02 3.39130E+01
qc4 
44 
-1.18370E+02 3.40430E+01
-1.18371E+02 3.40493E+01
-1.18371E+02 3.40533E+01
-1.18368E+02 3.40578E+01
-1.18366E+02 3.40622E+01
-1.18364E+02 3.40660E+01
-1.18359E+02 3.40740E+01
-1.18353E+02 3.40792E+01
-1.18348E+02 3.40837E+01
-1.18345E+02 3.40893E+01
-1.18339E+02 3.40909E+01
-1.18329E+02 3.40921E+01
-1.18316E+02 3.40914E+01
-1.18310E+02 3.40926E+01
-1.18300E+02 3.40955E+01
-1.18293E+02 3.41005E+01
-1.18286E+02 3.41042E+01
-1.18279E+02 3.41045E+01
-1.18276E+02 3.41000E+01
-1.18276E+02 3.40954E+01
-1.18281E+02 3.40916E+01
-1.18283E+02 3.40847E+01
-1.18285E+02 3.40795E+01
-1.18286E+02 3.40734E+01
-1.18284E+02 3.40692E+01
-1.18280E+02 3.40653E+01
-1.18276E+02 3.40620E+01
-1.18269E+02 3.40599E+01
-1.18261E+02 3.40560E+01
-1.18257E+02 3.40541E+01
-1.18257E+02 3.40514E+01
-1.18269E+02 3.40497E+01
-1.18279E+02 3.40476E+01
-1.18286E+02 3.40430E+01
-1.18293E+02 3.40403E+01
-1.18303E+02 3.40376E+01
-1.18307E+02 3.40330E+01
-1.18314E+02 3.40304E+01
-1.18323E+02 3.40312E+01
-1.18331E+02 3.40348E+01
-1.18340E+02 3.40371E+01
-1.18347E+02 3.40393E+01
-1.18355E+02 3.40415E+01
-1.18360E+02 3.40434E+01
qc5 
46 
-1.18490E+02 3.40129E+01
-1.18484E+02 3.40195E+01
-1.18478E+02 3.40264E+01
-1.18475E+02 3.40333E+01
-1.18468E+02 3.40396E+01
-1.18460E+02 3.40461E+01
-1.18451E+02 3.40482E+01
-1.18442E+02 3.40524E+01
-1.18433E+02 3.40544E+01
-1.18426E+02 3.40559E+01
-1.18419E+02 3.40593E+01
-1.18412E+02 3.40641E+01
-1.18414E+02 3.40705E+01
-1.18417E+02 3.40754E+01
-1.18417E+02 3.40816E+01
-1.18409E+02 3.40836E+01
-1.18401E+02 3.40871E+01
-1.18395E+02 3.40909E+01
-1.18404E+02 3.40891E+01
-1.18412E+02 3.40895E+01
-1.18421E+02 3.40905E+01
-1.18427E+02 3.40919E+01
-1.18433E+02 3.40869E+01
-1.18439E+02 3.40817E+01
-1.18446E+02 3.40794E+01
-1.18456E+02 3.40762E+01
-1.18463E+02 3.40725E+01
-1.18469E+02 3.40707E+01
-1.18479E+02 3.40702E+01
-1.18485E+02 3.40668E+01
-1.18489E+02 3.40644E+01
-1.18496E+02 3.40585E+01
-1.18503E+02 3.40544E+01
-1.18513E+02 3.40518E+01
-1.18520E+02 3.40508E+01
-1.18526E+02 3.40501E+01
-1.18529E+02 3.40458E+01
-1.18531E+02 3.40392E+01
-1.18531E+02 3.40365E+01
-1.18522E+02 3.40322E+01
-1.18514E+02 3.40269E+01
-1.18508E+02 3.40232E+01
-1.18502E+02 3.40196E+01
-1.18498E+02 3.40162E+01
-1.18494E+02 3.40126E+01
-1.18490E+02 3.40101E+01
qc6 
49 
-1.18237E+02 3.41131E+01
-1.18238E+02 3.41209E+01
-1.18242E+02 3.41254E+01
-1.18238E+02 3.41309E+01
-1.18232E+02 3.41341E+01
-1.18223E+02 3.41393E+01
-1.18218E+02 3.41354E+01
-1.18216E+02 3.41264E+01
-1.18210E+02 3.41276E+01
-1.18201E+02 3.41307E+01
-1.18193E+02 3.41324E+01
-1.18189E+02 3.41375E+01
-1.18191E+02 3.41434E+01
-1.18204E+02 3.41442E+01
-1.18217E+02 3.41452E+01
-1.18226E+02 3.41501E+01
-1.18231E+02 3.41541E+01
-1.18236E+02 3.41604E+01
-1.18242E+02 3.41658E+01
-1.18249E+02 3.41694E+01
-1.18257E+02 3.41734E+01
-1.18264E+02 3.41776E+01
-1.18272E+02 3.41817E+01
-1.18277E+02 3.41868E+01
-1.18282E+02 3.41894E+01
-1.18289E+02 3.41922E+01
-1.18295E+02 3.41948E+01
-1.18301E+02 3.41981E+01
-1.18307E+02 3.42011E+01
-1.18312E+02 3.42036E+01
-1.18316E+02 3.42040E+01
-1.18313E+02 3.41953E+01
-1.18307E+02 3.41892E+01
-1.18302E+02 3.41826E+01
-1.18300E+02 3.41766E+01
-1.18293E+02 3.41708E+01
-1.18286E+02 3.41653E+01
-1.18279E+02 3.41591E+01
-1.18275E+02 3.41521E+01
-1.18272E+02 3.41447E+01
-1.18268E+02 3.41368E+01
-1.18267E+02 3.41283E+01
-1.18264E+02 3.41220E+01
-1.18262E+02 3.41163E+01
-1.18258E+02 3.41127E+01
-1.18249E+02 3.41106E+01
-1.18244E+02 3.41094E+01
-1.18238E+02 3.41077E+01
-1.18234E+02 3.41122E+01
qc7 
102 
-1.18217E+02 3.42258E+01
-1.18219E+02 3.42202E+01
-1.18219E+02 3.42150E+01
-1.18216E+02 3.42094E+01
-1.18210E+02 3.42020E+01
-1.18202E+02 3.41985E+01
-1.18194E+02 3.41949E+01
-1.18184E+02 3.41927E+01
-1.18179E+02 3.41893E+01
-1.18172E+02 3.41854E+01
-1.18169E+02 3.41770E+01
-1.18166E+02 3.41709E+01
-1.18162E+02 3.41649E+01
-1.18160E+02 3.41571E+01
-1.18161E+02 3.41507E+01
-1.18161E+02 3.41421E+01
-1.18161E+02 3.41359E+01
-1.18160E+02 3.41275E+01
-1.18162E+02 3.41196E+01
-1.18165E+02 3.41142E+01
-1.18160E+02 3.41106E+01
-1.18155E+02 3.41081E+01
-1.18156E+02 3.41000E+01
-1.18160E+02 3.40947E+01
-1.18154E+02 3.40902E+01
-1.18149E+02 3.40829E+01
-1.18151E+02 3.40761E+01
-1.18152E+02 3.40695E+01
-1.18155E+02 3.40632E+01
-1.18144E+02 3.40610E+01
-1.18131E+02 3.40579E+01
-1.18119E+02 3.40570E+01
-1.18109E+02 3.40549E+01
-1.18121E+02 3.40478E+01
-1.18130E+02 3.40420E+01
-1.18139E+02 3.40399E+01
-1.18153E+02 3.40423E+01
-1.18166E+02 3.40432E+01
-1.18177E+02 3.40432E+01
-1.18192E+02 3.40425E+01
-1.18203E+02 3.40441E+01
-1.18213E+02 3.40470E+01
-1.18223E+02 3.40448E+01
-1.18222E+02 3.40355E+01
-1.18221E+02 3.40280E+01
-1.18219E+02 3.40212E+01
-1.18205E+02 3.40181E+01
-1.18191E+02 3.40200E+01
-1.18184E+02 3.40205E+01
-1.18174E+02 3.40190E+01
-1.18171E+02 3.40120E+01
-1.18168E+02 3.40049E+01
-1.18160E+02 3.40034E+01
-1.18155E+02 3.40024E+01
-1.18154E+02 3.40005E+01
-1.18138E+02 3.39994E+01
-1.18123E+02 3.40004E+01
-1.18108E+02 3.40002E+01
-1.18102E+02 3.40020E+01
-1.18094E+02 3.40121E+01
-1.18083E+02 3.40213E+01
-1.18077E+02 3.40284E+01
-1.18074E+02 3.40389E+01
-1.18078E+02 3.40495E+01
-1.18085E+02 3.40580E+01
-1.18095E+02 3.40642E+01
-1.18096E+02 3.40679E+01
-1.18088E+02 3.40654E+01
-1.18083E+02 3.40662E+01
-1.18070E+02 3.40689E+01
-1.18060E+02 3.40755E+01
-1.18057E+02 3.40798E+01
-1.18049E+02 3.40831E+01
-1.18039E+02 3.40887E+01
-1.18039E+02 3.40957E+01
-1.18041E+02 3.41000E+01
-1.18032E+02 3.40988E+01
-1.18027E+02 3.41031E+01
-1.18041E+02 3.41073E+01
-1.18053E+02 3.41087E+01
-1.18063E+02 3.41120E+01
-1.18075E+02 3.41114E+01
-1.18077E+02 3.41015E+01
-1.18073E+02 3.40948E+01
-1.18082E+02 3.40974E+01
-1.18087E+02 3.41041E+01
-1.18082E+02 3.41139E+01
-1.18084E+02 3.41302E+01
-1.18086E+02 3.41408E+01
-1.18087E+02 3.41517E+01
-1.18090E+02 3.41620E+01
-1.18098E+02 3.41735E+01
-1.18103E+02 3.41812E+01
-1.18108E+02 3.41895E+01
-1.18121E+02 3.41980E+01
-1.18135E+02 3.42066E+01
-1.18147E+02 3.42106E+01
-1.18161E+02 3.42127E+01
-1.18171E+02 3.42108E+01
-1.18181E+02 3.42145E+01
-1.18196E+02 3.42190E+01
-1.18208E+02 3.42255E+01
qc9 
23 
-1.18473E+02 3.40080E+01
-1.18476E+02 3.40090E+01
-1.18478E+02 3.40131E+01
-1.18479E+02 3.40176E+01
-1.18474E+02 3.40194E+01
-1.18471E+02 3.40233E+01
-1.18468E+02 3.40254E+01
-1.18462E+02 3.40265E+01
-1.18456E+02 3.40272E+01
-1.18450E+02 3.40263E+01
-1.18445E+02 3.40233E+01
-1.18436E+02 3.40202E+01
-1.18431E+02 3.40182E+01
-1.18430E+02 3.40128E+01
-1.18428E+02 3.40078E+01
-1.18432E+02 3.40049E+01
-1.18442E+02 3.40064E+01
-1.18449E+02 3.40074E+01
-1.18454E+02 3.40088E+01
-1.18461E+02 3.40078E+01
-1.18465E+02 3.40073E+01
-1.18468E+02 3.40061E+01
-1.18473E+02 3.40064E+01
qm1 
22 
-1.18420E+02 3.40140E+01
-1.18421E+02 3.40232E+01
-1.18420E+02 3.40311E+01
-1.18419E+02 3.40369E+01
-1.18421E+02 3.40427E+01
-1.18423E+02 3.40502E+01
-1.18418E+02 3.40550E+01
-1.18411E+02 3.40563E+01
-1.18402E+02 3.40570E+01
-1.18395E+02 3.40601E+01
-1.18387E+02 3.40540E+01
-1.18384E+02 3.40498E+01
-1.18385E+02 3.40442E+01
-1.18390E+02 3.40400E+01
-1.18396E+02 3.40386E+01
-1.18399E+02 3.40325E+01
-1.18405E+02 3.40295E+01
-1.18410E+02 3.40283E+01
-1.18415E+02 3.40237E+01
-1.18414E+02 3.40188E+01
-1.18416E+02 3.40131E+01
-1.18421E+02 3.40150E+01
qm2 
25 
-1.18383E+02 3.40024E+01
-1.18383E+02 3.40080E+01
-1.18384E+02 3.40129E+01
-1.18382E+02 3.40198E+01
-1.18376E+02 3.40193E+01
-1.18372E+02 3.40159E+01
-1.18367E+02 3.40110E+01
-1.18366E+02 3.40072E+01
-1.18365E+02 3.40042E+01
-1.18360E+02 3.40031E+01
-1.18355E+02 3.40037E+01
-1.18346E+02 3.40044E+01
-1.18340E+02 3.40058E+01
-1.18336E+02 3.40050E+01
-1.18333E+02 3.40003E+01
-1.18333E+02 3.39955E+01
-1.18338E+02 3.39912E+01
-1.18344E+02 3.39883E+01
-1.18352E+02 3.39857E+01
-1.18361E+02 3.39835E+01
-1.18368E+02 3.39835E+01
-1.18375E+02 3.39873E+01
-1.18380E+02 3.39908E+01
-1.18382E+02 3.39943E+01
-1.18385E+02 3.39983E+01
qm3 
93 
-1.18388E+02 3.38092E+01
-1.18389E+02 3.38158E+01
-1.18387E+02 3.38256E+01
-1.18387E+02 3.38346E+01
-1.18389E+02 3.38440E+01
-1.18394E+02 3.38533E+01
-1.18398E+02 3.38629E+01
-1.18405E+02 3.38768E+01
-1.18409E+02 3.38867E+01
-1.18414E+02 3.38952E+01
-1.18419E+02 3.39072E+01
-1.18424E+02 3.39175E+01
-1.18430E+02 3.39273E+01
-1.18436E+02 3.39369E+01
-1.18441E+02 3.39464E+01
-1.18445E+02 3.39556E+01
-1.18443E+02 3.39612E+01
-1.18431E+02 3.39656E+01
-1.18421E+02 3.39660E+01
-1.18413E+02 3.39723E+01
-1.18400E+02 3.39773E+01
-1.18395E+02 3.39831E+01
-1.18385E+02 3.39711E+01
-1.18383E+02 3.39631E+01
-1.18387E+02 3.39564E+01
-1.18393E+02 3.39515E+01
-1.18395E+02 3.39470E+01
-1.18393E+02 3.39438E+01
-1.18391E+02 3.39374E+01
-1.18387E+02 3.39324E+01
-1.18381E+02 3.39291E+01
-1.18376E+02 3.39244E+01
-1.18372E+02 3.39204E+01
-1.18368E+02 3.39154E+01
-1.18364E+02 3.39102E+01
-1.18361E+02 3.39068E+01
-1.18356E+02 3.39089E+01
-1.18357E+02 3.39150E+01
-1.18356E+02 3.39186E+01
-1.18353E+02 3.39186E+01
-1.18350E+02 3.39150E+01
-1.18350E+02 3.39076E+01
-1.18351E+02 3.39024E+01
-1.18357E+02 3.38954E+01
-1.18362E+02 3.38932E+01
-1.18358E+02 3.38864E+01
-1.18352E+02 3.38844E+01
-1.18348E+02 3.38760E+01
-1.18348E+02 3.38662E+01
-1.18345E+02 3.38582E+01
-1.18335E+02 3.38515E+01
-1.18330E+02 3.38472E+01
-1.18321E+02 3.38392E+01
-1.18316E+02 3.38376E+01
-1.18321E+02 3.38335E+01
-1.18320E+02 3.38293E+01
-1.18313E+02 3.38243E+01
-1.18307E+02 3.38215E+01
-1.18307E+02 3.38146E+01
-1.18307E+02 3.38060E+01
-1.18312E+02 3.38040E+01
-1.18321E+02 3.38067E+01
-1.18327E+02 3.38087E+01
-1.18334E+02 3.38120E+01
-1.18342E+02 3.38173E+01
-1.18347E+02 3.38181E+01
-1.18349E+02 3.38205E+01
-1.18352E+02 3.38219E+01
-1.18358E+02 3.38188E+01
-1.18363E+02 3.38139E+01
-1.18363E+02 3.38102E+01
-1.18362E+02 3.38052E+01
-1.18366E+02 3.38019E+01
-1.18375E+02 3.38038E+01
-1.18381E+02 3.38039E+01
-1.18388E+02 3.38045E+01
-1.18389E+02 3.38059E+01
-1.18389E+02 3.38156E+01
-1.18386E+02 3.38240E+01
-1.18386E+02 3.38341E+01
-1.18388E+02 3.38434E+01
-1.18394E+02 3.38514E+01
-1.18397E+02 3.38622E+01
-1.18404E+02 3.38763E+01
-1.18410E+02 3.38891E+01
-1.18414E+02 3.38982E+01
-1.18418E+02 3.39082E+01
-1.18425E+02 3.39185E+01
-1.18430E+02 3.39268E+01
-1.18434E+02 3.39364E+01
-1.18438E+02 3.39446E+01
-1.18440E+02 3.39505E+01
-1.18443E+02 3.39564E+01
qs1 
15 
-1.18485E+02 3.40006E+01
-1.18489E+02 3.40035E+01
-1.18492E+02 3.40057E+01
-1.18496E+02 3.40086E+01
-1.18489E+02 3.40108E+01
-1.18487E+02 3.40142E+01
-1.18484E+02 3.40156E+01
-1.18480E+02 3.40115E+01
-1.18477E+02 3.40097E+01
-1.18475E+02 3.40075E+01
-1.18473E+02 3.40055E+01
-1.18469E+02 3.40030E+01
-1.18473E+02 3.40010E+01
-1.18478E+02 3.40012E+01
-1.18482E+02 3.40009E+01
qs2 
101 
-1.18394E+02 3.39833E+01
-1.18387E+02 3.39907E+01
-1.18383E+02 3.39992E+01
-1.18382E+02 3.40022E+01
-1.18368E+02 3.40017E+01
-1.18357E+02 3.40004E+01
-1.18345E+02 3.40018E+01
-1.18335E+02 3.40015E+01
-1.18329E+02 3.40015E+01
-1.18329E+02 3.39950E+01
-1.18329E+02 3.39881E+01
-1.18328E+02 3.39834E+01
-1.18324E+02 3.39791E+01
-1.18314E+02 3.39789E+01
-1.18304E+02 3.39777E+01
-1.18297E+02 3.39760E+01
-1.18288E+02 3.39675E+01
-1.18281E+02 3.39587E+01
-1.18271E+02 3.39482E+01
-1.18262E+02 3.39384E+01
-1.18255E+02 3.39286E+01
-1.18249E+02 3.39183E+01
-1.18242E+02 3.39054E+01
-1.18232E+02 3.38935E+01
-1.18225E+02 3.38859E+01
-1.18217E+02 3.38765E+01
-1.18213E+02 3.38684E+01
-1.18215E+02 3.38576E+01
-1.18218E+02 3.38484E+01
-1.18222E+02 3.38460E+01
-1.18232E+02 3.38477E+01
-1.18243E+02 3.38522E+01
-1.18252E+02 3.38549E+01
-1.18259E+02 3.38562E+01
-1.18267E+02 3.38541E+01
-1.18275E+02 3.38541E+01
-1.18270E+02 3.38462E+01
-1.18270E+02 3.38389E+01
-1.18263E+02 3.38358E+01
-1.18248E+02 3.38317E+01
-1.18239E+02 3.38214E+01
-1.18230E+02 3.38140E+01
-1.18227E+02 3.38022E+01
-1.18230E+02 3.37923E+01
-1.18238E+02 3.37844E+01
-1.18244E+02 3.37788E+01
-1.18257E+02 3.37761E+01
-1.18273E+02 3.37742E+01
-1.18277E+02 3.37699E+01
-1.18282E+02 3.37537E+01
-1.18293E+02 3.37616E+01
-1.18304E+02 3.37738E+01
-1.18313E+02 3.37821E+01
-1.18321E+02 3.37862E+01
-1.18330E+02 3.37905E+01
-1.18338E+02 3.37943E+01
-1.18347E+02 3.37985E+01
-1.18356E+02 3.38034E+01
-1.18362E+02 3.38105E+01
-1.18360E+02 3.38166E+01
-1.18354E+02 3.38221E+01
-1.18346E+02 3.38174E+01
-1.18337E+02 3.38136E+01
-1.18329E+02 3.38090E+01
-1.18318E+02 3.38071E+01
-1.18309E+02 3.38047E+01
-1.18307E+02 3.38119E+01
-1.18306E+02 3.38191E+01
-1.18312E+02 3.38250E+01
-1.18320E+02 3.38304E+01
-1.18316E+02 3.38364E+01
-1.18316E+02 3.38413E+01
-1.18326E+02 3.38430E+01
-1.18337E+02 3.38487E+01
-1.18342E+02 3.38562E+01
-1.18346E+02 3.38645E+01
-1.18348E+02 3.38746E+01
-1.18351E+02 3.38818E+01
-1.18356E+02 3.38861E+01
-1.18361E+02 3.38904E+01
-1.18362E+02 3.38935E+01
-1.18357E+02 3.38973E+01
-1.18352E+02 3.39023E+01
-1.18351E+02 3.39088E+01
-1.18351E+02 3.39162E+01
-1.18353E+02 3.39200E+01
-1.18356E+02 3.39174E+01
-1.18356E+02 3.39119E+01
-1.18361E+02 3.39067E+01
-1.18367E+02 3.39116E+01
-1.18372E+02 3.39207E+01
-1.18380E+02 3.39287E+01
-1.18387E+02 3.39342E+01
-1.18392E+02 3.39403E+01
-1.18389E+02 3.39568E+01
-1.18382E+02 3.39602E+01
-1.18385E+02 3.39690E+01
-1.18385E+02 3.39779E+01
-1.18389E+02 3.39868E+01
-1.18385E+02 3.39938E+01
-1.18383E+02 3.40001E+01
qt1 
40 
-1.18199E+02 3.37695E+01
-1.18198E+02 3.37780E+01
-1.18195E+02 3.37845E+01
-1.18190E+02 3.37903E+01
-1.18187E+02 3.37973E+01
-1.18187E+02 3.38057E+01
-1.18188E+02 3.38118E+01
-1.18193E+02 3.38165E+01
-1.18200E+02 3.38219E+01
-1.18200E+02 3.38326E+01
-1.18195E+02 3.38384E+01
-1.18188E+02 3.38423E+01
-1.18183E+02 3.38479E+01
-1.18179E+02 3.38508E+01
-1.18167E+02 3.38507E+01
-1.18156E+02 3.38483E+01
-1.18147E+02 3.38455E+01
-1.18141E+02 3.38442E+01
-1.18138E+02 3.38384E+01
-1.18141E+02 3.38319E+01
-1.18143E+02 3.38241E+01
-1.18145E+02 3.38173E+01
-1.18144E+02 3.38085E+01
-1.18139E+02 3.38043E+01
-1.18134E+02 3.37978E+01
-1.18134E+02 3.37900E+01
-1.18122E+02 3.37896E+01
-1.18113E+02 3.37836E+01
-1.18106E+02 3.37804E+01
-1.18104E+02 3.37732E+01
-1.18112E+02 3.37688E+01
-1.18122E+02 3.37722E+01
-1.18129E+02 3.37650E+01
-1.18139E+02 3.37615E+01
-1.18147E+02 3.37620E+01
-1.18160E+02 3.37639E+01
-1.18171E+02 3.37666E+01
-1.18182E+02 3.37681E+01
-1.18190E+02 3.37687E+01
-1.18197E+02 3.37690E+01
qt2 
11 
-1.18055E+02 3.37110E+01
-1.18056E+02 3.37220E+01
-1.18047E+02 3.37211E+01
-1.18039E+02 3.37232E+01
-1.18029E+02 3.37245E+01
-1.18026E+02 3.37220E+01
-1.18029E+02 3.37169E+01
-1.18038E+02 3.37113E+01
-1.18043E+02 3.37063E+01
-1.18051E+02 3.37058E+01
-1.18056E+02 3.37095E+01
qt3 
31 
-1.17946E+02 3.36303E+01
-1.17944E+02 3.36426E+01
-1.17942E+02 3.36576E+01
-1.17936E+02 3.36721E+01
-1.17936E+02 3.36832E+01
-1.17933E+02 3.36921E+01
-1.17919E+02 3.36879E+01
-1.17905E+02 3.36842E+01
-1.17892E+02 3.36850E+01
-1.17884E+02 3.36898E+01
-1.17869E+02 3.36865E+01
-1.17852E+02 3.36797E+01
-1.17846E+02 3.36751E+01
-1.17819E+02 3.36667E+01
-1.17804E+02 3.36684E+01
-1.17795E+02 3.36591E+01
-1.17815E+02 3.36579E+01
-1.17821E+02 3.36459E+01
-1.17831E+02 3.36453E+01
-1.17841E+02 3.36477E+01
-1.17847E+02 3.36383E+01
-1.17857E+02 3.36426E+01
-1.17860E+02 3.36329E+01
-1.17863E+02 3.36212E+01
-1.17873E+02 3.36104E+01
-1.17881E+02 3.36041E+01
-1.17895E+02 3.36109E+01
-1.17911E+02 3.36177E+01
-1.17923E+02 3.36196E+01
-1.17936E+02 3.36234E+01
-1.17944E+02 3.36296E+01
qt4 
81
   -117.917    34.0310
   -117.923    34.0368
   -117.928    34.0380
   -117.929    34.0434
   -117.926    34.0474
   -117.920    34.0506
   -117.913    34.0569
   -117.902    34.0639
   -117.898    34.0662
   -117.890    34.0669
   -117.880    34.0710
   -117.865    34.0766
   -117.859    34.0797
   -117.858    34.0820
   -117.867    34.0801
   -117.875    34.0760
   -117.883    34.0749
   -117.884    34.0760
   -117.876    34.0841
   -117.870    34.0895
   -117.870    34.0927
   -117.849    34.0980
   -117.830    34.1079
   -117.819    34.1128
   -117.799    34.1185
   -117.782    34.1274
   -117.773    34.1359
   -117.769    34.1486
   -117.758    34.1543
   -117.751    34.1542
   -117.743    34.1564
   -117.734    34.1581
   -117.725    34.1609
   -117.728    34.1559
   -117.736    34.1506
   -117.740    34.1415
   -117.741    34.1366
   -117.745    34.1371
   -117.752    34.1319
   -117.755    34.1319
   -117.753    34.1365
   -117.755    34.1373
   -117.754    34.1403
   -117.758    34.1407
   -117.765    34.1358
   -117.766    34.1295
   -117.769    34.1288
   -117.776    34.1253
   -117.779    34.1128
   -117.782    34.1063
   -117.788    34.1014
   -117.798    34.1018
   -117.806    34.0968
   -117.809    34.0999
   -117.817    34.0969
   -117.826    34.0932
   -117.826    34.0901
   -117.837    34.0868
   -117.851    34.0835
   -117.856    34.0812
   -117.851    34.0772
   -117.854    34.0722
   -117.853    34.0704
   -117.854    34.0684
   -117.861    34.0670
   -117.861    34.0614
   -117.870    34.0592
   -117.877    34.0637
   -117.881    34.0602
   -117.890    34.0575
   -117.892    34.0540
   -117.901    34.0537
   -117.904    34.0525
   -117.906    34.0501
   -117.913    34.0484
   -117.916    34.0438
   -117.917    34.0394
   -117.914    34.0334
   -117.917    34.0312
   -117.923    34.0373
   -117.929    34.0399
sb_qof1
43
   -117.650    34.1600
   -117.650    34.1565
   -117.648    34.1546
   -117.641    34.1580
   -117.642    34.1505
   -117.643    34.1434
   -117.667    34.1552
   -117.665    34.1504
   -117.660    34.1473
   -117.655    34.1472
   -117.651    34.1532
   -117.647    34.1555
   -117.640    34.1585
   -117.634    34.1577
   -117.630    34.1425
   -117.622    34.1288
   -117.622    34.1224
   -117.622    34.1111
   -117.618    34.1037
   -117.609    34.1042
   -117.604    34.0944
   -117.599    34.1122
   -117.598    34.1201
   -117.592    34.1235
   -117.590    34.1289
   -117.588    34.1352
   -117.593    34.1439
   -117.591    34.1487
   -117.586    34.1578
   -117.582    34.1642
   -117.588    34.1701
   -117.592    34.1713
   -117.595    34.1648
   -117.601    34.1668
   -117.607    34.1649
   -117.606    34.1712
   -117.612    34.1699
   -117.616    34.1692
   -117.622    34.1687
   -117.628    34.1700
   -117.636    34.1625
   -117.643    34.1619
   -117.649    34.1605
sb_qof2
56
   -117.557    34.1696
   -117.555    34.1635
   -117.554    34.1612
   -117.549    34.1666
   -117.546    34.1697
   -117.543    34.1673
   -117.537    34.1471
   -117.529    34.1289
   -117.525    34.1114
   -117.528    34.1059
   -117.539    34.1095
   -117.540    34.0962
   -117.539    34.0895
   -117.540    34.0789
   -117.539    34.0741
   -117.532    34.0706
   -117.522    34.0865
   -117.514    34.1071
   -117.508    34.1243
   -117.506    34.1317
   -117.500    34.1316
   -117.496    34.1381
   -117.494    34.1407
   -117.496    34.1505
   -117.501    34.1559
   -117.492    34.1561
   -117.483    34.1567
   -117.476    34.1607
   -117.471    34.1655
   -117.459    34.1684
   -117.451    34.1731
   -117.450    34.1779
   -117.467    34.1730
   -117.476    34.1695
   -117.484    34.1703
   -117.489    34.1689
   -117.493    34.1663
   -117.497    34.1730
   -117.499    34.1772
   -117.504    34.1774
   -117.504    34.1722
   -117.507    34.1707
   -117.513    34.1732
   -117.519    34.1732
   -117.522    34.1796
   -117.524    34.1788
   -117.524    34.1742
   -117.527    34.1734
   -117.532    34.1796
   -117.536    34.1819
   -117.541    34.1754
   -117.546    34.1729
   -117.550    34.1751
   -117.553    34.1763
   -117.555    34.1725
   -117.559    34.1712
sb_qof3
33
   -117.395    34.1503
   -117.389    34.1387
   -117.386    34.1283
   -117.393    34.1272
   -117.392    34.1159
   -117.390    34.1072
   -117.386    34.1013
   -117.376    34.0974
   -117.375    34.0872
   -117.372    34.0779
   -117.372    34.0692
   -117.369    34.0634
   -117.366    34.0817
   -117.367    34.0948
   -117.364    34.0924
   -117.359    34.0914
   -117.350    34.0934
   -117.344    34.0964
   -117.345    34.0894
   -117.345    34.0780
   -117.348    34.0563
   -117.343    34.0493
   -117.329    34.0479
   -117.320    34.0545
   -117.311    34.0612
   -117.310    34.0705
   -117.317    34.0811
   -117.326    34.0946
   -117.340    34.1124
   -117.352    34.1225
   -117.365    34.1351
   -117.381    34.1459
   -117.393    34.1516
sb_qof4
72
   -117.415    34.2416
   -117.414    34.2393
   -117.418    34.2379
   -117.420    34.2390
   -117.424    34.2335
   -117.419    34.2251
   -117.408    34.2221
   -117.401    34.2175
   -117.391    34.2167
   -117.384    34.2047
   -117.377    34.1907
   -117.370    34.1736
   -117.363    34.1568
   -117.355    34.1419
   -117.345    34.1310
   -117.335    34.1191
   -117.327    34.1093
   -117.318    34.1015
   -117.305    34.0948
   -117.297    34.0887
   -117.293    34.0906
   -117.295    34.0955
   -117.306    34.0999
   -117.321    34.1092
   -117.326    34.1188
   -117.332    34.1299
   -117.335    34.1373
   -117.343    34.1467
   -117.350    34.1628
   -117.354    34.1765
   -117.361    34.1860
   -117.369    34.1982
   -117.362    34.2000
   -117.359    34.2037
   -117.354    34.1952
   -117.351    34.1976
   -117.348    34.1969
   -117.343    34.1917
   -117.338    34.1982
   -117.334    34.1965
   -117.330    34.1929
   -117.324    34.1892
   -117.322    34.1842
   -117.315    34.1868
   -117.307    34.1816
   -117.302    34.1805
   -117.297    34.1767
   -117.290    34.1731
   -117.290    34.1686
   -117.283    34.1657
   -117.278    34.1710
   -117.267    34.1776
   -117.258    34.1838
   -117.255    34.1881
   -117.266    34.1882
   -117.273    34.1815
   -117.283    34.1811
   -117.302    34.1880
   -117.312    34.1920
   -117.321    34.1931
   -117.332    34.1984
   -117.352    34.2072
   -117.368    34.2148
   -117.368    34.2218
   -117.366    34.2287
   -117.373    34.2302
   -117.380    34.2248
   -117.387    34.2287
   -117.401    34.2359
   -117.410    34.2419
   -117.416    34.2464
   -117.420    34.2439
sb_qof5
79
   -117.218    34.1446
   -117.222    34.1388
   -117.223    34.1353
   -117.218    34.1348
   -117.222    34.1275
   -117.224    34.1214
   -117.214    34.1168
   -117.205    34.1139
   -117.195    34.1215
   -117.194    34.1304
   -117.195    34.1374
   -117.190    34.1329
   -117.182    34.1214
   -117.182    34.1145
   -117.171    34.1191
   -117.161    34.1180
   -117.158    34.1125
   -117.150    34.1109
   -117.144    34.1176
   -117.152    34.1206
   -117.157    34.1239
   -117.162    34.1301
   -117.168    34.1292
   -117.171    34.1373
   -117.179    34.1356
   -117.187    34.1370
   -117.206    34.1417
   -117.215    34.1447
   -117.250    34.1590
   -117.246    34.1554
   -117.239    34.1552
   -117.232    34.1509
   -117.216    34.1444
   -117.221    34.1393
   -117.223    34.1365
   -117.218    34.1345
   -117.221    34.1287
   -117.225    34.1219
   -117.237    34.1222
   -117.251    34.1183
   -117.265    34.1136
   -117.274    34.1079
   -117.286    34.1021
   -117.290    34.0989
   -117.288    34.0906
   -117.273    34.0981
   -117.259    34.1065
   -117.244    34.1072
   -117.229    34.1060
   -117.218    34.1100
   -117.205    34.1135
   -117.196    34.1209
   -117.193    34.1322
   -117.184    34.1226
   -117.181    34.1145
   -117.172    34.1188
   -117.167    34.1197
   -117.161    34.1180
   -117.155    34.1167
   -117.157    34.1117
   -117.147    34.1113
   -117.142    34.1095
   -117.130    34.1080
   -117.122    34.1044
   -117.112    34.1054
   -117.119    34.1120
   -117.126    34.1133
   -117.132    34.1145
   -117.139    34.1149
   -117.148    34.1190
   -117.154    34.1234
   -117.160    34.1278
   -117.163    34.1323
   -117.168    34.1289
   -117.171    34.1338
   -117.172    34.1385
   -117.180    34.1360
   -117.206    34.1420
   -117.216    34.1459
sb_qof6
10
   -117.248    34.1609
   -117.248    34.1568
   -117.241    34.1559
   -117.235    34.1519
   -117.229    34.1541
   -117.226    34.1606
   -117.233    34.1641
   -117.238    34.1681
   -117.243    34.1669
   -117.246    34.1628
sb_qof7
48
   -117.109    34.0965
   -117.111    34.0907
   -117.120    34.0897
   -117.139    34.0883
   -117.153    34.0845
   -117.171    34.0819
   -117.156    34.0765
   -117.137    34.0728
   -117.122    34.0721
   -117.104    34.0713
   -117.103    34.0684
   -117.116    34.0625
   -117.131    34.0583
   -117.154    34.0587
   -117.168    34.0532
   -117.188    34.0557
   -117.205    34.0556
   -117.216    34.0536
   -117.222    34.0528
   -117.216    34.0442
   -117.206    34.0328
   -117.222    34.0270
   -117.207    34.0157
   -117.199    34.0253
   -117.171    34.0249
   -117.151    34.0166
   -117.129    34.0168
   -117.109    34.0241
   -117.085    34.0243
   -117.074    34.0321
   -117.078    34.0228
   -117.067    34.0186
   -117.062    34.0132
   -117.071    34.0060
   -117.081    34.0022
   -117.006    34.0027
   -117.004    34.0163
   -117.020    34.0249
   -117.024    34.0375
   -117.007    34.0473
   -116.980    34.0533
   -116.974    34.0647
   -116.997    34.0700
   -117.015    34.0783
   -117.051    34.0877
   -117.076    34.0930
   -117.096    34.0974
   -117.105    34.1003
sb_qof8
126
   -117.321    33.9973
   -117.334    33.9900
   -117.317    33.9850
   -117.314    33.9709
   -117.325    33.9678
   -117.332    33.9568
   -117.332    33.9482
   -117.340    33.9432
   -117.351    33.9376
   -117.356    33.9483
   -117.368    33.9452
   -117.369    33.9387
   -117.376    33.9276
   -117.381    33.9201
   -117.377    33.9063
   -117.380    33.8968
   -117.397    33.8960
   -117.403    33.8880
   -117.405    33.8804
   -117.414    33.8910
   -117.423    33.8894
   -117.436    33.8862
   -117.451    33.8839
   -117.468    33.8829
   -117.483    33.8887
   -117.501    33.8807
   -117.511    33.8715
   -117.524    33.8682
   -117.521    33.8554
   -117.535    33.8556
   -117.531    33.8451
   -117.524    33.8379
   -117.524    33.8313
   -117.534    33.8253
   -117.521    33.8222
   -117.507    33.8204
   -117.532    33.7999
   -117.539    33.8089
   -117.559    33.8158
   -117.576    33.8269
   -117.590    33.8369
   -117.602    33.8484
   -117.608    33.8572
   -117.617    33.8715
   -117.630    33.8769
   -117.636    33.8847
   -117.638    33.8898
   -117.619    33.8928
   -117.597    33.8911
   -117.581    33.8911
   -117.571    33.8842
   -117.564    33.8820
   -117.567    33.8867
   -117.580    33.8956
   -117.593    33.9015
   -117.606    33.9033
   -117.606    33.9112
   -117.588    33.9238
   -117.571    33.9360
   -117.558    33.9440
   -117.540    33.9499
   -117.520    33.9575
   -117.504    33.9608
   -117.484    33.9609
   -117.467    33.9607
   -117.453    33.9662
   -117.473    33.9647
   -117.490    33.9690
   -117.503    33.9722
   -117.518    33.9689
   -117.531    33.9643
   -117.551    33.9553
   -117.567    33.9478
   -117.585    33.9387
   -117.593    33.9275
   -117.611    33.9180
   -117.619    33.9284
   -117.627    33.9206
   -117.641    33.9164
   -117.642    33.9312
   -117.656    33.9403
   -117.668    33.9517
   -117.676    33.9620
   -117.680    33.9663
   -117.657    33.9658
   -117.646    33.9655
   -117.636    33.9724
   -117.629    33.9742
   -117.623    33.9694
   -117.619    33.9554
   -117.606    33.9488
   -117.588    33.9504
   -117.565    33.9651
   -117.548    33.9784
   -117.536    33.9863
   -117.526    33.9937
   -117.503    34.0000
   -117.503    34.0058
   -117.505    34.0133
   -117.502    34.0218
   -117.492    34.0270
   -117.473    34.0190
   -117.449    34.0193
   -117.438    34.0218
   -117.425    34.0306
   -117.411    34.0495
   -117.406    34.0397
   -117.397    34.0301
   -117.389    34.0233
   -117.386    34.0098
   -117.393    34.0007
   -117.363    34.0023
   -117.358    34.0068
   -117.353    34.0126
   -117.351    34.0201
   -117.351    34.0290
   -117.339    34.0368
   -117.332    34.0405
   -117.320    34.0440
   -117.311    34.0504
   -117.307    34.0487
   -117.297    34.0413
   -117.290    34.0340
   -117.283    34.0248
   -117.275    34.0179
   -117.265    34.0115
sb_qof9
49
   -117.232    33.9995
   -117.240    34.0033
   -117.239    34.0061
   -117.249    34.0052
   -117.260    34.0075
   -117.266    34.0146
   -117.273    34.0203
   -117.282    34.0273
   -117.287    34.0345
   -117.289    34.0429
   -117.292    34.0484
   -117.281    34.0470
   -117.272    34.0467
   -117.262    34.0417
   -117.249    34.0383
   -117.241    34.0374
   -117.231    34.0359
   -117.223    34.0338
   -117.196    34.0272
   -117.175    34.0220
   -117.162    34.0152
   -117.153    34.0149
   -117.138    34.0138
   -117.123    34.0164
   -117.112    34.0198
   -117.111    34.0269
   -117.107    34.0277
   -117.102    34.0213
   -117.096    34.0208
   -117.084    34.0268
   -117.075    34.0305
   -117.078    34.0239
   -117.083    34.0194
   -117.076    34.0179
   -117.068    34.0155
   -117.065    34.0116
   -117.067    34.0054
   -117.075    34.0032
   -117.083    34.0011
   -117.085    33.9989
   -117.086    33.9956
   -117.099    33.9954
   -117.126    33.9951
   -117.148    33.9946
   -117.167    33.9937
   -117.184    33.9933
   -117.198    33.9938
   -117.209    33.9948
   -117.211    33.9983
sb_st1
207
   -117.726    34.0001
   -117.734    34.0125
   -117.743    34.0198
   -117.748    34.0242
   -117.755    34.0319
   -117.765    34.0397
   -117.767    34.0424
   -117.762    34.0431
   -117.772    34.0469
   -117.784    34.0499
   -117.789    34.0551
   -117.797    34.0575
   -117.797    34.0660
   -117.787    34.0732
   -117.773    34.0768
   -117.761    34.0731
   -117.758    34.0757
   -117.765    34.0841
   -117.775    34.0876
   -117.783    34.0915
   -117.790    34.0915
   -117.790    34.0949
   -117.782    34.0987
   -117.786    34.1024
   -117.777    34.1142
   -117.773    34.1308
   -117.769    34.1387
   -117.771    34.1278
   -117.761    34.1257
   -117.745    34.1241
   -117.749    34.1171
   -117.740    34.1191
   -117.730    34.1272
   -117.719    34.1312
   -117.711    34.1400
   -117.702    34.1428
   -117.692    34.1502
   -117.680    34.1542
   -117.676    34.1710
   -117.673    34.1680
   -117.669    34.1556
   -117.661    34.1560
   -117.658    34.1603
   -117.649    34.1595
   -117.649    34.1556
   -117.641    34.1572
   -117.635    34.1568
   -117.631    34.1446
   -117.624    34.1310
   -117.620    34.1251
   -117.624    34.1188
   -117.623    34.1088
   -117.619    34.1031
   -117.608    34.1011
   -117.604    34.0917
   -117.599    34.1089
   -117.596    34.1173
   -117.594    34.1204
   -117.591    34.1235
   -117.589    34.1282
   -117.588    34.1388
   -117.593    34.1478
   -117.587    34.1546
   -117.580    34.1626
   -117.573    34.1704
   -117.570    34.1774
   -117.563    34.1705
   -117.554    34.1627
   -117.548    34.1671
   -117.543    34.1668
   -117.537    34.1497
   -117.530    34.1312
   -117.527    34.1152
   -117.539    34.1085
   -117.541    34.0965
   -117.540    34.0884
   -117.542    34.0765
   -117.534    34.0707
   -117.527    34.0763
   -117.516    34.1063
   -117.503    34.1294
   -117.491    34.1464
   -117.499    34.1572
   -117.500    34.1634
   -117.488    34.1592
   -117.476    34.1590
   -117.461    34.1669
   -117.444    34.1772
   -117.441    34.1880
   -117.444    34.1979
   -117.435    34.1915
   -117.418    34.1884
   -117.402    34.1822
   -117.391    34.1770
   -117.386    34.1739
   -117.387    34.1867
   -117.387    34.1958
   -117.393    34.2064
   -117.401    34.2069
   -117.410    34.2150
   -117.395    34.2179
   -117.384    34.2122
   -117.374    34.2045
   -117.370    34.2045
   -117.369    34.2008
   -117.364    34.1983
   -117.358    34.2020
   -117.353    34.1949
   -117.344    34.1910
   -117.338    34.1994
   -117.329    34.1931
   -117.323    34.1862
   -117.310    34.1786
   -117.307    34.1829
   -117.297    34.1804
   -117.288    34.1780
   -117.290    34.1713
   -117.276    34.1743
   -117.269    34.1697
   -117.254    34.1636
   -117.248    34.1570
   -117.243    34.1552
   -117.239    34.1569
   -117.237    34.1526
   -117.227    34.1492
   -117.217    34.1439
   -117.225    34.1368
   -117.219    34.1338
   -117.224    34.1248
   -117.232    34.1219
   -117.252    34.1184
   -117.268    34.1128
   -117.277    34.1056
   -117.286    34.1007
   -117.291    34.0965
   -117.288    34.0910
   -117.270    34.0978
   -117.256    34.1045
   -117.238    34.1042
   -117.214    34.1095
   -117.197    34.1178
   -117.194    34.1326
   -117.191    34.1325
   -117.183    34.1213
   -117.179    34.1134
   -117.171    34.1189
   -117.163    34.1189
   -117.157    34.1163
   -117.147    34.1167
   -117.139    34.1131
   -117.129    34.1088
   -117.113    34.1032
   -117.104    34.1061
   -117.108    34.0984
   -117.113    34.0888
   -117.131    34.0895
   -117.159    34.0838
   -117.173    34.0817
   -117.155    34.0745
   -117.131    34.0717
   -117.110    34.0711
   -117.117    34.0610
   -117.140    34.0575
   -117.165    34.0565
   -117.199    34.0570
   -117.222    34.0544
   -117.229    34.0478
   -117.221    34.0370
   -117.251    34.0417
   -117.272    34.0492
   -117.300    34.0448
   -117.309    34.0508
   -117.321    34.0420
   -117.335    34.0438
   -117.350    34.0420
   -117.355    34.0387
   -117.354    34.0284
   -117.352    34.0147
   -117.363    33.9999
   -117.384    33.9993
   -117.397    33.9993
   -117.385    34.0093
   -117.382    34.0206
   -117.384    34.0285
   -117.398    34.0360
   -117.410    34.0503
   -117.422    34.0491
   -117.436    34.0438
   -117.439    34.0479
   -117.446    34.0446
   -117.455    34.0442
   -117.460    34.0384
   -117.463    34.0305
   -117.474    34.0425
   -117.465    34.0562
   -117.479    34.0632
   -117.505    34.0532
   -117.514    34.0416
   -117.507    34.0229
   -117.504    34.0075
   -117.503    33.9992
   -117.558    33.9996
   -117.600    33.9995
   -117.647    33.9998
   -117.683    33.9999
   -117.716    33.9993
   -117.733    33.9999
sb_qal1
14
   -117.363    33.9970
   -117.376    33.9932
   -117.390    33.9888
   -117.398    33.9838
   -117.399    33.9774
   -117.396    33.9741
   -117.411    33.9669
   -117.424    33.9637
   -117.435    33.9656
   -117.432    33.9720
   -117.423    33.9831
   -117.420    33.9912
   -117.412    33.9945
   -117.405    33.9979
sb_qal2
26
   -117.526    33.9974
   -117.531    33.9857
   -117.545    33.9790
   -117.562    33.9673
   -117.578    33.9547
   -117.593    33.9459
   -117.610    33.9497
   -117.622    33.9563
   -117.624    33.9670
   -117.627    33.9729
   -117.636    33.9733
   -117.644    33.9688
   -117.645    33.9629
   -117.650    33.9662
   -117.656    33.9632
   -117.659    33.9615
   -117.665    33.9669
   -117.671    33.9665
   -117.678    33.9656
   -117.695    33.9634
   -117.703    33.9732
   -117.715    33.9781
   -117.721    33.9854
   -117.728    33.9849
   -117.734    33.9903
   -117.729    33.9974
sb_qal3
51
   -117.644    33.8868
   -117.645    33.8999
   -117.648    33.9107
   -117.652    33.9204
   -117.647    33.9263
   -117.640    33.9276
   -117.642    33.9187
   -117.639    33.9153
   -117.628    33.9181
   -117.623    33.9234
   -117.621    33.9302
   -117.617    33.9281
   -117.619    33.9222
   -117.609    33.9193
   -117.599    33.9250
   -117.586    33.9364
   -117.577    33.9456
   -117.560    33.9518
   -117.547    33.9585
   -117.528    33.9650
   -117.512    33.9710
   -117.496    33.9723
   -117.483    33.9663
   -117.471    33.9656
   -117.457    33.9660
   -117.453    33.9645
   -117.465    33.9593
   -117.486    33.9604
   -117.505    33.9598
   -117.521    33.9586
   -117.536    33.9516
   -117.548    33.9453
   -117.562    33.9423
   -117.574    33.9360
   -117.582    33.9288
   -117.591    33.9198
   -117.600    33.9147
   -117.607    33.9092
   -117.610    33.9031
   -117.592    33.9013
   -117.583    33.8955
   -117.572    33.8923
   -117.569    33.8862
   -117.576    33.8853
   -117.589    33.8903
   -117.605    33.8914
   -117.621    33.8919
   -117.629    33.8891
   -117.637    33.8862
   -117.642    33.8797
   -117.643    33.8824
sb_qal4
