-117.72580 33.89740
-117.735 33.829
-117.794 33.876
-117.794 33.777
-117.775 33.764
-117.775 33.688
-117.832 33.663
-117.884 33.607
-117.884 33.558
-118.247 33.558
-118.287 33.721
-118.400 33.800
-118.436 33.800
-118.570 33.910
-118.569 33.9712
-118.562 33.9717
-118.547 33.9718
-118.528 33.9719
-118.513 33.9715
-118.494 33.9715
-118.476 33.9719
-118.455 33.9720
-118.439 33.9723
-118.422 33.9721
-118.413 33.9720
-118.408 33.9753
-118.401 33.9791
-118.389 33.9856
-118.376 33.9929
-118.363 34.0004
-118.366 34.0072
-118.370 34.0163
-118.376 34.0274
-118.382 34.0402
-118.388 34.0537
-118.394 34.0648
-118.401 34.0793
-118.409 34.0904
-118.408 34.0885
-118.407 34.0898
-118.404 34.0896
-118.402 34.0902
-118.399 34.0925
-118.397 34.0954
-118.395 34.0953
-118.393 34.0934
-118.392 34.0910
-118.390 34.0930
-118.389 34.0935
-118.386 34.0935
-118.383 34.0925
-118.377 34.0940
-118.372 34.0959
-118.365 34.0983
-118.363 34.1016
-118.360 34.1017
-118.356 34.1034
-118.347 34.1058
-118.340 34.1070
-118.331 34.1064
-118.319 34.1065
-118.309 34.1065
-118.306 34.1081
-118.302 34.1096
-118.301 34.1118
-118.297 34.1136
-118.293 34.1159
-118.290 34.1163
-118.287 34.1170
-118.284 34.1162
-118.283 34.1153
-118.282 34.1149
-118.278 34.1142
-118.281 34.1121
-118.282 34.1098
-118.277 34.1091
-118.269 34.1107
-118.258 34.1131
-118.244 34.1163
-118.229 34.1195
-118.210 34.1229
