   -118.763    34.4100
   -118.768    34.4098
   -118.774    34.4102
   -118.779    34.4117
   -118.784    34.4124
   -118.788    34.4146
   -118.790    34.4163
   -118.792    34.4185
   -118.796    34.4186
   -118.801    34.4184
   -118.803    34.4193
   -118.800    34.4217
   -118.792    34.4232
   -118.786    34.4252
   -118.782    34.4275
   -118.775    34.4283
   -118.769    34.4298
   -118.764    34.4318
   -118.759    34.4317
   -118.756    34.4362
   -118.754    34.4399
   -118.750    34.4436
   -118.747    34.4455
   -118.744    34.4413
   -118.745    34.4343
   -118.747    34.4266
   -118.750    34.4206
   -118.751    34.4159
   -118.752    34.4131
   -118.753    34.4113
   -118.757    34.4107
