-118.172 34.1200
-118.169 34.1236
-118.166 34.1254
-118.164 34.1296
-118.163 34.1347
-118.165 34.1399
-118.165 34.1460
-118.164 34.1526
-118.167 34.1556
-118.169 34.1584
-118.172 34.1653
-118.175 34.1713
-118.174 34.1773
-118.173 34.1838
-118.178 34.1885
-118.181 34.1916
-118.183 34.1922
-118.184 34.1948
-118.188 34.1954
-118.194 34.1952
-118.197 34.1956
-118.199 34.1991
-118.202 34.2006
-118.209 34.2018
-118.210 34.2024
-118.210 34.2050
-118.211 34.2066
-118.215 34.2085
-118.217 34.2107
-118.217 34.2145
-118.218 34.2163
-118.220 34.2184
-118.221 34.2196
-118.223 34.2196
-118.224 34.2175
-118.223 34.2143
-118.222 34.2120
-118.221 34.2104
-118.222 34.2080
-118.224 34.2037
-118.225 34.2024
-118.225 34.2012
-118.224 34.2000
-118.225 34.1982
-118.226 34.1960
-118.225 34.1949
-118.224 34.1950
-118.223 34.1935
-118.224 34.1911
-118.224 34.1886
-118.224 34.1862
-118.225 34.1852
-118.224 34.1839
-118.223 34.1828
-118.223 34.1808
-118.223 34.1792
-118.224 34.1760
-118.226 34.1722
-118.229 34.1694
-118.232 34.1668
-118.233 34.1656
-118.235 34.1664
-118.237 34.1672
-118.236 34.1691
-118.237 34.1717
-118.235 34.1729
-118.232 34.1737
-118.230 34.1737
-118.230 34.1768
-118.230 34.1787
-118.232 34.1800
-118.234 34.1821
-118.235 34.1844
-118.232 34.1844
-118.232 34.1883
-118.231 34.1922
-118.234 34.1939
-118.236 34.1946
-118.238 34.1964
-118.236 34.1970
-118.235 34.2007
-118.237 34.2038
-118.239 34.2058
-118.242 34.2062
-118.243 34.2081
-118.242 34.2100
-118.242 34.2118
-118.243 34.2129
-118.243 34.2145
-118.246 34.2176
-118.248 34.2203
-118.250 34.2222
-118.250 34.2242
-118.254 34.2269
-118.258 34.2297
-118.262 34.2325
-118.266 34.2341
-118.268 34.2347
-118.270 34.2348
-118.272 34.2366
-118.270 34.2372
-118.270 34.2407
-118.272 34.2433
-118.274 34.2451
-118.282 34.2477
-118.289 34.2494
-118.293 34.2504
-118.295 34.2520
-118.296 34.2534
-118.302 34.2538
-118.306 34.2546
-118.308 34.2553
-118.310 34.2550
-118.313 34.2555
-118.316 34.2575
-118.319 34.2596
-118.321 34.2620
-118.321 34.2631
-118.320 34.2645
-118.318 34.2658
-118.318 34.2669
-118.320 34.2679
-118.326 34.2678
-118.334 34.2669
-118.340 34.2664
-118.344 34.2658
-118.350 34.2670
-118.353 34.2680
-118.358 34.2681
-118.363 34.2678
-118.368 34.2669
-118.371 34.2662
-118.376 34.2660
-118.383 34.2666
-118.390 34.2666
-118.395 34.2670
-118.398 34.2675
-118.397 34.2710
-118.394 34.2722
-118.392 34.2736
-118.391 34.2748
-118.389 34.2745
-118.387 34.2749
-118.387 34.2763
-118.386 34.2772
-118.385 34.2776
-118.384 34.2789
-118.385 34.2797
-118.383 34.2826
-118.381 34.2856
-118.378 34.2850
-118.375 34.2843
-118.372 34.2850
-118.369 34.2874
-118.366 34.2870
-118.366 34.2846
-118.365 34.2822
-118.363 34.2806
-118.358 34.2803
-118.354 34.2806
-118.348 34.2785
-118.342 34.2761
-118.336 34.2755
-118.331 34.2755
-118.325 34.2744
-118.321 34.2746
-118.316 34.2753
-118.313 34.2770
-118.311 34.2749
-118.310 34.2734
-118.305 34.2732
-118.299 34.2727
-118.293 34.2727
-118.290 34.2729
-118.291 34.2701
-118.288 34.2667
-118.285 34.2638
-118.283 34.2620
-118.282 34.2603
-118.279 34.2604
-118.277 34.2616
-118.275 34.2614
-118.275 34.2588
-118.274 34.2556
-118.270 34.2537
-118.263 34.2509
-118.258 34.2496
-118.255 34.2494
-118.253 34.2505
-118.251 34.2510
-118.249 34.2509
-118.248 34.2480
-118.246 34.2465
-118.242 34.2457
-118.239 34.2435
-118.235 34.2410
-118.233 34.2397
-118.231 34.2388
-118.229 34.2398
-118.226 34.2378
-118.222 34.2329
-118.219 34.2304
-118.216 34.2287
-118.211 34.2286
-118.207 34.2266
-118.203 34.2249
-118.199 34.2239
-118.195 34.2233
-118.193 34.2230
-118.193 34.2215
-118.194 34.2215
-118.193 34.2183
-118.190 34.2156
-118.188 34.2137
-118.183 34.2138
-118.179 34.2140
-118.174 34.2125
-118.170 34.2127
-118.169 34.2151
-118.166 34.2159
-118.164 34.2155
-118.162 34.2141
-118.160 34.2145
-118.159 34.2157
-118.156 34.2157
-118.154 34.2134
-118.152 34.2113
-118.148 34.2112
-118.143 34.2119
-118.143 34.2027
-118.142 34.1938
-118.141 34.1832
-118.141 34.1711
-118.140 34.1592
-118.140 34.1456
-118.136 34.1320
-118.136 34.1256
-118.136 34.1214
-118.144 34.1215
-118.154 34.1208
-118.163 34.1213
-118.170 34.1203
