 34.28810 -118.51920    1000.00
 34.28810 -118.51583    1000.00
 34.28810 -118.51245    1000.00
 34.28810 -118.50908    1266.67
 34.28810 -118.50570    1533.33
 34.28810 -118.50233    1800.00
 34.28810 -118.49895    1800.00
 34.28810 -118.49557    1800.00
 34.28810 -118.49220    1800.00
 34.28810 -118.48882    1800.00
 34.28810 -118.48544    1800.00
 34.28810 -118.48207    1800.00
 34.28810 -118.47869    1200.00
 34.28810 -118.47532     822.22
 34.28810 -118.47194     555.56
 34.28810 -118.46857     888.89
 34.28810 -118.46519    1000.00
 34.28810 -118.46181    1000.00
 34.28810 -118.45844    1266.67
 34.28810 -118.45506    1533.33
 34.28810 -118.45168    1800.00
 34.28810 -118.44831    1800.00
 34.28810 -118.44493    1800.00
 34.28810 -118.44156    1800.00
 34.28810 -118.43818    1800.00
 34.28810 -118.43481    1800.00
 34.28810 -118.43143    1800.00
 34.28810 -118.42805    1800.00
 34.28810 -118.42467    1711.11
 34.28810 -118.42130    1444.44
 34.28810 -118.41792     844.44
 34.28810 -118.41455     333.33
 34.28810 -118.41117       0.00
 34.28810 -118.40780       0.00
 34.28518 -118.51920    1000.00
 34.28518 -118.51583    1000.00
 34.28518 -118.51245    1000.00
 34.28518 -118.50908    1177.78
 34.28518 -118.50570    1444.44
 34.28518 -118.50233    1711.11
 34.28518 -118.49895    1800.00
 34.28518 -118.49557    1800.00
 34.28518 -118.49220    1800.00
 34.28518 -118.48882    1800.00
 34.28518 -118.48544    1800.00
 34.28518 -118.48207    1800.00
 34.28518 -118.47869    1311.11
 34.28518 -118.47532     822.22
 34.28518 -118.47194     444.44
 34.28518 -118.46857     555.56
 34.28518 -118.46519     777.78
 34.28518 -118.46181     888.89
 34.28518 -118.45844    1266.67
 34.28518 -118.45506    1533.33
 34.28518 -118.45168    1800.00
 34.28518 -118.44831    1800.00
 34.28518 -118.44493    1800.00
 34.28518 -118.44156    1800.00
 34.28518 -118.43818    1800.00
 34.28518 -118.43481    1800.00
 34.28518 -118.43143    1711.11
 34.28518 -118.42805    1622.22
 34.28518 -118.42467    1444.44
 34.28518 -118.42130    1266.67
 34.28518 -118.41792     755.56
 34.28518 -118.41455     333.33
 34.28518 -118.41117       0.00
 34.28518 -118.40780       0.00
 34.28227 -118.51920    1000.00
 34.28227 -118.51583    1000.00
 34.28227 -118.51245    1000.00
 34.28227 -118.50908    1088.89
 34.28227 -118.50570    1266.67
 34.28227 -118.50233    1533.33
 34.28227 -118.49895    1711.11
 34.28227 -118.49557    1800.00
 34.28227 -118.49220    1800.00
 34.28227 -118.48882    1800.00
 34.28227 -118.48544    1800.00
 34.28227 -118.48207    1800.00
 34.28227 -118.47869    1422.22
 34.28227 -118.47532     822.22
 34.28227 -118.47194     333.33
 34.28227 -118.46857     222.22
 34.28227 -118.46519     555.56
 34.28227 -118.46181     666.67
 34.28227 -118.45844    1066.67
 34.28227 -118.45506    1333.33
 34.28227 -118.45168    1711.11
 34.28227 -118.44831    1800.00
 34.28227 -118.44493    1800.00
 34.28227 -118.44156    1800.00
 34.28227 -118.43818    1800.00
 34.28227 -118.43481    1711.11
 34.28227 -118.43143    1533.33
 34.28227 -118.42805    1355.56
 34.28227 -118.42467    1177.78
 34.28227 -118.42130    1088.89
 34.28227 -118.41792     666.67
 34.28227 -118.41455     333.33
 34.28227 -118.41117       0.00
 34.28227 -118.40780       0.00
 34.27935 -118.51920    1000.00
 34.27935 -118.51583    1000.00
 34.27935 -118.51245    1000.00
 34.27935 -118.50908    1000.00
 34.27935 -118.50570    1088.89
 34.27935 -118.50233    1266.67
 34.27935 -118.49895    1533.33
 34.27935 -118.49557    1711.11
 34.27935 -118.49220    1800.00
 34.27935 -118.48882    1800.00
 34.27935 -118.48544    1800.00
 34.27935 -118.48207    1711.11
 34.27935 -118.47869    1444.44
 34.27935 -118.47532     955.56
 34.27935 -118.47194     444.44
 34.27935 -118.46857     111.11
 34.27935 -118.46519     222.22
 34.27935 -118.46181     333.33
 34.27935 -118.45844     644.44
 34.27935 -118.45506     933.33
 34.27935 -118.45168    1333.33
 34.27935 -118.44831    1622.22
 34.27935 -118.44493    1711.11
 34.27935 -118.44156    1711.11
 34.27935 -118.43818    1622.22
 34.27935 -118.43481    1444.44
 34.27935 -118.43143    1266.67
 34.27935 -118.42805    1088.89
 34.27935 -118.42467    1000.00
 34.27935 -118.42130     888.89
 34.27935 -118.41792     555.56
 34.27935 -118.41455     222.22
 34.27935 -118.41117       0.00
 34.27935 -118.40780       0.00
 34.27644 -118.51920    1000.00
 34.27644 -118.51583    1000.00
 34.27644 -118.51245    1000.00
 34.27644 -118.50908    1000.00
 34.27644 -118.50570    1000.00
 34.27644 -118.50233    1088.89
 34.27644 -118.49895    1355.56
 34.27644 -118.49557    1533.33
 34.27644 -118.49220    1622.22
 34.27644 -118.48882    1622.22
 34.27644 -118.48544    1622.22
 34.27644 -118.48207    1422.22
 34.27644 -118.47869    1155.56
 34.27644 -118.47532     866.67
 34.27644 -118.47194     666.67
 34.27644 -118.46857     333.33
 34.27644 -118.46519     222.22
 34.27644 -118.46181     111.11
 34.27644 -118.45844     222.22
 34.27644 -118.45506     533.33
 34.27644 -118.45168     955.56
 34.27644 -118.44831    1444.44
 34.27644 -118.44493    1533.33
 34.27644 -118.44156    1533.33
 34.27644 -118.43818    1355.56
 34.27644 -118.43481    1177.78
 34.27644 -118.43143    1088.89
 34.27644 -118.42805    1000.00
 34.27644 -118.42467    1000.00
 34.27644 -118.42130     777.78
 34.27644 -118.41792     444.44
 34.27644 -118.41455     111.11
 34.27644 -118.41117       0.00
 34.27644 -118.40780       0.00
 34.27352 -118.51920    1000.00
 34.27352 -118.51583    1000.00
 34.27352 -118.51245    1000.00
 34.27352 -118.50908    1000.00
 34.27352 -118.50570    1000.00
 34.27352 -118.50233    1000.00
 34.27352 -118.49895    1066.67
 34.27352 -118.49557    1155.56
 34.27352 -118.49220    1133.33
 34.27352 -118.48882    1133.33
 34.27352 -118.48544    1133.33
 34.27352 -118.48207     933.33
 34.27352 -118.47869     755.56
 34.27352 -118.47532     666.67
 34.27352 -118.47194     777.78
 34.27352 -118.46857     555.56
 34.27352 -118.46519     222.22
 34.27352 -118.46181       0.00
 34.27352 -118.45844       0.00
 34.27352 -118.45506     222.22
 34.27352 -118.45168     444.44
 34.27352 -118.44831     955.56
 34.27352 -118.44493    1155.56
 34.27352 -118.44156    1266.67
 34.27352 -118.43818    1088.89
 34.27352 -118.43481    1000.00
 34.27352 -118.43143    1000.00
 34.27352 -118.42805    1000.00
 34.27352 -118.42467    1000.00
 34.27352 -118.42130     666.67
 34.27352 -118.41792     333.33
 34.27352 -118.41455       0.00
 34.27352 -118.41117       0.00
 34.27352 -118.40780       0.00
 34.27060 -118.51920    1000.00
 34.27060 -118.51583    1000.00
 34.27060 -118.51245    1000.00
 34.27060 -118.50908    1000.00
 34.27060 -118.50570    1000.00
 34.27060 -118.50233     888.89
 34.27060 -118.49895     755.56
 34.27060 -118.49557     644.44
 34.27060 -118.49220     533.33
 34.27060 -118.48882     533.33
 34.27060 -118.48544     644.44
 34.27060 -118.48207     533.33
 34.27060 -118.47869     444.44
 34.27060 -118.47532     333.33
 34.27060 -118.47194     666.67
 34.27060 -118.46857     555.56
 34.27060 -118.46519     333.33
 34.27060 -118.46181       0.00
 34.27060 -118.45844       0.00
 34.27060 -118.45506     111.11
 34.27060 -118.45168     222.22
 34.27060 -118.44831     644.44
 34.27060 -118.44493     866.67
 34.27060 -118.44156    1088.89
 34.27060 -118.43818    1000.00
 34.27060 -118.43481    1000.00
 34.27060 -118.43143    1000.00
 34.27060 -118.42805    1000.00
 34.27060 -118.42467    1000.00
 34.27060 -118.42130     666.67
 34.27060 -118.41792     333.33
 34.27060 -118.41455       0.00
 34.27060 -118.41117       0.00
 34.27060 -118.40780       0.00
 34.26768 -118.51920    1000.00
 34.26768 -118.51583    1000.00
 34.26768 -118.51245    1000.00
 34.26768 -118.50908    1000.00
 34.26768 -118.50570    1000.00
 34.26768 -118.50233     777.78
 34.26768 -118.49895     444.44
 34.26768 -118.49557     222.22
 34.26768 -118.49220     111.11
 34.26768 -118.48882     111.11
 34.26768 -118.48544     333.33
 34.26768 -118.48207     333.33
 34.26768 -118.47869     333.33
 34.26768 -118.47532     111.11
 34.26768 -118.47194     333.33
 34.26768 -118.46857     333.33
 34.26768 -118.46519     222.22
 34.26768 -118.46181       0.00
 34.26768 -118.45844       0.00
 34.26768 -118.45506       0.00
 34.26768 -118.45168       0.00
 34.26768 -118.44831     333.33
 34.26768 -118.44493     666.67
 34.26768 -118.44156    1000.00
 34.26768 -118.43818     888.89
 34.26768 -118.43481     888.89
 34.26768 -118.43143     888.89
 34.26768 -118.42805    1000.00
 34.26768 -118.42467     888.89
 34.26768 -118.42130     555.56
 34.26768 -118.41792     222.22
 34.26768 -118.41455       0.00
 34.26768 -118.41117       0.00
 34.26768 -118.40780       0.00
 34.26477 -118.51920    1000.00
 34.26477 -118.51583    1000.00
 34.26477 -118.51245    1000.00
 34.26477 -118.50908    1000.00
 34.26477 -118.50570    1000.00
 34.26477 -118.50233     666.67
 34.26477 -118.49895     333.33
 34.26477 -118.49557       0.00
 34.26477 -118.49220       0.00
 34.26477 -118.48882       0.00
 34.26477 -118.48544     222.22
 34.26477 -118.48207     222.22
 34.26477 -118.47869     222.22
 34.26477 -118.47532       0.00
 34.26477 -118.47194     111.11
 34.26477 -118.46857     111.11
 34.26477 -118.46519     111.11
 34.26477 -118.46181       0.00
 34.26477 -118.45844       0.00
 34.26477 -118.45506       0.00
 34.26477 -118.45168       0.00
 34.26477 -118.44831     333.33
 34.26477 -118.44493     666.67
 34.26477 -118.44156    1000.00
 34.26477 -118.43818     777.78
 34.26477 -118.43481     777.78
 34.26477 -118.43143     777.78
 34.26477 -118.42805     888.89
 34.26477 -118.42467     666.67
 34.26477 -118.42130     333.33
 34.26477 -118.41792     111.11
 34.26477 -118.41455       0.00
 34.26477 -118.41117       0.00
 34.26477 -118.40780       0.00
 34.26185 -118.51920    1000.00
 34.26185 -118.51583    1000.00
 34.26185 -118.51245    1000.00
 34.26185 -118.50908    1000.00
 34.26185 -118.50570    1000.00
 34.26185 -118.50233     666.67
 34.26185 -118.49895     333.33
 34.26185 -118.49557       0.00
 34.26185 -118.49220       0.00
 34.26185 -118.48882       0.00
 34.26185 -118.48544     111.11
 34.26185 -118.48207     111.11
 34.26185 -118.47869     111.11
 34.26185 -118.47532       0.00
 34.26185 -118.47194       0.00
 34.26185 -118.46857       0.00
 34.26185 -118.46519       0.00
 34.26185 -118.46181       0.00
 34.26185 -118.45844       0.00
 34.26185 -118.45506       0.00
 34.26185 -118.45168     111.11
 34.26185 -118.44831     444.44
 34.26185 -118.44493     777.78
 34.26185 -118.44156     888.89
 34.26185 -118.43818     555.56
 34.26185 -118.43481     444.44
 34.26185 -118.43143     555.56
 34.26185 -118.42805     666.67
 34.26185 -118.42467     444.44
 34.26185 -118.42130     111.11
 34.26185 -118.41792       0.00
 34.26185 -118.41455       0.00
 34.26185 -118.41117       0.00
 34.26185 -118.40780       0.00
 34.25893 -118.51920    1000.00
 34.25893 -118.51583    1000.00
 34.25893 -118.51245    1000.00
 34.25893 -118.50908    1000.00
 34.25893 -118.50570    1000.00
 34.25893 -118.50233     666.67
 34.25893 -118.49895     333.33
 34.25893 -118.49557       0.00
 34.25893 -118.49220       0.00
 34.25893 -118.48882       0.00
 34.25893 -118.48544       0.00
 34.25893 -118.48207       0.00
 34.25893 -118.47869       0.00
 34.25893 -118.47532       0.00
 34.25893 -118.47194       0.00
 34.25893 -118.46857       0.00
 34.25893 -118.46519       0.00
 34.25893 -118.46181       0.00
 34.25893 -118.45844       0.00
 34.25893 -118.45506       0.00
 34.25893 -118.45168     222.22
 34.25893 -118.44831     555.56
 34.25893 -118.44493     777.78
 34.25893 -118.44156     666.67
 34.25893 -118.43818     333.33
 34.25893 -118.43481     222.22
 34.25893 -118.43143     333.33
 34.25893 -118.42805     333.33
 34.25893 -118.42467     222.22
 34.25893 -118.42130       0.00
 34.25893 -118.41792       0.00
 34.25893 -118.41455       0.00
 34.25893 -118.41117       0.00
 34.25893 -118.40780       0.00
 34.25602 -118.51920    1000.00
 34.25602 -118.51583    1000.00
 34.25602 -118.51245    1000.00
 34.25602 -118.50908    1000.00
 34.25602 -118.50570    1000.00
 34.25602 -118.50233     666.67
 34.25602 -118.49895     333.33
 34.25602 -118.49557       0.00
 34.25602 -118.49220       0.00
 34.25602 -118.48882       0.00
 34.25602 -118.48544       0.00
 34.25602 -118.48207       0.00
 34.25602 -118.47869       0.00
 34.25602 -118.47532       0.00
 34.25602 -118.47194       0.00
 34.25602 -118.46857       0.00
 34.25602 -118.46519       0.00
 34.25602 -118.46181       0.00
 34.25602 -118.45844       0.00
 34.25602 -118.45506     111.11
 34.25602 -118.45168     444.44
 34.25602 -118.44831     666.67
 34.25602 -118.44493     666.67
 34.25602 -118.44156     333.33
 34.25602 -118.43818     111.11
 34.25602 -118.43481       0.00
 34.25602 -118.43143     111.11
 34.25602 -118.42805     111.11
 34.25602 -118.42467     111.11
 34.25602 -118.42130       0.00
 34.25602 -118.41792       0.00
 34.25602 -118.41455       0.00
 34.25602 -118.41117       0.00
 34.25602 -118.40780       0.00
 34.25310 -118.51920    1000.00
 34.25310 -118.51583    1000.00
 34.25310 -118.51245    1000.00
 34.25310 -118.50908    1000.00
 34.25310 -118.50570    1000.00
 34.25310 -118.50233     666.67
 34.25310 -118.49895     333.33
 34.25310 -118.49557       0.00
 34.25310 -118.49220       0.00
 34.25310 -118.48882       0.00
 34.25310 -118.48544       0.00
 34.25310 -118.48207       0.00
 34.25310 -118.47869       0.00
 34.25310 -118.47532       0.00
 34.25310 -118.47194       0.00
 34.25310 -118.46857       0.00
 34.25310 -118.46519       0.00
 34.25310 -118.46181       0.00
 34.25310 -118.45844       0.00
 34.25310 -118.45506     222.22
 34.25310 -118.45168     555.56
 34.25310 -118.44831     666.67
 34.25310 -118.44493     444.44
 34.25310 -118.44156     111.11
 34.25310 -118.43818       0.00
 34.25310 -118.43481       0.00
 34.25310 -118.43143       0.00
 34.25310 -118.42805       0.00
 34.25310 -118.42467       0.00
 34.25310 -118.42130       0.00
 34.25310 -118.41792       0.00
 34.25310 -118.41455       0.00
 34.25310 -118.41117       0.00
 34.25310 -118.40780       0.00
