   -118.552    34.0438
   -118.552    34.0458
   -118.549    34.0462
   -118.547    34.0479
   -118.544    34.0493
   -118.544    34.0503
   -118.542    34.0501
   -118.537    34.0514
   -118.533    34.0518
   -118.532    34.0502
   -118.529    34.0521
   -118.525    34.0522
   -118.521    34.0525
   -118.518    34.0530
   -118.515    34.0523
   -118.511    34.0538
   -118.509    34.0558
   -118.508    34.0575
   -118.506    34.0568
   -118.503    34.0575
   -118.500    34.0583
   -118.499    34.0606
   -118.499    34.0624
   -118.501    34.0621
   -118.503    34.0613
   -118.505    34.0604
   -118.507    34.0604
   -118.509    34.0606
   -118.506    34.0632
   -118.502    34.0671
   -118.497    34.0715
   -118.494    34.0739
   -118.489    34.0747
   -118.487    34.0741
   -118.486    34.0725
   -118.485    34.0725
   -118.484    34.0742
   -118.484    34.0757
   -118.482    34.0762
   -118.480    34.0782
   -118.479    34.0799
   -118.479    34.0806
   -118.478    34.0816
   -118.476    34.0829
   -118.470    34.0860
   -118.468    34.0862
   -118.467    34.0847
   -118.470    34.0816
   -118.472    34.0785
   -118.475    34.0753
   -118.473    34.0720
   -118.468    34.0745
   -118.465    34.0784
   -118.463    34.0824
   -118.460    34.0846
   -118.456    34.0841
   -118.453    34.0847
   -118.450    34.0841
   -118.448    34.0836
   -118.446    34.0831
   -118.444    34.0854
   -118.444    34.0886
   -118.443    34.0910
   -118.440    34.0921
   -118.437    34.0911
   -118.436    34.0909
   -118.433    34.0924
   -118.431    34.0941
   -118.430    34.0943
   -118.428    34.0927
   -118.427    34.0917
   -118.426    34.0915
   -118.424    34.0915
   -118.423    34.0904
   -118.421    34.0905
   -118.418    34.0915
   -118.415    34.0914
   -118.414    34.0914
   -118.412    34.0925
   -118.410    34.0925
   -118.406    34.0907
   -118.404    34.0893
   -118.403    34.0903
   -118.400    34.0913
   -118.398    34.0923
   -118.397    34.0932
   -118.395    34.0928
   -118.394    34.0916
   -118.393    34.0911
   -118.391    34.0916
   -118.391    34.0928
   -118.390    34.0929
   -118.389    34.0920
   -118.386    34.0917
   -118.383    34.0932
   -118.381    34.0929
   -118.377    34.0939
   -118.373    34.0933
   -118.372    34.0910
   -118.374    34.0889
   -118.382    34.0851
   -118.392    34.0807
   -118.401    34.0766
   -118.411    34.0725
   -118.415    34.0708
   -118.419    34.0653
   -118.425    34.0566
   -118.431    34.0492
   -118.435    34.0443
   -118.439    34.0404
   -118.449    34.0386
   -118.465    34.0383
   -118.474    34.0388
   -118.485    34.0371
   -118.499    34.0347
   -118.511    34.0328
   -118.523    34.0333
   -118.532    34.0374
   -118.540    34.0407
   -118.548    34.0421
   -118.551    34.0427
