 34.08020 -118.49720     357.00
 34.08020 -118.49382     357.00
 34.08020 -118.49044     357.00
 34.08020 -118.48706     357.00
 34.08020 -118.48368     357.00
 34.08020 -118.48030     357.00
 34.08020 -118.47692     338.00
 34.08020 -118.47354     319.00
 34.08020 -118.47016     300.00
 34.08020 -118.46678     283.33
 34.08020 -118.46340     516.67
 34.08020 -118.46002    1194.44
 34.08020 -118.45664    2000.00
 34.08020 -118.45326    2333.33
 34.08020 -118.44988    2222.22
 34.08020 -118.44650    2000.00
 34.08020 -118.44312    2000.00
 34.08020 -118.43974    2000.00
 34.08020 -118.43636    2000.00
 34.08020 -118.43298    2000.00
 34.08020 -118.42960    2000.00
 34.08020 -118.42622    2000.00
 34.08020 -118.42284    2000.00
 34.08020 -118.41946    2000.00
 34.08020 -118.41608    2000.00
 34.08020 -118.41270    2000.00
 34.08020 -118.40932    2000.00
 34.08020 -118.40594    2000.00
 34.08020 -118.40256    2000.00
 34.08020 -118.39918    2000.00
 34.08020 -118.39580    2000.00
 34.07720 -118.49720     357.00
 34.07720 -118.49382     357.00
 34.07720 -118.49044     357.00
 34.07720 -118.48706     357.00
 34.07720 -118.48368     357.00
 34.07720 -118.48030     357.00
 34.07720 -118.47692     338.00
 34.07720 -118.47354     319.00
 34.07720 -118.47016     300.00
 34.07720 -118.46678     283.33
 34.07720 -118.46340     516.67
 34.07720 -118.46002     972.22
 34.07720 -118.45664    1666.67
 34.07720 -118.45326    2000.00
 34.07720 -118.44988    2111.11
 34.07720 -118.44650    2075.11
 34.07720 -118.44312    2075.11
 34.07720 -118.43974    2075.11
 34.07720 -118.43636    2000.00
 34.07720 -118.43298    2000.00
 34.07720 -118.42960    2000.00
 34.07720 -118.42622    2000.00
 34.07720 -118.42284    2000.00
 34.07720 -118.41946    2000.00
 34.07720 -118.41608    2000.00
 34.07720 -118.41270    2000.00
 34.07720 -118.40932    2000.00
 34.07720 -118.40594    2111.11
 34.07720 -118.40256    2222.22
 34.07720 -118.39918    2411.11
 34.07720 -118.39580    2488.89
 34.07420 -118.49720     344.33
 34.07420 -118.49382     350.67
 34.07420 -118.49044     357.00
 34.07420 -118.48706     357.00
 34.07420 -118.48368     357.00
 34.07420 -118.48030     357.00
 34.07420 -118.47692     338.00
 34.07420 -118.47354     319.00
 34.07420 -118.47016     300.00
 34.07420 -118.46678     283.33
 34.07420 -118.46340     516.67
 34.07420 -118.46002     750.00
 34.07420 -118.45664    1333.33
 34.07420 -118.45326    1666.67
 34.07420 -118.44988    2000.00
 34.07420 -118.44650    2150.22
 34.07420 -118.44312    2150.22
 34.07420 -118.43974    2150.22
 34.07420 -118.43636    2000.00
 34.07420 -118.43298    2000.00
 34.07420 -118.42960    2000.00
 34.07420 -118.42622    2000.00
 34.07420 -118.42284    2000.00
 34.07420 -118.41946    2000.00
 34.07420 -118.41608    2000.00
 34.07420 -118.41270    2000.00
 34.07420 -118.40932    2000.00
 34.07420 -118.40594    2222.22
 34.07420 -118.40256    2522.22
 34.07420 -118.39918    2900.00
 34.07420 -118.39580    3055.56
 34.07120 -118.49720     325.33
 34.07120 -118.49382     338.00
 34.07120 -118.49044     350.67
 34.07120 -118.48706     357.00
 34.07120 -118.48368     357.00
 34.07120 -118.48030     357.00
 34.07120 -118.47692     338.00
 34.07120 -118.47354     319.00
 34.07120 -118.47016     300.00
 34.07120 -118.46678     283.33
 34.07120 -118.46340     516.67
 34.07120 -118.46002     750.00
 34.07120 -118.45664    1333.33
 34.07120 -118.45326    1666.67
 34.07120 -118.44988    2000.00
 34.07120 -118.44650    2225.33
 34.07120 -118.44312    2300.44
 34.07120 -118.43974    2300.44
 34.07120 -118.43636    2075.11
 34.07120 -118.43298    2000.00
 34.07120 -118.42960    2000.00
 34.07120 -118.42622    2000.00
 34.07120 -118.42284    2000.00
 34.07120 -118.41946    2000.00
 34.07120 -118.41608    2000.00
 34.07120 -118.41270    2000.00
 34.07120 -118.40932    2111.11
 34.07120 -118.40594    2444.44
 34.07120 -118.40256    2933.33
 34.07120 -118.39918    3388.89
 34.07120 -118.39580    3622.22
 34.06820 -118.49720     306.33
 34.06820 -118.49382     325.33
 34.06820 -118.49044     344.33
 34.06820 -118.48706     357.00
 34.06820 -118.48368     357.00
 34.06820 -118.48030     357.00
 34.06820 -118.47692     338.00
 34.06820 -118.47354     319.00
 34.06820 -118.47016     300.00
 34.06820 -118.46678     283.33
 34.06820 -118.46340     516.67
 34.06820 -118.46002     750.00
 34.06820 -118.45664    1333.33
 34.06820 -118.45326    1666.67
 34.06820 -118.44988    2000.00
 34.06820 -118.44650    2225.33
 34.06820 -118.44312    2375.56
 34.06820 -118.43974    2450.67
 34.06820 -118.43636    2225.33
 34.06820 -118.43298    2075.11
 34.06820 -118.42960    2000.00
 34.06820 -118.42622    2000.00
 34.06820 -118.42284    2000.00
 34.06820 -118.41946    2025.89
 34.06820 -118.41608    2115.44
 34.06820 -118.41270    2115.44
 34.06820 -118.40932    2311.78
 34.06820 -118.40594    2633.33
 34.06820 -118.40256    3200.00
 34.06820 -118.39918    3544.44
 34.06820 -118.39580    3700.00
 34.06520 -118.49720     300.00
 34.06520 -118.49382     319.00
 34.06520 -118.49044     338.00
 34.06520 -118.48706     357.00
 34.06520 -118.48368     357.00
 34.06520 -118.48030     357.00
 34.06520 -118.47692     338.00
 34.06520 -118.47354     319.00
 34.06520 -118.47016     300.00
 34.06520 -118.46678     283.33
 34.06520 -118.46340     516.67
 34.06520 -118.46002     750.00
 34.06520 -118.45664    1333.33
 34.06520 -118.45326    1666.67
 34.06520 -118.44988    2000.00
 34.06520 -118.44650    2225.33
 34.06520 -118.44312    2450.67
 34.06520 -118.43974    2600.89
 34.06520 -118.43636    2486.67
 34.06520 -118.43298    2372.44
 34.06520 -118.42960    2222.22
 34.06520 -118.42622    2111.11
 34.06520 -118.42284    2000.00
 34.06520 -118.41946    2082.56
 34.06520 -118.41608    2261.67
 34.06520 -118.41270    2450.56
 34.06520 -118.40932    2701.33
 34.06520 -118.40594    3011.11
 34.06520 -118.40256    3388.89
 34.06520 -118.39918    3622.22
 34.06520 -118.39580    3700.00
 34.06220 -118.49720     300.00
 34.06220 -118.49382     312.67
 34.06220 -118.49044     331.67
 34.06220 -118.48706     350.67
 34.06220 -118.48368     357.00
 34.06220 -118.48030     357.00
 34.06220 -118.47692     338.00
 34.06220 -118.47354     319.00
 34.06220 -118.47016     300.00
 34.06220 -118.46678     283.33
 34.06220 -118.46340     516.67
 34.06220 -118.46002     750.00
 34.06220 -118.45664    1333.33
 34.06220 -118.45326    1666.67
 34.06220 -118.44988    2000.00
 34.06220 -118.44650    2225.33
 34.06220 -118.44312    2450.67
 34.06220 -118.43974    2676.00
 34.06220 -118.43636    2672.89
 34.06220 -118.43298    2669.78
 34.06220 -118.42960    2555.56
 34.06220 -118.42622    2444.44
 34.06220 -118.42284    2333.33
 34.06220 -118.41946    2415.89
 34.06220 -118.41608    2617.00
 34.06220 -118.41270    2883.67
 34.06220 -118.40932    3101.11
 34.06220 -118.40594    3355.56
 34.06220 -118.40256    3544.44
 34.06220 -118.39918    3700.00
 34.06220 -118.39580    3700.00
 34.05920 -118.49720     300.00
 34.05920 -118.49382     306.33
 34.05920 -118.49044     325.33
 34.05920 -118.48706     344.33
 34.05920 -118.48368     357.00
 34.05920 -118.48030     357.00
 34.05920 -118.47692     338.00
 34.05920 -118.47354     319.00
 34.05920 -118.47016     300.00
 34.05920 -118.46678     283.33
 34.05920 -118.46340     516.67
 34.05920 -118.46002     750.00
 34.05920 -118.45664    1333.33
 34.05920 -118.45326    1666.67
 34.05920 -118.44988    2000.00
 34.05920 -118.44650    2225.33
 34.05920 -118.44312    2450.67
 34.05920 -118.43974    2676.00
 34.05920 -118.43636    2748.00
 34.05920 -118.43298    2856.00
 34.05920 -118.42960    2852.89
 34.05920 -118.42622    2777.78
 34.05920 -118.42284    2666.67
 34.05920 -118.41946    2723.33
 34.05920 -118.41608    2912.67
 34.05920 -118.41270    3257.11
 34.05920 -118.40932    3467.11
 34.05920 -118.40594    3622.22
 34.05920 -118.40256    3622.22
 34.05920 -118.39918    3700.00
 34.05920 -118.39580    3700.00
 34.05620 -118.49720     300.00
 34.05620 -118.49382     300.00
 34.05620 -118.49044     312.67
 34.05620 -118.48706     331.67
 34.05620 -118.48368     350.67
 34.05620 -118.48030     357.00
 34.05620 -118.47692     338.00
 34.05620 -118.47354     319.00
 34.05620 -118.47016     300.00
 34.05620 -118.46678     283.33
 34.05620 -118.46340     516.67
 34.05620 -118.46002     750.00
 34.05620 -118.45664    1333.33
 34.05620 -118.45326    1666.67
 34.05620 -118.44988    2000.00
 34.05620 -118.44650    2284.22
 34.05620 -118.44312    2509.56
 34.05620 -118.43974    2734.89
 34.05620 -118.43636    2712.00
 34.05620 -118.43298    2820.00
 34.05620 -118.42960    2928.00
 34.05620 -118.42622    3000.00
 34.05620 -118.42284    3077.78
 34.05620 -118.41946    3155.56
 34.05620 -118.41608    3333.11
 34.05620 -118.41270    3488.67
 34.05620 -118.40932    3644.22
 34.05620 -118.40594    3700.00
 34.05620 -118.40256    3700.00
 34.05620 -118.39918    3700.00
 34.05620 -118.39580    3700.00
 34.05320 -118.49720     300.00
 34.05320 -118.49382     300.00
 34.05320 -118.49044     306.33
 34.05320 -118.48706     325.33
 34.05320 -118.48368     344.33
 34.05320 -118.48030     357.00
 34.05320 -118.47692     338.00
 34.05320 -118.47354     319.00
 34.05320 -118.47016     294.44
 34.05320 -118.46678     277.78
 34.05320 -118.46340     511.11
 34.05320 -118.46002     750.00
 34.05320 -118.45664    1333.33
 34.05320 -118.45326    1666.67
 34.05320 -118.44988    2000.00
 34.05320 -118.44650    2343.11
 34.05320 -118.44312    2627.33
 34.05320 -118.43974    2852.67
 34.05320 -118.43636    2770.89
 34.05320 -118.43298    2908.89
 34.05320 -118.42960    3016.89
 34.05320 -118.42622    3166.67
 34.05320 -118.42284    3233.33
 34.05320 -118.41946    3388.89
 34.05320 -118.41608    3544.44
 34.05320 -118.41270    3622.22
 34.05320 -118.40932    3700.00
 34.05320 -118.40594    3700.00
 34.05320 -118.40256    3700.00
 34.05320 -118.39918    3700.00
 34.05320 -118.39580    3700.00
 34.05020 -118.49720     300.00
 34.05020 -118.49382     300.00
 34.05020 -118.49044     300.00
 34.05020 -118.48706     312.67
 34.05020 -118.48368     325.33
 34.05020 -118.48030     338.00
 34.05020 -118.47692     403.11
 34.05020 -118.47354     384.89
 34.05020 -118.47016     361.11
 34.05020 -118.46678     350.00
 34.05020 -118.46340     588.89
 34.05020 -118.46002     944.44
 34.05020 -118.45664    1444.44
 34.05020 -118.45326    1777.78
 34.05020 -118.44988    2000.00
 34.05020 -118.44650    2379.11
 34.05020 -118.44312    2722.22
 34.05020 -118.43974    2983.56
 34.05020 -118.43636    2901.78
 34.05020 -118.43298    3069.78
 34.05020 -118.42960    3230.67
 34.05020 -118.42622    3433.33
 34.05020 -118.42284    3488.89
 34.05020 -118.41946    3633.33
 34.05020 -118.41608    3700.00
 34.05020 -118.41270    3700.00
 34.05020 -118.40932    3700.00
 34.05020 -118.40594    3700.00
 34.05020 -118.40256    3700.00
 34.05020 -118.39918    3700.00
 34.05020 -118.39580    3700.00
 34.04720 -118.49720     300.00
 34.04720 -118.49382     294.44
 34.04720 -118.49044     294.44
 34.04720 -118.48706     295.22
 34.04720 -118.48368     307.11
 34.04720 -118.48030     304.22
 34.04720 -118.47692     459.00
 34.04720 -118.47354     441.56
 34.04720 -118.47016     511.11
 34.04720 -118.46678     505.56
 34.04720 -118.46340     861.11
 34.04720 -118.46002    1250.00
 34.04720 -118.45664    1666.67
 34.04720 -118.45326    2000.00
 34.04720 -118.44988    2222.22
 34.04720 -118.44650    2578.44
 34.04720 -118.44312    2916.33
 34.04720 -118.43974    3191.44
 34.04720 -118.43636    3257.44
 34.04720 -118.43298    3408.44
 34.04720 -118.42960    3533.33
 34.04720 -118.42622    3700.00
 34.04720 -118.42284    3666.67
 34.04720 -118.41946    3722.22
 34.04720 -118.41608    3700.00
 34.04720 -118.41270    3700.00
 34.04720 -118.40932    3700.00
 34.04720 -118.40594    3700.00
 34.04720 -118.40256    3700.00
 34.04720 -118.39918    3700.00
 34.04720 -118.39580    3700.00
 34.04420 -118.49720     300.00
 34.04420 -118.49382     288.89
 34.04420 -118.49044     283.33
 34.04420 -118.48706     272.22
 34.04420 -118.48368     361.11
 34.04420 -118.48030     435.22
 34.04420 -118.47692     729.78
 34.04420 -118.47354     829.78
 34.04420 -118.47016     911.22
 34.04420 -118.46678     972.22
 34.04420 -118.46340    1250.00
 34.04420 -118.46002    1777.78
 34.04420 -118.45664    2111.11
 34.04420 -118.45326    2444.44
 34.04420 -118.44988    2555.56
 34.04420 -118.44650    2777.78
 34.04420 -118.44312    3079.22
 34.04420 -118.43974    3368.11
 34.04420 -118.43636    3545.89
 34.04420 -118.43298    3622.22
 34.04420 -118.42960    3711.11
 34.04420 -118.42622    3800.00
 34.04420 -118.42284    3766.67
 34.04420 -118.41946    3733.33
 34.04420 -118.41608    3700.00
 34.04420 -118.41270    3700.00
 34.04420 -118.40932    3700.00
 34.04420 -118.40594    3700.00
 34.04420 -118.40256    3700.00
 34.04420 -118.39918    3700.00
 34.04420 -118.39580    3700.00
 34.04120 -118.49720     294.44
 34.04120 -118.49382     277.78
 34.04120 -118.49044     266.67
 34.04120 -118.48706     255.56
 34.04120 -118.48368     427.78
 34.04120 -118.48030     585.22
 34.04120 -118.47692     996.44
 34.04120 -118.47354    1222.00
 34.04120 -118.47016    1429.00
 34.04120 -118.46678    1490.00
 34.04120 -118.46340    1675.56
 34.04120 -118.46002    2111.11
 34.04120 -118.45664    2444.44
 34.04120 -118.45326    2777.78
 34.04120 -118.44988    2888.89
 34.04120 -118.44650    3097.56
 34.04120 -118.44312    3362.56
 34.04120 -118.43974    3629.22
 34.04120 -118.43636    3798.33
 34.04120 -118.43298    3800.00
 34.04120 -118.42960    3800.00
 34.04120 -118.42622    3800.00
 34.04120 -118.42284    3777.78
 34.04120 -118.41946    3744.44
 34.04120 -118.41608    3711.11
 34.04120 -118.41270    3700.00
 34.04120 -118.40932    3700.00
 34.04120 -118.40594    3700.00
 34.04120 -118.40256    3700.00
 34.04120 -118.39918    3700.00
 34.04120 -118.39580    3700.00
 34.03820 -118.49720     288.89
 34.03820 -118.49382     272.22
 34.03820 -118.49044     255.56
 34.03820 -118.48706     250.00
 34.03820 -118.48368     500.00
 34.03820 -118.48030     750.00
 34.03820 -118.47692    1272.33
 34.03820 -118.47354    1623.44
 34.03820 -118.47016    1863.44
 34.03820 -118.46678    1924.44
 34.03820 -118.46340    1906.67
 34.03820 -118.46002    2333.33
 34.03820 -118.45664    2666.67
 34.03820 -118.45326    3000.00
 34.03820 -118.44988    3000.00
 34.03820 -118.44650    3195.11
 34.03820 -118.44312    3487.78
 34.03820 -118.43974    3754.44
 34.03820 -118.43636    3826.00
 34.03820 -118.43298    3800.00
 34.03820 -118.42960    3800.00
 34.03820 -118.42622    3800.00
 34.03820 -118.42284    3788.89
 34.03820 -118.41946    3755.56
 34.03820 -118.41608    3722.22
 34.03820 -118.41270    3700.00
 34.03820 -118.40932    3700.00
 34.03820 -118.40594    3700.00
 34.03820 -118.40256    3700.00
 34.03820 -118.39918    3700.00
 34.03820 -118.39580    3700.00
