   -119.173    34.4733
   -119.182    34.4796
   -119.197    34.4897
   -119.214    34.5012
   -119.224    34.5100
   -119.232    34.5156
   -119.238    34.5184
   -119.245    34.5224
   -119.250    34.5254
   -119.249    34.5279
   -119.241    34.5286
   -119.233    34.5266
   -119.207    34.5201
   -119.184    34.5149
   -119.166    34.5090
   -119.153    34.5047
   -119.143    34.4999
   -119.134    34.4957
   -119.129    34.4949
   -119.125    34.5020
   -119.125    34.5135
   -119.123    34.5240
   -119.120    34.5368
   -119.116    34.5422
   -119.109    34.5495
   -119.100    34.5527
   -119.080    34.5503
   -119.060    34.5451
   -119.049    34.5425
   -119.040    34.5393
   -119.033    34.5371
   -119.032    34.5349
   -119.037    34.5221
   -119.043    34.5072
   -119.049    34.4948
   -119.058    34.4796
   -119.065    34.4665
   -119.073    34.4517
   -119.075    34.4481
   -119.077    34.4437
   -119.079    34.4359
   -119.083    34.4311
   -119.089    34.4248
   -119.096    34.4217
   -119.104    34.4239
   -119.116    34.4313
   -119.126    34.4396
   -119.141    34.4505
   -119.151    34.4585
   -119.161    34.4654
   -119.168    34.4693
