   -118.519    34.3395
   -118.525    34.3388
   -118.532    34.3398
   -118.543    34.3449
   -118.551    34.3497
   -118.560    34.3560
   -118.566    34.3612
   -118.572    34.3654
   -118.575    34.3696
   -118.579    34.3724
   -118.581    34.3748
   -118.576    34.3826
   -118.572    34.3874
   -118.568    34.3910
   -118.562    34.3991
   -118.556    34.4053
   -118.552    34.4082
   -118.545    34.4086
   -118.537    34.4080
   -118.529    34.4056
   -118.524    34.4027
   -118.516    34.3952
   -118.511    34.3893
   -118.506    34.3833
   -118.501    34.3776
   -118.497    34.3729
   -118.494    34.3669
   -118.494    34.3619
   -118.496    34.3568
   -118.500    34.3510
   -118.504    34.3468
   -118.512    34.3432
   -118.516    34.3416
