 34.40860 -118.58100    3053.55
 34.40860 -118.57765    3042.96
 34.40860 -118.57431    3027.38
 34.40860 -118.57096    3013.58
 34.40860 -118.56762    3003.40
 34.40860 -118.56427    2989.06
 34.40860 -118.56093    2951.12
 34.40860 -118.55758    2864.82
 34.40860 -118.55423    2716.96
 34.40860 -118.55089    2522.02
 34.40860 -118.54754    2320.48
 34.40860 -118.54420    2151.67
 34.40860 -118.54085    2026.69
 34.40860 -118.53751    1924.62
 34.40860 -118.53416    1818.17
 34.40860 -118.53081    1699.39
 34.40860 -118.52747    1583.22
 34.40860 -118.52412    1489.65
 34.40860 -118.52077    1425.27
 34.40860 -118.51743    1380.94
 34.40860 -118.51408    1339.52
 34.40860 -118.51073    1285.91
 34.40860 -118.50739    1211.16
 34.40860 -118.50404    1115.73
 34.40860 -118.50069    1011.24
 34.40860 -118.49735     919.55
 34.40860 -118.49400     865.43
 34.40581 -118.58100    3116.12
 34.40581 -118.57765    3095.12
 34.40581 -118.57431    3063.46
 34.40581 -118.57096    3034.07
 34.40581 -118.56762    3013.16
 34.40581 -118.56427    2994.23
 34.40581 -118.56093    2957.37
 34.40581 -118.55758    2875.66
 34.40581 -118.55423    2732.98
 34.40581 -118.55089    2540.14
 34.40581 -118.54754    2336.21
 34.40581 -118.54420    2161.19
 34.40581 -118.54085    2028.85
 34.40581 -118.53751    1920.18
 34.40581 -118.53416    1808.76
 34.40581 -118.53081    1686.39
 34.40581 -118.52747    1566.81
 34.40581 -118.52412    1468.75
 34.40581 -118.52077    1397.93
 34.40581 -118.51743    1345.89
 34.40581 -118.51408    1296.67
 34.40581 -118.51073    1235.95
 34.40581 -118.50739    1153.78
 34.40581 -118.50404    1049.06
 34.40581 -118.50069     932.94
 34.40581 -118.49735     829.58
 34.40581 -118.49400     767.90
 34.40302 -118.58100    3238.89
 34.40302 -118.57765    3199.87
 34.40302 -118.57431    3139.41
 34.40302 -118.57096    3080.48
 34.40302 -118.56762    3037.19
 34.40302 -118.56427    3006.40
 34.40302 -118.56093    2968.04
 34.40302 -118.55758    2891.58
 34.40302 -118.55423    2755.93
 34.40302 -118.55089    2565.99
 34.40302 -118.54754    2358.57
 34.40302 -118.54420    2174.50
 34.40302 -118.54085    2031.48
 34.40302 -118.53751    1913.16
 34.40302 -118.53416    1794.18
 34.40302 -118.53081    1665.33
 34.40302 -118.52747    1538.45
 34.40302 -118.52412    1430.79
 34.40302 -118.52077    1347.70
 34.40302 -118.51743    1282.19
 34.40302 -118.51408    1219.57
 34.40302 -118.51073    1145.71
 34.40302 -118.50739    1049.18
 34.40302 -118.50404     927.82
 34.40302 -118.50069     793.45
 34.40302 -118.49735     673.70
 34.40302 -118.49400     602.12
 34.40022 -118.58100    3407.00
 34.40022 -118.57765    3348.47
 34.40022 -118.57431    3254.74
 34.40022 -118.57096    3157.95
 34.40022 -118.56762    3081.76
 34.40022 -118.56427    3029.20
 34.40022 -118.56093    2982.05
 34.40022 -118.55758    2906.42
 34.40022 -118.55423    2775.56
 34.40022 -118.55089    2587.90
 34.40022 -118.54754    2377.48
 34.40022 -118.54420    2185.56
 34.40022 -118.54085    2033.29
 34.40022 -118.53751    1906.56
 34.40022 -118.53416    1780.38
 34.40022 -118.53081    1643.56
 34.40022 -118.52747    1505.74
 34.40022 -118.52412    1383.63
 34.40022 -118.52077    1283.86
 34.40022 -118.51743    1201.28
 34.40022 -118.51408    1121.34
 34.40022 -118.51073    1028.96
 34.40022 -118.50739     912.36
 34.40022 -118.50404     771.32
 34.40022 -118.50069     620.74
 34.40022 -118.49735     490.38
 34.40022 -118.49400     413.86
 34.39743 -118.58100    3589.90
 34.39743 -118.57765    3517.76
 34.39743 -118.57431    3397.25
 34.39743 -118.57096    3263.98
 34.39743 -118.56762    3149.57
 34.39743 -118.56427    3065.98
 34.39743 -118.56093    3000.60
 34.39743 -118.55758    2918.64
 34.39743 -118.55423    2788.39
 34.39743 -118.55089    2602.03
 34.39743 -118.54754    2390.26
 34.39743 -118.54420    2193.75
 34.39743 -118.54085    2035.76
 34.39743 -118.53751    1903.64
 34.39743 -118.53416    1771.96
 34.39743 -118.53081    1626.85
 34.39743 -118.52747    1475.87
 34.39743 -118.52412    1336.32
 34.39743 -118.52077    1217.15
 34.39743 -118.51743    1114.60
 34.39743 -118.51408    1013.13
 34.39743 -118.51073     897.13
 34.39743 -118.50739     757.77
 34.39743 -118.50404     600.78
 34.39743 -118.50069     445.06
 34.39743 -118.49735     318.20
 34.39743 -118.49400     246.63
 34.39464 -118.58100    3751.46
 34.39464 -118.57765    3676.78
 34.39464 -118.57431    3545.04
 34.39464 -118.57096    3386.93
 34.39464 -118.56762    3237.29
 34.39464 -118.56427    3118.05
 34.39464 -118.56093    3026.50
 34.39464 -118.55758    2931.37
 34.39464 -118.55423    2798.13
 34.39464 -118.55089    2613.17
 34.39464 -118.54754    2402.56
 34.39464 -118.54420    2204.95
 34.39464 -118.54085    2044.31
 34.39464 -118.53751    1908.94
 34.39464 -118.53416    1772.81
 34.39464 -118.53081    1619.43
 34.39464 -118.52747    1454.67
 34.39464 -118.52412    1296.63
 34.39464 -118.52077    1156.22
 34.39464 -118.51743    1030.05
 34.39464 -118.51408     901.90
 34.39464 -118.51073     758.71
 34.39464 -118.50739     598.84
 34.39464 -118.50404     435.97
 34.39464 -118.50069     290.50
 34.39464 -118.49735     182.30
 34.39464 -118.49400     124.88
 34.39185 -118.58100    3868.58
 34.39185 -118.57765    3801.94
 34.39185 -118.57431    3675.86
 34.39185 -118.57096    3509.48
 34.39185 -118.56762    3334.86
 34.39185 -118.56427    3182.18
 34.39185 -118.56093    3061.12
 34.39185 -118.55758    2948.76
 34.39185 -118.55423    2811.00
 34.39185 -118.55089    2629.23
 34.39185 -118.54754    2423.15
 34.39185 -118.54420    2227.44
 34.39185 -118.54085    2065.37
 34.39185 -118.53751    1926.11
 34.39185 -118.53416    1783.77
 34.39185 -118.53081    1620.53
 34.39185 -118.52747    1441.43
 34.39185 -118.52412    1264.80
 34.39185 -118.52077    1101.78
 34.39185 -118.51743     948.47
 34.39185 -118.51408     790.31
 34.39185 -118.51073     621.02
 34.39185 -118.50739     448.75
 34.39185 -118.50404     293.09
 34.39185 -118.50069     170.84
 34.39185 -118.49735      90.12
 34.39185 -118.49400      50.79
 34.38906 -118.58100    3938.53
 34.38906 -118.57765    3885.96
 34.38906 -118.57431    3777.30
 34.38906 -118.57096    3617.86
 34.38906 -118.56762    3431.90
 34.38906 -118.56427    3253.71
 34.38906 -118.56093    3104.72
 34.38906 -118.55758    2974.02
 34.38906 -118.55423    2831.65
 34.38906 -118.55089    2655.60
 34.38906 -118.54754    2457.60
 34.38906 -118.54420    2266.08
 34.38906 -118.54085    2101.80
 34.38906 -118.53751    1954.95
 34.38906 -118.53416    1801.45
 34.38906 -118.53081    1624.59
 34.38906 -118.52747    1430.06
 34.38906 -118.52412    1235.37
 34.38906 -118.52077    1049.99
 34.38906 -118.51743     869.03
 34.38906 -118.51408     682.55
 34.38906 -118.51073     493.91
 34.38906 -118.50739     320.37
 34.38906 -118.50404     182.40
 34.38906 -118.50069      88.61
 34.38906 -118.49735      34.93
 34.38906 -118.49400      11.51
 34.38626 -118.58100    3973.53
 34.38626 -118.57765    3935.58
 34.38626 -118.57431    3848.52
 34.38626 -118.57096    3705.92
 34.38626 -118.56762    3521.77
 34.38626 -118.56427    3329.26
 34.38626 -118.56093    3157.81
 34.38626 -118.55758    3009.53
 34.38626 -118.55423    2862.04
 34.38626 -118.55089    2692.69
 34.38626 -118.54754    2504.68
 34.38626 -118.54420    2318.02
 34.38626 -118.54085    2148.67
 34.38626 -118.53751    1987.89
 34.38626 -118.53416    1815.71
 34.38626 -118.53081    1620.14
 34.38626 -118.52747    1409.56
 34.38626 -118.52412    1199.58
 34.38626 -118.52077     995.90
 34.38626 -118.51743     792.03
 34.38626 -118.51408     584.56
 34.38626 -118.51073     386.60
 34.38626 -118.50739     221.61
 34.38626 -118.50404     105.88
 34.38626 -118.50069      38.05
 34.38626 -118.49735       4.68
 34.38626 -118.49400      -8.24
 34.38347 -118.58100    3988.77
 34.38347 -118.57765    3963.03
 34.38347 -118.57431    3896.95
 34.38347 -118.57096    3776.56
 34.38347 -118.56762    3605.34
 34.38347 -118.56427    3410.33
 34.38347 -118.56093    3223.46
 34.38347 -118.55758    3058.21
 34.38347 -118.55423    2902.65
 34.38347 -118.55089    2737.11
 34.38347 -118.54754    2557.41
 34.38347 -118.54420    2373.60
 34.38347 -118.54085    2194.75
 34.38347 -118.53751    2013.33
 34.38347 -118.53416    1815.87
 34.38347 -118.53081    1598.65
 34.38347 -118.52747    1374.24
 34.38347 -118.52412    1155.29
 34.38347 -118.52077     941.61
 34.38347 -118.51743     724.01
 34.38347 -118.51408     505.39
 34.38347 -118.51073     306.70
 34.38347 -118.50739     154.57
 34.38347 -118.50404      58.91
 34.38347 -118.50069       9.88
 34.38347 -118.49735     -11.48
 34.38347 -118.49400     -19.14
 34.38068 -118.58100    3995.04
 34.38068 -118.57765    3978.44
 34.38068 -118.57431    3930.85
 34.38068 -118.57096    3834.98
 34.38068 -118.56762    3685.11
 34.38068 -118.56427    3498.14
 34.38068 -118.56093    3302.74
 34.38068 -118.55758    3120.42
 34.38068 -118.55423    2951.33
 34.38068 -118.55089    2782.65
 34.38068 -118.54754    2605.52
 34.38068 -118.54420    2420.13
 34.38068 -118.54085    2227.56
 34.38068 -118.53751    2021.47
 34.38068 -118.53416    1796.32
 34.38068 -118.53081    1558.79
 34.38068 -118.52747    1326.00
 34.38068 -118.52412    1106.77
 34.38068 -118.52077     893.23
 34.38068 -118.51743     672.21
 34.38068 -118.51408     450.99
 34.38068 -118.51073     256.08
 34.38068 -118.50739     115.65
 34.38068 -118.50404      34.02
 34.38068 -118.50069      -4.01
 34.38068 -118.49735     -19.76
 34.38068 -118.49400     -25.53
 34.37789 -118.58100    3997.76
 34.37789 -118.57765    3987.86
 34.37789 -118.57431    3956.02
 34.37789 -118.57096    3884.71
 34.37789 -118.56762    3760.81
 34.37789 -118.56427    3589.27
 34.37789 -118.56093    3391.10
 34.37789 -118.55758    3192.01
 34.37789 -118.55423    3004.05
 34.37789 -118.55089    2823.94
 34.37789 -118.54754    2641.49
 34.37789 -118.54420    2449.09
 34.37789 -118.54085    2240.62
 34.37789 -118.53751    2011.02
 34.37789 -118.53416    1762.16
 34.37789 -118.53081    1510.27
 34.37789 -118.52747    1275.89
 34.37789 -118.52412    1063.86
 34.37789 -118.52077     858.39
 34.37789 -118.51743     641.98
 34.37789 -118.51408     423.76
 34.37789 -118.51073     233.55
 34.37789 -118.50739     100.39
 34.37789 -118.50404      25.66
 34.37789 -118.50069      -8.03
 34.37789 -118.49735     -22.36
 34.37789 -118.49400     -27.99
 34.37510 -118.58100    3999.03
 34.37510 -118.57765    3993.80
 34.37510 -118.57431    3974.39
 34.37510 -118.57096    3924.76
 34.37510 -118.56762    3826.60
 34.37510 -118.56427    3673.63
 34.37510 -118.56093    3477.36
 34.37510 -118.55758    3264.22
 34.37510 -118.55423    3055.80
 34.37510 -118.55089    2858.62
 34.37510 -118.54754    2664.06
 34.37510 -118.54420    2460.17
 34.37510 -118.54085    2236.26
 34.37510 -118.53751    1988.54
 34.37510 -118.53416    1724.04
 34.37510 -118.53081    1465.26
 34.37510 -118.52747    1234.15
 34.37510 -118.52412    1032.42
 34.37510 -118.52077     838.27
 34.37510 -118.51743     630.86
 34.37510 -118.51408     419.03
 34.37510 -118.51073     233.72
 34.37510 -118.50739     104.04
 34.37510 -118.50404      30.70
 34.37510 -118.50069      -3.46
 34.37510 -118.49735     -19.09
 34.37510 -118.49400     -25.66
 34.37230 -118.58100    3999.64
 34.37230 -118.57765    3997.36
 34.37230 -118.57431    3986.59
 34.37230 -118.57096    3953.46
 34.37230 -118.56762    3877.00
 34.37230 -118.56427    3742.49
 34.37230 -118.56093    3552.52
 34.37230 -118.55758    3331.35
 34.37230 -118.55423    3106.17
 34.37230 -118.55089    2891.26
 34.37230 -118.54754    2681.27
 34.37230 -118.54420    2463.48
 34.37230 -118.54085    2225.94
 34.37230 -118.53751    1966.32
 34.37230 -118.53416    1694.11
 34.37230 -118.53081    1433.89
 34.37230 -118.52747    1206.89
 34.37230 -118.52412    1013.22
 34.37230 -118.52077     828.59
 34.37230 -118.51743     631.17
 34.37230 -118.51408     428.30
 34.37230 -118.51073     249.51
 34.37230 -118.50739     122.13
 34.37230 -118.50404      47.19
 34.37230 -118.50069       9.30
 34.37230 -118.49735      -9.83
 34.37230 -118.49400     -18.34
 34.36951 -118.58100    3999.90
 34.36951 -118.57765    3999.14
 34.36951 -118.57431    3993.45
 34.36951 -118.57096    3971.24
 34.36951 -118.56762    3911.29
 34.36951 -118.56427    3793.87
 34.36951 -118.56093    3614.45
 34.36951 -118.55758    3392.87
 34.36951 -118.55423    3158.01
 34.36951 -118.55089    2928.87
 34.36951 -118.54754    2704.09
 34.36951 -118.54420    2472.34
 34.36951 -118.54085    2223.04
 34.36951 -118.53751    1955.44
 34.36951 -118.53416    1679.87
 34.36951 -118.53081    1419.64
 34.36951 -118.52747    1193.82
 34.36951 -118.52412    1002.25
 34.36951 -118.52077     821.95
 34.36951 -118.51743     633.05
 34.36951 -118.51408     441.18
 34.36951 -118.51073     272.16
 34.36951 -118.50739     148.97
 34.36951 -118.50404      72.30
 34.36951 -118.50069      29.15
 34.36951 -118.49735       4.91
 34.36951 -118.49400      -6.53
 34.36672 -118.58100    3999.98
 34.36672 -118.57765    3999.81
 34.36672 -118.57431    3996.75
 34.36672 -118.57096    3981.41
 34.36672 -118.56762    3934.16
 34.36672 -118.56427    3832.83
 34.36672 -118.56093    3667.48
 34.36672 -118.55758    3451.93
 34.36672 -118.55423    3214.36
 34.36672 -118.55089    2976.16
 34.36672 -118.54754    2740.19
 34.36672 -118.54420    2496.89
 34.36672 -118.54085    2238.07
 34.36672 -118.53751    1964.41
 34.36672 -118.53416    1686.60
 34.36672 -118.53081    1424.81
 34.36672 -118.52747    1195.09
 34.36672 -118.52412     997.96
 34.36672 -118.52077     815.05
 34.36672 -118.51743     631.21
 34.36672 -118.51408     451.00
 34.36672 -118.51073     294.86
 34.36672 -118.50739     178.98
 34.36672 -118.50404     102.30
 34.36672 -118.50069      53.95
 34.36672 -118.49735      23.78
 34.36672 -118.49400       8.66
 34.36393 -118.58100    4000.00
 34.36393 -118.57765    3999.98
 34.36393 -118.57431    3998.29
 34.36393 -118.57096    3987.50
 34.36393 -118.56762    3950.41
 34.36393 -118.56427    3863.71
 34.36393 -118.56093    3713.32
 34.36393 -118.55758    3506.75
 34.36393 -118.55423    3270.87
 34.36393 -118.55089    3028.60
 34.36393 -118.54754    2786.86
 34.36393 -118.54420    2537.05
 34.36393 -118.54085    2272.85
 34.36393 -118.53751    1995.55
 34.36393 -118.53416    1716.05
 34.36393 -118.53081    1450.51
 34.36393 -118.52747    1212.15
 34.36393 -118.52412    1002.94
 34.36393 -118.52077     811.40
 34.36393 -118.51743     628.75
 34.36393 -118.51408     459.24
 34.36393 -118.51073     317.28
 34.36393 -118.50739     211.18
 34.36393 -118.50404     136.74
 34.36393 -118.50069      84.26
 34.36393 -118.49735      48.05
 34.36393 -118.49400      28.76
 34.36113 -118.58100    4000.00
 34.36113 -118.57765    4000.00
 34.36113 -118.57431    3999.14
 34.36113 -118.57096    3991.57
 34.36113 -118.56762    3962.35
 34.36113 -118.56427    3887.53
 34.36113 -118.56093    3749.92
 34.36113 -118.55758    3551.82
 34.36113 -118.55423    3319.56
 34.36113 -118.55089    3077.86
 34.36113 -118.54754    2837.35
 34.36113 -118.54420    2588.97
 34.36113 -118.54085    2326.41
 34.36113 -118.53751    2049.72
 34.36113 -118.53416    1769.59
 34.36113 -118.53081    1498.47
 34.36113 -118.52747    1248.13
 34.36113 -118.52412    1023.06
 34.36113 -118.52077     819.92
 34.36113 -118.51743     636.22
 34.36113 -118.51408     476.10
 34.36113 -118.51073     347.94
 34.36113 -118.50739     252.52
 34.36113 -118.50404     181.89
 34.36113 -118.50069     126.53
 34.36113 -118.49735      84.48
 34.36113 -118.49400      60.73
 34.35834 -118.58100    4000.00
 34.35834 -118.57765    4000.00
 34.35834 -118.57431    3999.64
 34.35834 -118.57096    3994.11
 34.35834 -118.56762    3969.97
 34.35834 -118.56427    3902.87
 34.35834 -118.56093    3773.63
 34.35834 -118.55758    3581.49
 34.35834 -118.55423    3353.45
 34.35834 -118.55089    3116.93
 34.35834 -118.54754    2885.59
 34.35834 -118.54420    2648.56
 34.35834 -118.54085    2396.39
 34.35834 -118.53751    2125.42
 34.35834 -118.53416    1845.38
 34.35834 -118.53081    1566.99
 34.35834 -118.52747    1303.42
 34.35834 -118.52412    1063.14
 34.35834 -118.52077     850.58
 34.35834 -118.51743     667.75
 34.35834 -118.51408     517.92
 34.35834 -118.51073     403.55
 34.35834 -118.50739     319.28
 34.35834 -118.50404     253.51
 34.35834 -118.50069     196.33
 34.35834 -118.49735     148.68
 34.35834 -118.49400     120.24
 34.35555 -118.58100    4000.00
 34.35555 -118.57765    4000.00
 34.35555 -118.57431    3999.90
 34.35555 -118.57096    3995.38
 34.35555 -118.56762    3973.78
 34.35555 -118.56427    3910.53
 34.35555 -118.56093    3785.43
 34.35555 -118.55758    3596.71
 34.35555 -118.55423    3373.22
 34.35555 -118.55089    3146.08
 34.35555 -118.54754    2931.44
 34.35555 -118.54420    2715.29
 34.35555 -118.54085    2481.58
 34.35555 -118.53751    2220.40
 34.35555 -118.53416    1940.27
 34.35555 -118.53081    1653.38
 34.35555 -118.52747    1377.45
 34.35555 -118.52412    1125.87
 34.35555 -118.52077     909.29
 34.35555 -118.51743     731.98
 34.35555 -118.51408     595.37
 34.35555 -118.51073     496.26
 34.35555 -118.50739     424.36
 34.35555 -118.50404     365.05
 34.35555 -118.50069     308.04
 34.35555 -118.49735     256.48
 34.35555 -118.49400     224.28
 34.35276 -118.58100    3999.88
 34.35276 -118.57765    3999.64
 34.35276 -118.57431    3999.12
 34.35276 -118.57096    3994.19
 34.35276 -118.56762    3972.67
 34.35276 -118.56427    3910.18
 34.35276 -118.56093    3786.45
 34.35276 -118.55758    3599.98
 34.35276 -118.55423    3381.80
 34.35276 -118.55089    3166.96
 34.35276 -118.54754    2973.63
 34.35276 -118.54420    2784.01
 34.35276 -118.54085    2573.43
 34.35276 -118.53751    2324.61
 34.35276 -118.53416    2045.34
 34.35276 -118.53081    1751.97
 34.35276 -118.52747    1468.13
 34.35276 -118.52412    1211.36
 34.35276 -118.52077     996.25
 34.35276 -118.51743     828.09
 34.35276 -118.51408     706.78
 34.35276 -118.51073     624.32
 34.35276 -118.50739     566.46
 34.35276 -118.50404     516.17
 34.35276 -118.50069     463.06
 34.35276 -118.49735     411.59
 34.35276 -118.49400     378.32
 34.34997 -118.58100    3999.29
 34.34997 -118.57765    3997.87
 34.34997 -118.57431    3994.82
 34.34997 -118.57096    3986.23
 34.34997 -118.56762    3960.98
 34.34997 -118.56427    3896.20
 34.34997 -118.56093    3772.75
 34.34997 -118.55758    3589.75
 34.34997 -118.55423    3379.36
 34.34997 -118.55089    3178.99
 34.34997 -118.54754    3007.67
 34.34997 -118.54420    2844.14
 34.34997 -118.54085    2656.20
 34.34997 -118.53751    2420.97
 34.34997 -118.53416    2146.80
 34.34997 -118.53081    1854.55
 34.34997 -118.52747    1571.45
 34.34997 -118.52412    1315.90
 34.34997 -118.52077    1103.88
 34.34997 -118.51743     942.61
 34.34997 -118.51408     832.96
 34.34997 -118.51073     764.60
 34.34997 -118.50739     720.43
 34.34997 -118.50404     681.59
 34.34997 -118.50069     637.59
 34.34997 -118.49735     592.64
 34.34997 -118.49400     562.90
 34.34718 -118.58100    3997.63
 34.34718 -118.57765    3992.89
 34.34718 -118.57431    3982.73
 34.34718 -118.57096    3963.71
 34.34718 -118.56762    3927.55
 34.34718 -118.56427    3855.66
 34.34718 -118.56093    3732.21
 34.34718 -118.55758    3556.83
 34.34718 -118.55423    3359.90
 34.34718 -118.55089    3177.14
 34.34718 -118.54754    3025.89
 34.34718 -118.54420    2882.58
 34.34718 -118.54085    2711.64
 34.34718 -118.53751    2489.49
 34.34718 -118.53416    2227.01
 34.34718 -118.53081    1947.82
 34.34718 -118.52747    1677.45
 34.34718 -118.52412    1429.92
 34.34718 -118.52077    1219.82
 34.34718 -118.51743    1058.06
 34.34718 -118.51408     950.53
 34.34718 -118.51073     888.62
 34.34718 -118.50739     854.19
 34.34718 -118.50404     826.95
 34.34718 -118.50069     795.66
 34.34718 -118.49735     762.56
 34.34718 -118.49400     740.27
 34.34438 -118.58100    3994.67
 34.34438 -118.57765    3984.00
 34.34438 -118.57431    3961.13
 34.34438 -118.57096    3923.49
 34.34438 -118.56762    3867.86
 34.34438 -118.56427    3783.26
 34.34438 -118.56093    3659.81
 34.34438 -118.55758    3497.38
 34.34438 -118.55423    3321.04
 34.34438 -118.55089    3159.78
 34.34438 -118.54754    3025.91
 34.34438 -118.54420    2894.81
 34.34438 -118.54085    2732.59
 34.34438 -118.53751    2520.85
 34.34438 -118.53416    2274.97
 34.34438 -118.53081    2019.15
 34.34438 -118.52747    1771.77
 34.34438 -118.52412    1537.80
 34.34438 -118.52077    1327.71
 34.34438 -118.51743    1157.29
 34.34438 -118.51408    1040.84
 34.34438 -118.51073     975.56
 34.34438 -118.50739     944.38
 34.34438 -118.50404     926.05
 34.34438 -118.50069     907.65
 34.34438 -118.49735     888.15
 34.34438 -118.49400     874.85
 34.34159 -118.58100    3991.11
 34.34159 -118.57765    3973.33
 34.34159 -118.57431    3935.22
 34.34159 -118.57096    3875.22
 34.34159 -118.56762    3796.22
 34.34159 -118.56427    3696.39
 34.34159 -118.56093    3572.93
 34.34159 -118.55758    3425.83
 34.34159 -118.55423    3272.94
 34.34159 -118.55089    3133.87
 34.34159 -118.54754    3013.97
 34.34159 -118.54420    2888.42
 34.34159 -118.54085    2727.98
 34.34159 -118.53751    2522.59
 34.34159 -118.53416    2292.89
 34.34159 -118.53081    2062.53
 34.34159 -118.52747    1840.78
 34.34159 -118.52412    1622.19
 34.34159 -118.52077    1411.79
 34.34159 -118.51743    1229.69
 34.34159 -118.51408    1099.03
 34.34159 -118.51073    1024.51
 34.34159 -118.50739     991.41
 34.34159 -118.50404     977.87
 34.34159 -118.50069     968.82
 34.34159 -118.49735     959.97
 34.34159 -118.49400     953.88
 34.33880 -118.58100    3988.62
 34.33880 -118.57765    3965.86
 34.33880 -118.57431    3917.09
 34.33880 -118.57096    3841.44
 34.33880 -118.56762    3746.08
 34.33880 -118.56427    3635.57
 34.33880 -118.56093    3512.12
 34.33880 -118.55758    3375.71
 34.33880 -118.55423    3238.97
 34.33880 -118.55089    3114.63
 34.33880 -118.54754    3002.95
 34.33880 -118.54420    2879.13
 34.33880 -118.54085    2717.75
 34.33880 -118.53751    2515.02
 34.33880 -118.53416    2295.21
 34.33880 -118.53081    2081.39
 34.33880 -118.52747    1876.57
 34.33880 -118.52412    1668.37
 34.33880 -118.52077    1457.87
 34.33880 -118.51743    1267.68
 34.33880 -118.51408    1126.53
 34.33880 -118.51073    1044.39
 34.33880 -118.50739    1008.46
 34.33880 -118.50404     996.55
 34.33880 -118.50069     992.15
 34.33880 -118.49735     988.89
 34.33880 -118.49400     986.63
