   -118.590    34.3143
   -118.596    34.3165
   -118.600    34.3187
   -118.608    34.3221
   -118.612    34.3261
   -118.615    34.3294
   -118.617    34.3326
   -118.616    34.3357
   -118.611    34.3395
   -118.604    34.3403
   -118.598    34.3401
   -118.590    34.3368
   -118.585    34.3338
   -118.579    34.3306
   -118.573    34.3264
   -118.568    34.3230
   -118.564    34.3205
   -118.559    34.3178
   -118.555    34.3141
   -118.553    34.3114
   -118.553    34.3088
   -118.555    34.3066
   -118.560    34.3050
   -118.565    34.3046
   -118.571    34.3052
   -118.577    34.3076
   -118.582    34.3097
   -118.586    34.3118
