-119.096 34.3149
-119.112 34.3031
-119.135 34.2865
-119.156 34.2730
-119.176 34.2590
-119.189 34.2496
-119.207 34.2424
-119.231 34.2349
-119.253 34.2301
-119.279 34.2249
-119.317 34.2178
-119.355 34.2151
-119.388 34.2165
-119.413 34.2189
-119.438 34.2266
-119.457 34.2363
-119.475 34.2450
-119.489 34.2519
-119.496 34.2565
-119.498 34.2750
-119.496 34.2949
-119.497 34.3173
-119.497 34.3379
-119.498 34.3607
-119.498 34.3810
-119.498 34.3960
-119.498 34.4065
-119.493 34.4096
-119.480 34.4106
-119.455 34.4106
-119.440 34.4087
-119.430 34.4075
-119.405 34.4068
-119.383 34.4054
-119.357 34.4029
-119.335 34.4001
-119.311 34.3978
-119.288 34.3965
-119.267 34.3952
-119.248 34.3910
-119.235 34.3893
-119.223 34.3892
-119.208 34.3959
-119.193 34.4048
-119.178 34.4131
-119.161 34.4212
-119.147 34.4278
-119.135 34.4323
-119.128 34.4346
-119.113 34.4318
-119.097 34.4328
-119.069 34.4394
-119.050 34.4445
-119.033 34.4480
-119.012 34.4537
-118.997 34.4585
-118.990 34.4615
-118.986 34.4634
-118.986 34.4778
-118.985 34.5014
-118.984 34.5170
-118.982 34.5330
-118.980 34.5468
-118.979 34.5566
-118.977 34.5582
-118.968 34.5520
-118.952 34.5428
-118.931 34.5313
-118.918 34.5220
-118.905 34.5132
-118.891 34.5053
-118.873 34.4951
-118.855 34.4855
-118.838 34.4762
-118.820 34.4654
-118.799 34.4530
-118.783 34.4453
-118.775 34.4394
-118.772 34.4378
-118.760 34.4338
-118.744 34.4286
-118.730 34.4244
-118.719 34.4221
-118.707 34.4228
-118.693 34.4248
-118.677 34.4278
-118.655 34.4289
-118.636 34.4294
-118.614 34.4293
-118.606 34.4290
-118.580 34.4235
-118.566 34.4202
-118.549 34.4170
-118.529 34.4133
-118.517 34.4111
-118.514 34.4100
-118.509 34.4123
-118.497 34.4024
-118.488 34.3953
-118.475 34.3881
-118.473 34.3869
-118.472 34.3841
-118.470 34.3802
-118.471 34.3776
-118.473 34.3775
-118.477 34.3715
-118.479 34.3668
-118.481 34.3621
-118.483 34.3595
-118.482 34.3556
-118.485 34.3523
-118.485 34.3469
-118.481 34.3454
-118.476 34.3442
-118.471 34.3437
-118.467 34.3434
-118.464 34.3432
-118.460 34.3430
-118.459 34.3419
-118.457 34.3416
-118.455 34.3424
-118.454 34.3439
-118.453 34.3451
-118.452 34.3442
-118.452 34.3409
-118.453 34.3381
-118.451 34.3348
-118.451 34.3308
-118.451 34.3279
-118.453 34.3261
-118.456 34.3262
-118.458 34.3274
-118.461 34.3281
-118.461 34.3268
-118.463 34.3282
-118.464 34.3288
-118.465 34.3292
-118.469 34.3289
-118.470 34.3272
-118.473 34.3272
-118.475 34.3262
-118.476 34.3256
-118.479 34.3271
-118.480 34.3286
-118.483 34.3288
-118.492 34.3253
-118.499 34.3208
-118.507 34.3167
-118.513 34.3123
-118.520 34.3102
-118.525 34.3058
-118.531 34.3021
-118.536 34.2987
-118.541 34.2965
-118.547 34.2975
-118.553 34.2992
-118.558 34.3000
-118.563 34.3014
-118.572 34.3059
-118.576 34.3084
-118.582 34.3082
-118.587 34.3076
-118.591 34.3077
-118.594 34.3110
-118.593 34.3145
-118.589 34.3168
-118.587 34.3193
-118.590 34.3212
-118.597 34.3243
-118.603 34.3236
-118.610 34.3221
-118.615 34.3220
-118.620 34.3251
-118.623 34.3294
-118.629 34.3335
-118.633 34.3371
-118.636 34.3374
-118.639 34.3359
-118.643 34.3349
-118.645 34.3376
-118.645 34.3405
-118.652 34.3421
-118.663 34.3447
-118.673 34.3463
-118.682 34.3468
-118.690 34.3470
-118.695 34.3455
-118.703 34.3455
-118.713 34.3466
-118.723 34.3463
-118.731 34.3476
-118.738 34.3507
-118.748 34.3587
-118.754 34.3688
-118.762 34.3767
-118.771 34.3819
-118.781 34.3835
-118.794 34.3839
-118.810 34.3869
-118.828 34.3878
-118.847 34.3887
-118.864 34.3895
-118.879 34.3899
-118.894 34.3897
-118.907 34.3894
-118.912 34.3886
-118.921 34.3850
-118.932 34.3786
-118.952 34.3668
-118.964 34.3614
-118.977 34.3570
-118.987 34.3519
-119.003 34.3448
-119.014 34.3407
-119.021 34.3384
-119.026 34.3364
-119.038 34.3366
-119.048 34.3379
-119.052 34.3388
-119.062 34.3341
-119.070 34.3283
-119.082 34.3225
-119.091 34.3169
