   -119.318    34.3416
   -119.327    34.3399
   -119.338    34.3411
   -119.348    34.3432
   -119.359    34.3464
   -119.368    34.3515
   -119.374    34.3554
   -119.376    34.3589
   -119.379    34.3612
   -119.376    34.3630
   -119.372    34.3649
   -119.370    34.3677
   -119.369    34.3710
   -119.365    34.3730
   -119.361    34.3745
   -119.355    34.3750
   -119.353    34.3753
   -119.351    34.3766
   -119.353    34.3794
   -119.357    34.3797
   -119.364    34.3784
   -119.371    34.3782
   -119.380    34.3789
   -119.392    34.3797
   -119.406    34.3806
   -119.413    34.3835
   -119.418    34.3837
   -119.422    34.3861
   -119.430    34.3910
   -119.437    34.3932
   -119.442    34.3974
   -119.446    34.4016
   -119.449    34.4052
   -119.461    34.4090
   -119.477    34.4124
   -119.490    34.4150
   -119.499    34.4166
   -119.499    34.4289
   -119.500    34.4392
   -119.500    34.4480
   -119.486    34.4486
   -119.468    34.4486
   -119.458    34.4486
   -119.445    34.4491
   -119.433    34.4484
   -119.425    34.4482
   -119.419    34.4484
   -119.411    34.4475
   -119.409    34.4454
   -119.407    34.4439
   -119.403    34.4422
   -119.399    34.4413
   -119.393    34.4415
   -119.387    34.4424
   -119.383    34.4432
   -119.379    34.4433
   -119.374    34.4434
   -119.370    34.4441
   -119.369    34.4456
   -119.372    34.4461
   -119.374    34.4478
   -119.377    34.4494
   -119.378    34.4499
   -119.381    34.4509
   -119.384    34.4510
   -119.387    34.4514
   -119.386    34.4525
   -119.381    34.4528
   -119.373    34.4529
   -119.364    34.4532
   -119.352    34.4543
   -119.346    34.4558
   -119.336    34.4564
   -119.323    34.4582
   -119.308    34.4610
   -119.296    34.4636
   -119.291    34.4657
   -119.287    34.4678
   -119.278    34.4693
   -119.267    34.4693
   -119.258    34.4679
   -119.250    34.4679
   -119.236    34.4688
   -119.221    34.4697
   -119.206    34.4702
   -119.186    34.4702
   -119.174    34.4713
   -119.169    34.4723
   -119.155    34.4725
   -119.141    34.4732
   -119.132    34.4733
   -119.126    34.4738
   -119.122    34.4760
   -119.113    34.4819
   -119.104    34.4879
   -119.095    34.4932
   -119.088    34.4972
   -119.085    34.4986
   -119.074    34.4972
   -119.061    34.4938
   -119.048    34.4907
   -119.036    34.4891
   -119.020    34.4882
   -119.004    34.4868
   -118.993    34.4853
   -118.986    34.4839
   -118.982    34.4805
   -118.978    34.4753
   -118.975    34.4715
   -118.975    34.4658
   -118.979    34.4555
   -118.982    34.4461
   -118.986    34.4375
   -118.986    34.4334
   -118.988    34.4262
   -118.990    34.4197
   -118.991    34.4142
   -119.000    34.4089
   -119.010    34.4014
   -119.019    34.3932
   -119.028    34.3870
   -119.036    34.3796
   -119.048    34.3717
   -119.060    34.3648
   -119.068    34.3606
   -119.079    34.3626
   -119.091    34.3723
   -119.101    34.3833
   -119.109    34.4000
   -119.115    34.4134
   -119.121    34.4252
   -119.126    34.4340
   -119.130    34.4368
   -119.141    34.4318
   -119.151    34.4214
   -119.168    34.4016
   -119.183    34.3852
   -119.194    34.3731
   -119.204    34.3629
   -119.214    34.3527
   -119.222    34.3464
   -119.229    34.3449
   -119.238    34.3468
   -119.250    34.3548
   -119.261    34.3638
   -119.265    34.3662
   -119.275    34.3626
   -119.284    34.3564
   -119.294    34.3518
   -119.301    34.3470
   -119.310    34.3426
