 34.41930 -118.59000    2000.00
 34.41930 -118.58664    2000.00
 34.41930 -118.58327    2000.00
 34.41930 -118.57992    2000.00
 34.41930 -118.57655    2000.00
 34.41930 -118.57320    2000.00
 34.41930 -118.56984    2000.00
 34.41930 -118.56647    2000.00
 34.41930 -118.56312    2000.00
 34.41930 -118.55975    1997.84
 34.41930 -118.55640    1987.04
 34.41930 -118.55304    1954.63
 34.41930 -118.54967    1889.81
 34.41930 -118.54632    1792.57
 34.41930 -118.54295    1682.37
 34.41930 -118.53960    1585.12
 34.41930 -118.53624    1520.28
 34.41930 -118.53288    1487.85
 34.41930 -118.52952    1477.04
 34.41930 -118.52615    1474.88
 34.41930 -118.52280    1474.88
 34.41930 -118.51944    1474.88
 34.41930 -118.51608    1474.88
 34.41930 -118.51272    1474.88
 34.41930 -118.50935    1474.88
 34.41930 -118.50600    1474.88
 34.41655 -118.59000    2001.63
 34.41655 -118.58664    2001.27
 34.41655 -118.58327    2000.76
 34.41655 -118.57992    2000.34
 34.41655 -118.57655    2000.10
 34.41655 -118.57320    2000.02
 34.41655 -118.56984    2000.00
 34.41655 -118.56647    2000.00
 34.41655 -118.56312    1999.99
 34.41655 -118.55975    1997.81
 34.41655 -118.55640    1986.94
 34.41655 -118.55304    1954.46
 34.41655 -118.54967    1889.58
 34.41655 -118.54632    1792.36
 34.41655 -118.54295    1682.23
 34.41655 -118.53960    1585.08
 34.41655 -118.53624    1520.29
 34.41655 -118.53288    1487.88
 34.41655 -118.52952    1477.06
 34.41655 -118.52615    1474.88
 34.41655 -118.52280    1474.83
 34.41655 -118.51944    1474.71
 34.41655 -118.51608    1474.47
 34.41655 -118.51272    1474.11
 34.41655 -118.50935    1473.74
 34.41655 -118.50600    1473.50
 34.41379 -118.59000    2011.79
 34.41379 -118.58664    2009.59
 34.41379 -118.58327    2006.30
 34.41379 -118.57992    2003.32
 34.41379 -118.57655    2001.37
 34.41379 -118.57320    2000.44
 34.41379 -118.56984    2000.10
 34.41379 -118.56647    2000.02
 34.41379 -118.56312    1999.96
 34.41379 -118.55975    1997.63
 34.41379 -118.55640    1986.45
 34.41379 -118.55304    1953.53
 34.41379 -118.54967    1888.29
 34.41379 -118.54632    1791.05
 34.41379 -118.54295    1681.26
 34.41379 -118.53960    1584.61
 34.41379 -118.53624    1520.21
 34.41379 -118.53288    1487.96
 34.41379 -118.52952    1477.12
 34.41379 -118.52615    1474.82
 34.41379 -118.52280    1474.47
 34.41379 -118.51944    1473.62
 34.41379 -118.51608    1472.05
 34.41379 -118.51272    1469.87
 34.41379 -118.50935    1467.67
 34.41379 -118.50600    1466.26
 34.41103 -118.59000    2046.67
 34.41103 -118.58664    2038.98
 34.41103 -118.58327    2027.13
 34.41103 -118.57992    2015.70
 34.41103 -118.57655    2007.47
 34.41103 -118.57320    2002.90
 34.41103 -118.56984    2000.86
 34.41103 -118.56647    2000.19
 34.41103 -118.56312    1999.86
 34.41103 -118.55975    1997.10
 34.41103 -118.55640    1984.91
 34.41103 -118.55304    1950.61
 34.41103 -118.54967    1884.16
 34.41103 -118.54632    1786.78
 34.41103 -118.54295    1677.94
 34.41103 -118.53960    1582.89
 34.41103 -118.53624    1519.73
 34.41103 -118.53288    1488.07
 34.41103 -118.52952    1477.21
 34.41103 -118.52615    1474.46
 34.41103 -118.52280    1472.92
 34.41103 -118.51944    1469.52
 34.41103 -118.51608    1463.68
 34.41103 -118.51272    1455.96
 34.41103 -118.50935    1448.40
 34.41103 -118.50600    1443.67
 34.40828 -118.59000    2127.72
 34.40828 -118.58664    2109.43
 34.40828 -118.58327    2080.22
 34.40828 -118.57992    2050.25
 34.40828 -118.57655    2026.62
 34.40828 -118.57320    2011.79
 34.40828 -118.56984    2004.17
 34.40828 -118.56647    2001.12
 34.40828 -118.56312    1999.81
 34.40828 -118.55975    1996.05
 34.40828 -118.55640    1981.82
 34.40828 -118.55304    1944.69
 34.40828 -118.54967    1875.77
 34.40828 -118.54632    1778.03
 34.40828 -118.54295    1671.14
 34.40828 -118.53960    1579.33
 34.40828 -118.53624    1518.73
 34.40828 -118.53288    1488.19
 34.40828 -118.52952    1476.95
 34.40828 -118.52615    1472.62
 34.40828 -118.52280    1467.73
 34.40828 -118.51944    1458.26
 34.40828 -118.51608    1443.30
 34.40828 -118.51272    1424.60
 34.40828 -118.50935    1406.95
 34.40828 -118.50600    1396.12
 34.40553 -118.59000    2267.46
 34.40553 -118.58664    2234.75
 34.40553 -118.58327    2180.56
 34.40553 -118.57992    2121.37
 34.40553 -118.57655    2070.57
 34.40553 -118.57320    2035.00
 34.40553 -118.56984    2014.33
 34.40553 -118.56647    2004.67
 34.40553 -118.56312    2000.41
 34.40553 -118.55975    1994.62
 34.40553 -118.55640    1977.17
 34.40553 -118.55304    1935.78
 34.40553 -118.54967    1863.13
 34.40553 -118.54632    1764.90
 34.40553 -118.54295    1661.04
 34.40553 -118.53960    1574.21
 34.40553 -118.53624    1517.35
 34.40553 -118.53288    1487.90
 34.40553 -118.52952    1474.87
 34.40553 -118.52615    1466.31
 34.40553 -118.52280    1454.23
 34.40553 -118.51944    1433.92
 34.40553 -118.51608    1404.70
 34.40553 -118.51272    1370.39
 34.40553 -118.50935    1339.30
 34.40553 -118.50600    1320.69
 34.40277 -118.59000    2453.59
 34.40277 -118.58664    2407.92
 34.40277 -118.58327    2328.91
 34.40277 -118.57992    2236.45
 34.40277 -118.57655    2149.67
 34.40277 -118.57320    2082.10
 34.40277 -118.56984    2037.95
 34.40277 -118.56647    2014.33
 34.40277 -118.56312    2003.08
 34.40277 -118.55975    1993.48
 34.40277 -118.55640    1972.01
 34.40277 -118.55304    1925.78
 34.40277 -118.54967    1849.10
 34.40277 -118.54632    1750.60
 34.40277 -118.54295    1650.53
 34.40277 -118.53960    1569.44
 34.40277 -118.53624    1516.21
 34.40277 -118.53288    1486.20
 34.40277 -118.52952    1467.94
 34.40277 -118.52615    1450.37
 34.40277 -118.52280    1426.06
 34.40277 -118.51944    1390.90
 34.40277 -118.51608    1345.56
 34.40277 -118.51272    1296.13
 34.40277 -118.50935    1253.45
 34.40277 -118.50600    1228.60
 34.40001 -118.59000    2648.94
 34.40001 -118.58664    2597.79
 34.40001 -118.58327    2504.73
 34.40001 -118.57992    2386.93
 34.40001 -118.57655    2265.25
 34.40001 -118.57320    2159.58
 34.40001 -118.56984    2082.10
 34.40001 -118.56647    2035.01
 34.40001 -118.56312    2010.37
 34.40001 -118.55975    1993.95
 34.40001 -118.55640    1967.83
 34.40001 -118.55304    1917.32
 34.40001 -118.54967    1837.47
 34.40001 -118.54632    1739.39
 34.40001 -118.54295    1643.27
 34.40001 -118.53960    1567.29
 34.40001 -118.53624    1515.86
 34.40001 -118.53288    1481.66
 34.40001 -118.52952    1452.76
 34.40001 -118.52615    1420.13
 34.40001 -118.52280    1379.03
 34.40001 -118.51944    1328.15
 34.40001 -118.51608    1270.33
 34.40001 -118.51272    1212.68
 34.40001 -118.50935    1165.75
 34.40001 -118.50600    1139.33
 34.39726 -118.59000    2811.51
 34.39726 -118.58664    2765.13
 34.39726 -118.58327    2675.10
 34.39726 -118.57992    2549.87
 34.39726 -118.57655    2405.73
 34.39726 -118.57320    2265.25
 34.39726 -118.56984    2149.67
 34.39726 -118.56647    2070.57
 34.39726 -118.56312    2025.01
 34.39726 -118.55975    1997.57
 34.39726 -118.55640    1966.09
 34.39726 -118.55304    1912.63
 34.39726 -118.54967    1831.49
 34.39726 -118.54632    1734.78
 34.39726 -118.54295    1642.13
 34.39726 -118.53960    1569.19
 34.39726 -118.53624    1516.08
 34.39726 -118.53288    1472.81
 34.39726 -118.52952    1427.47
 34.39726 -118.52615    1374.77
 34.39726 -118.52280    1315.16
 34.39726 -118.51944    1252.06
 34.39726 -118.51608    1190.11
 34.39726 -118.51272    1135.00
 34.39726 -118.50935    1093.44
 34.39726 -118.50600    1071.05
 34.39450 -118.59000    2918.05
 34.39450 -118.58664    2883.76
 34.39450 -118.58327    2811.28
 34.39450 -118.57992    2698.05
 34.39450 -118.57655    2550.63
 34.39450 -118.57320    2388.20
 34.39450 -118.56984    2238.07
 34.39450 -118.56647    2123.00
 34.39450 -118.56312    2049.83
 34.39450 -118.55975    2006.29
 34.39450 -118.55640    1967.78
 34.39450 -118.55304    1912.36
 34.39450 -118.54967    1831.84
 34.39450 -118.54632    1737.38
 34.39450 -118.54295    1647.15
 34.39450 -118.53960    1574.25
 34.39450 -118.53624    1515.26
 34.39450 -118.53288    1458.46
 34.39450 -118.52952    1393.22
 34.39450 -118.52615    1319.51
 34.39450 -118.52280    1244.22
 34.39450 -118.51944    1175.52
 34.39450 -118.51608    1118.08
 34.39450 -118.51272    1073.75
 34.39450 -118.50935    1043.46
 34.39450 -118.50600    1028.02
 34.39175 -118.59000    2972.26
 34.39175 -118.58664    2951.58
 34.39175 -118.58327    2902.30
 34.39175 -118.57992    2813.22
 34.39175 -118.57655    2679.76
 34.39175 -118.57320    2512.61
 34.39175 -118.56984    2339.18
 34.39175 -118.56647    2191.08
 34.39175 -118.56312    2087.08
 34.39175 -118.55975    2022.64
 34.39175 -118.55640    1974.21
 34.39175 -118.55304    1916.72
 34.39175 -118.54967    1838.08
 34.39175 -118.54632    1746.37
 34.39175 -118.54295    1656.87
 34.39175 -118.53960    1580.04
 34.39175 -118.53624    1510.48
 34.39175 -118.53288    1437.05
 34.39175 -118.52952    1352.25
 34.39175 -118.52615    1261.88
 34.39175 -118.52280    1177.73
 34.39175 -118.51944    1110.29
 34.39175 -118.51608    1061.82
 34.39175 -118.51272    1029.47
 34.39175 -118.50935    1009.27
 34.39175 -118.50600     999.36
 34.38899 -118.59000    2992.94
 34.38899 -118.58664    2982.74
 34.38899 -118.58327    2953.87
 34.38899 -118.57992    2891.46
 34.38899 -118.57655    2782.40
 34.38899 -118.57320    2626.85
 34.38899 -118.56984    2445.87
 34.38899 -118.56647    2273.98
 34.38899 -118.56312    2140.05
 34.38899 -118.55975    2050.58
 34.38899 -118.55640    1987.74
 34.38899 -118.55304    1926.11
 34.38899 -118.54967    1849.42
 34.38899 -118.54632    1760.52
 34.38899 -118.54295    1669.80
 34.38899 -118.53960    1584.75
 34.38899 -118.53624    1499.93
 34.38899 -118.53288    1408.10
 34.38899 -118.52952    1307.13
 34.38899 -118.52615    1207.72
 34.38899 -118.52280    1122.67
 34.38899 -118.51944    1060.35
 34.38899 -118.51608    1018.39
 34.38899 -118.51272     990.54
 34.38899 -118.50935     971.64
 34.38899 -118.50600     961.49
 34.38624 -118.59000    2998.70
 34.38624 -118.58664    2994.55
 34.38624 -118.58327    2979.47
 34.38624 -118.57992    2939.49
 34.38624 -118.57655    2857.61
 34.38624 -118.57320    2725.08
 34.38624 -118.56984    2552.51
 34.38624 -118.56647    2370.19
 34.38624 -118.56312    2211.72
 34.38624 -118.55975    2094.99
 34.38624 -118.55640    2012.27
 34.38624 -118.55304    1942.34
 34.38624 -118.54967    1866.01
 34.38624 -118.54632    1779.33
 34.38624 -118.54295    1685.48
 34.38624 -118.53960    1588.26
 34.38624 -118.53624    1484.16
 34.38624 -118.53288    1373.01
 34.38624 -118.52952    1259.90
 34.38624 -118.52615    1158.42
 34.38624 -118.52280    1077.47
 34.38624 -118.51944    1018.74
 34.38624 -118.51608     974.27
 34.38624 -118.51272     937.46
 34.38624 -118.50935     907.05
 34.38624 -118.50600     889.01
 34.38348 -118.59000    2999.80
 34.38348 -118.58664    2998.37
 34.38348 -118.58327    2991.16
 34.38348 -118.57992    2967.54
 34.38348 -118.57655    2911.04
 34.38348 -118.57320    2807.57
 34.38348 -118.56984    2656.50
 34.38348 -118.56647    2478.02
 34.38348 -118.56312    2303.69
 34.38348 -118.55975    2160.10
 34.38348 -118.55640    2052.40
 34.38348 -118.55304    1968.34
 34.38348 -118.54967    1888.78
 34.38348 -118.54632    1802.62
 34.38348 -118.54295    1704.09
 34.38348 -118.53960    1592.43
 34.38348 -118.53624    1467.17
 34.38348 -118.53288    1336.99
 34.38348 -118.52952    1214.69
 34.38348 -118.52615    1114.25
 34.38348 -118.52280    1036.81
 34.38348 -118.51944     974.59
 34.38348 -118.51608     914.93
 34.38348 -118.51272     854.64
 34.38348 -118.50935     800.77
 34.38348 -118.50600     768.33
 34.38073 -118.59000    2999.98
 34.38073 -118.58664    2999.56
 34.38073 -118.58327    2996.34
 34.38073 -118.57992    2983.54
 34.38073 -118.57655    2947.98
 34.38073 -118.57320    2874.21
 34.38073 -118.56984    2752.71
 34.38073 -118.56647    2591.02
 34.38073 -118.56312    2412.60
 34.38073 -118.55975    2247.31
 34.38073 -118.55640    2112.56
 34.38073 -118.55304    2008.39
 34.38073 -118.54967    1919.59
 34.38073 -118.54632    1829.56
 34.38073 -118.54295    1723.64
 34.38073 -118.53960    1596.29
 34.38073 -118.53624    1450.59
 34.38073 -118.53288    1303.67
 34.38073 -118.52952    1174.40
 34.38073 -118.52615    1074.22
 34.38073 -118.52280     994.66
 34.38073 -118.51944     918.84
 34.38073 -118.51608     832.66
 34.38073 -118.51272     739.89
 34.38073 -118.50935     657.77
 34.38073 -118.50600     609.32
 34.37797 -118.59000    3000.00
 34.37797 -118.58664    2999.90
 34.37797 -118.58327    2998.63
 34.37797 -118.57992    2992.53
 34.37797 -118.57655    2972.62
 34.37797 -118.57320    2925.11
 34.37797 -118.56984    2835.54
 34.37797 -118.56647    2699.91
 34.37797 -118.56312    2530.14
 34.37797 -118.55975    2353.09
 34.37797 -118.55640    2194.10
 34.37797 -118.55304    2065.64
 34.37797 -118.54967    1959.90
 34.37797 -118.54632    1858.42
 34.37797 -118.54295    1740.13
 34.37797 -118.53960    1595.93
 34.37797 -118.53624    1432.53
 34.37797 -118.53288    1273.24
 34.37797 -118.52952    1139.44
 34.37797 -118.52615    1036.86
 34.37797 -118.52280     947.98
 34.37797 -118.51944     850.26
 34.37797 -118.51608     732.92
 34.37797 -118.51272     608.73
 34.37797 -118.50935     503.41
 34.37797 -118.50600     443.36
 34.37522 -118.59000    3000.00
 34.37522 -118.58664    2999.99
 34.37522 -118.58327    2999.60
 34.37522 -118.57992    2997.20
 34.37522 -118.57655    2987.52
 34.37522 -118.57320    2960.13
 34.37522 -118.56984    2899.76
 34.37522 -118.56647    2794.61
 34.37522 -118.56312    2644.70
 34.37522 -118.55975    2468.38
 34.37522 -118.55640    2292.29
 34.37522 -118.55304    2138.28
 34.37522 -118.54967    2007.79
 34.37522 -118.54632    1884.98
 34.37522 -118.54295    1746.83
 34.37522 -118.53960    1583.60
 34.37522 -118.53624    1405.81
 34.37522 -118.53288    1239.66
 34.37522 -118.52952    1104.29
 34.37522 -118.52615     996.93
 34.37522 -118.52280     893.37
 34.37522 -118.51944     770.87
 34.37522 -118.51608     626.71
 34.37522 -118.51272     482.33
 34.37522 -118.50935     367.22
 34.37522 -118.50600     304.48
 34.37246 -118.59000    3000.06
 34.37246 -118.58664    3000.15
 34.37246 -118.58327    3000.27
 34.37246 -118.57992    2999.89
 34.37246 -118.57655    2996.30
 34.37246 -118.57320    2982.53
 34.37246 -118.56984    2945.25
 34.37246 -118.56647    2869.10
 34.37246 -118.56312    2744.41
 34.37246 -118.55975    2578.58
 34.37246 -118.55640    2393.72
 34.37246 -118.55304    2216.34
 34.37246 -118.54967    2056.48
 34.37246 -118.54632    1904.46
 34.37246 -118.54295    1739.91
 34.37246 -118.53960    1556.02
 34.37246 -118.53624    1366.96
 34.37246 -118.53288    1198.59
 34.37246 -118.52952    1063.47
 34.37246 -118.52615     949.51
 34.37246 -118.52280     829.56
 34.37246 -118.51944     686.06
 34.37246 -118.51608     526.54
 34.37246 -118.51272     378.04
 34.37246 -118.50935     268.03
 34.37246 -118.50600     211.25
 34.36971 -118.59000    3000.41
 34.36971 -118.58664    3000.84
 34.36971 -118.58327    3001.74
 34.36971 -118.57992    3002.96
 34.36971 -118.57655    3003.16
 34.36971 -118.57320    2997.90
 34.36971 -118.56984    2976.52
 34.36971 -118.56647    2923.09
 34.36971 -118.56312    2821.61
 34.36971 -118.55975    2669.60
 34.36971 -118.55640    2481.95
 34.36971 -118.55304    2285.78
 34.36971 -118.54967    2096.98
 34.36971 -118.54632    1913.18
 34.36971 -118.54295    1719.63
 34.36971 -118.53960    1515.35
 34.36971 -118.53624    1317.54
 34.36971 -118.53288    1149.20
 34.36971 -118.52952    1013.93
 34.36971 -118.52615     891.93
 34.36971 -118.52280     757.13
 34.36971 -118.51944     600.64
 34.36971 -118.51608     439.08
 34.36971 -118.51272     300.56
 34.36971 -118.50935     206.04
 34.36971 -118.50600     160.28
 34.36695 -118.59000    3001.93
 34.36695 -118.58664    3003.19
 34.36695 -118.58327    3005.69
 34.36695 -118.57992    3009.18
 34.36695 -118.57655    3012.59
 34.36695 -118.57320    3012.61
 34.36695 -118.56984    3000.49
 34.36695 -118.56647    2961.04
 34.36695 -118.56312    2875.36
 34.36695 -118.55975    2734.60
 34.36695 -118.55640    2547.10
 34.36695 -118.55304    2337.99
 34.36695 -118.54967    2125.53
 34.36695 -118.54632    1913.49
 34.36695 -118.54295    1693.59
 34.36695 -118.53960    1471.57
 34.36695 -118.53624    1266.46
 34.36695 -118.53288    1097.23
 34.36695 -118.52952     959.14
 34.36695 -118.52615     828.35
 34.36695 -118.52280     683.04
 34.36695 -118.51944     523.03
 34.36695 -118.51608     370.00
 34.36695 -118.51272     248.84
 34.36695 -118.50935     172.44
 34.36695 -118.50600     137.74
 34.36420 -118.59000    3006.32
 34.36420 -118.58664    3008.97
 34.36420 -118.58327    3013.97
 34.36420 -118.57992    3020.56
 34.36420 -118.57655    3027.21
 34.36420 -118.57320    3030.61
 34.36420 -118.56984    3022.91
 34.36420 -118.56647    2990.03
 34.36420 -118.56312    2912.79
 34.36420 -118.55975    2779.47
 34.36420 -118.55640    2593.61
 34.36420 -118.55304    2376.71
 34.36420 -118.54967    2146.73
 34.36420 -118.54632    1911.76
 34.36420 -118.54295    1669.98
 34.36420 -118.53960    1433.11
 34.36420 -118.53624    1220.91
 34.36420 -118.53288    1048.32
 34.36420 -118.52952     905.04
 34.36420 -118.52615     766.84
 34.36420 -118.52280     617.05
 34.36420 -118.51944     461.36
 34.36420 -118.51608     321.95
 34.36420 -118.51272     218.33
 34.36420 -118.50935     156.72
 34.36420 -118.50600     129.98
 34.36144 -118.59000    3015.88
 34.36144 -118.58664    3020.13
 34.36144 -118.58327    3027.81
 34.36144 -118.57992    3037.39
 34.36144 -118.57655    3046.56
 34.36144 -118.57320    3051.69
 34.36144 -118.56984    3045.45
 34.36144 -118.56647    3015.23
 34.36144 -118.56312    2943.19
 34.36144 -118.55975    2816.38
 34.36144 -118.55640    2634.21
 34.36144 -118.55304    2412.88
 34.36144 -118.54967    2168.89
 34.36144 -118.54632    1914.01
 34.36144 -118.54295    1653.36
 34.36144 -118.53960    1403.46
 34.36144 -118.53624    1183.90
 34.36144 -118.53288    1006.21
 34.36144 -118.52952     857.84
 34.36144 -118.52615     716.35
 34.36144 -118.52280     568.83
 34.36144 -118.51944     422.52
 34.36144 -118.51608     296.74
 34.36144 -118.51272     205.95
 34.36144 -118.50935     152.88
 34.36144 -118.50600     129.96
 34.35869 -118.59000    3031.76
 34.35869 -118.58664    3037.07
 34.35869 -118.58327    3046.36
 34.35869 -118.57992    3057.40
 34.35869 -118.57655    3067.35
 34.35869 -118.57320    3072.50
 34.35869 -118.56984    3066.44
 34.35869 -118.56647    3038.38
 34.35869 -118.56312    2972.26
 34.35869 -118.55975    2853.69
 34.35869 -118.55640    2677.07
 34.35869 -118.55304    2451.71
 34.35869 -118.54967    2192.80
 34.35869 -118.54632    1916.75
 34.35869 -118.54295    1637.47
 34.35869 -118.53960    1375.61
 34.35869 -118.53624    1150.15
 34.35869 -118.53288     969.22
 34.35869 -118.52952     819.83
 34.35869 -118.52615     681.30
 34.35869 -118.52280     541.91
 34.35869 -118.51944     406.86
 34.35869 -118.51608     291.50
 34.35869 -118.51272     207.37
 34.35869 -118.50935     157.00
 34.35869 -118.50600     134.61
 34.35593 -118.59000    3052.60
 34.35593 -118.58664    3057.82
 34.35593 -118.58327    3066.71
 34.35593 -118.57992    3076.84
 34.35593 -118.57655    3085.36
 34.35593 -118.57320    3089.05
 34.35593 -118.56984    3082.70
 34.35593 -118.56647    3057.28
 34.35593 -118.56312    2998.06
 34.35593 -118.55975    2888.09
 34.35593 -118.55640    2715.93
 34.35593 -118.55304    2483.59
 34.35593 -118.54967    2206.28
 34.35593 -118.54632    1906.83
 34.35593 -118.54295    1609.59
 34.35593 -118.53960    1338.94
 34.35593 -118.53624    1112.43
 34.35593 -118.53288     933.98
 34.35593 -118.52952     790.20
 34.35593 -118.52615     661.08
 34.35593 -118.52280     533.95
 34.35593 -118.51944     410.13
 34.35593 -118.51608     301.36
 34.35593 -118.51272     218.69
 34.35593 -118.50935     166.83
 34.35593 -118.50600     142.87
 34.35318 -118.59000    3074.09
 34.35318 -118.58664    3078.14
 34.35318 -118.58327    3084.87
 34.35318 -118.57992    3092.25
 34.35318 -118.57655    3097.97
 34.35318 -118.57320    3099.53
 34.35318 -118.56984    3092.75
 34.35318 -118.56647    3069.44
 34.35318 -118.56312    3014.86
 34.35318 -118.55975    2908.71
 34.35318 -118.55640    2734.15
 34.35318 -118.55304    2488.19
 34.35318 -118.54967    2188.49
 34.35318 -118.54632    1866.10
 34.35318 -118.54295    1555.64
 34.35318 -118.53960    1283.86
 34.35318 -118.53624    1065.04
 34.35318 -118.53288     897.55
 34.35318 -118.52952     766.68
 34.35318 -118.52615     652.20
 34.35318 -118.52280     539.63
 34.35318 -118.51944     426.26
 34.35318 -118.51608     321.17
 34.35318 -118.51272     236.55
 34.35318 -118.50935     180.60
 34.35318 -118.50600     153.77
 34.35042 -118.59000    3091.67
 34.35042 -118.58664    3094.09
 34.35042 -118.58327    3098.03
 34.35042 -118.57992    3102.19
 34.35042 -118.57655    3105.04
 34.35042 -118.57320    3104.69
 34.35042 -118.56984    3097.24
 34.35042 -118.56647    3074.02
 34.35042 -118.56312    3018.31
 34.35042 -118.55975    2906.17
 34.35042 -118.55640    2717.35
 34.35042 -118.55304    2448.79
 34.35042 -118.54967    2124.52
 34.35042 -118.54632    1784.94
 34.35042 -118.54295    1471.94
 34.35042 -118.53960    1210.99
 34.35042 -118.53624    1010.24
 34.35042 -118.53288     861.61
 34.35042 -118.52952     748.85
 34.35042 -118.52615     651.69
 34.35042 -118.52280     554.22
 34.35042 -118.51944     450.41
 34.35042 -118.51608     347.27
 34.35042 -118.51272     258.73
 34.35042 -118.50935     196.90
 34.35042 -118.50600     166.15
 34.34767 -118.59000    3102.72
 34.34767 -118.58664    3103.80
 34.34767 -118.58327    3105.52
 34.34767 -118.57992    3107.28
 34.34767 -118.57655    3108.16
 34.34767 -118.57320    3106.62
 34.34767 -118.56984    3098.31
 34.34767 -118.56647    3072.76
 34.34767 -118.56312    3009.40
 34.34767 -118.55975    2880.45
 34.34767 -118.55640    2664.77
 34.34767 -118.55304    2365.19
 34.34767 -118.54967    2016.40
 34.34767 -118.54632    1668.75
 34.34767 -118.54295    1366.50
 34.34767 -118.53960    1128.94
 34.34767 -118.53624     954.91
 34.34767 -118.53288     830.13
 34.34767 -118.52952     737.47
 34.34767 -118.52615     657.73
 34.34767 -118.52280     574.38
 34.34767 -118.51944     478.96
 34.34767 -118.51608     376.70
 34.34767 -118.51272     283.10
 34.34767 -118.50935     214.14
 34.34767 -118.50600     178.60
 34.34491 -118.59000    3107.97
 34.34491 -118.58664    3108.29
 34.34491 -118.58327    3108.80
 34.34491 -118.57992    3109.31
 34.34491 -118.57655    3109.21
 34.34491 -118.57320    3107.14
 34.34491 -118.56984    3097.89
 34.34491 -118.56647    3068.56
 34.34491 -118.56312    2993.63
 34.34491 -118.55975    2841.46
 34.34491 -118.55640    2591.93
 34.34491 -118.55304    2257.90
 34.34491 -118.54967    1887.55
 34.34491 -118.54632    1540.70
 34.34491 -118.54295    1259.39
 34.34491 -118.53960    1052.68
 34.34491 -118.53624     908.45
 34.34491 -118.53288     807.42
 34.34491 -118.52952     733.00
 34.34491 -118.52615     668.08
 34.34491 -118.52280     596.22
 34.34491 -118.51944     507.38
 34.34491 -118.51608     405.16
 34.34491 -118.51272     306.26
 34.34491 -118.50935     229.98
 34.34491 -118.50600     189.46
 34.34216 -118.59000    3109.64
 34.34216 -118.58664    3109.70
 34.34216 -118.58327    3109.78
 34.34216 -118.57992    3109.87
 34.34216 -118.57655    3109.47
 34.34216 -118.57320    3107.23
 34.34216 -118.56984    3097.22
 34.34216 -118.56647    3064.21
 34.34216 -118.56312    2978.14
 34.34216 -118.55975    2803.98
 34.34216 -118.55640    2523.31
 34.34216 -118.55304    2159.25
 34.34216 -118.54967    1772.77
 34.34216 -118.54632    1431.21
 34.34216 -118.54295    1172.48
 34.34216 -118.53960     994.78
 34.34216 -118.53624     876.17
 34.34216 -118.53288     794.06
 34.34216 -118.52952     733.25
 34.34216 -118.52615     678.91
 34.34216 -118.52280     615.00
 34.34216 -118.51944     530.53
 34.34216 -118.51608     427.86
 34.34216 -118.51272     324.49
 34.34216 -118.50935     242.11
 34.34216 -118.50600     197.41
 34.33940 -118.59000    3109.96
 34.33940 -118.58664    3109.96
 34.33940 -118.58327    3109.96
 34.33940 -118.57992    3109.96
 34.33940 -118.57655    3109.51
 34.33940 -118.57320    3107.24
 34.33940 -118.56984    3096.80
 34.33940 -118.56647    3061.58
 34.33940 -118.56312    2968.82
 34.33940 -118.55975    2781.45
 34.33940 -118.55640    2482.24
 34.33940 -118.55304    2100.71
 34.33940 -118.54967    1705.66
 34.33940 -118.54632    1368.60
 34.33940 -118.54295    1124.32
 34.33940 -118.53960     964.13
 34.33940 -118.53624     860.23
 34.33940 -118.53288     788.46
 34.33940 -118.52952     734.76
 34.33940 -118.52615     685.81
 34.33940 -118.52280     625.85
 34.33940 -118.51944     543.46
 34.33940 -118.51608     440.36
 34.33940 -118.51272     334.43
 34.33940 -118.50935     248.61
 34.33940 -118.50600     201.55
