   992  1536   100      ! Global grid numbers NX, NY, NZ
    32    64     4      ! Chunks (#of proc.) in X, Y, Z
    31    24    25      ! Grid numbers per chunk NXT, NYT, NZT
   596013.92402056302        3368878.9393477398     
   10616.346941343043        3865231.5627414100     
   331062.89403132815        4243165.7639697529     
   916460.47111054813        3746813.1405760832     
         100  -0.0000000000000000     
          99  -500.00000000000000     
          98  -1000.0000000000000     
          97  -1500.0000000000000     
          96  -2000.0000000000000     
          95  -2500.0000000000000     
          94  -3000.0000000000000     
          93  -3500.0000000000000     
          92  -4000.0000000000000     
          91  -4500.0000000000000     
          90  -5000.0000000000000     
          89  -5500.0000000000000     
          88  -6000.0000000000000     
          87  -6500.0000000000000     
          86  -7000.0000000000000     
          85  -7500.0000000000000     
          84  -8000.0000000000000     
          83  -8500.0000000000000     
          82  -9000.0000000000000     
          81  -9500.0000000000000     
          80  -10000.000000000000     
          79  -10500.000000000000     
          78  -11000.000000000000     
          77  -11500.000000000000     
          76  -12000.000000000000     
          75  -12500.000000000000     
          74  -13000.000000000000     
          73  -13500.000000000000     
          72  -14000.000000000000     
          71  -14500.000000000000     
          70  -15000.000000000000     
          69  -15500.000000000000     
          68  -16000.000000000000     
          67  -16500.000000000000     
          66  -17000.000000000000     
          65  -17500.000000000000     
          64  -18000.000000000000     
          63  -18500.000000000000     
          62  -19000.000000000000     
          61  -19500.000000000000     
          60  -20000.000000000000     
          59  -20500.000000000000     
          58  -21000.000000000000     
          57  -21500.000000000000     
          56  -22000.000000000000     
          55  -22500.000000000000     
          54  -23000.000000000000     
          53  -23500.000000000000     
          52  -24000.000000000000     
          51  -24500.000000000000     
          50  -25000.000000000000     
          49  -25500.000000000000     
          48  -26000.000000000000     
          47  -26500.000000000000     
          46  -27000.000000000000     
          45  -27500.000000000000     
          44  -28000.000000000000     
          43  -28500.000000000000     
          42  -29000.000000000000     
          41  -29500.000000000000     
          40  -30000.000000000000     
          39  -30500.000000000000     
          38  -31000.000000000000     
          37  -31500.000000000000     
          36  -32000.000000000000     
          35  -32500.000000000000     
          34  -33000.000000000000     
          33  -33500.000000000000     
          32  -34000.000000000000     
          31  -34500.000000000000     
          30  -35000.000000000000     
          29  -35500.000000000000     
          28  -36000.000000000000     
          27  -36500.000000000000     
          26  -37000.000000000000     
          25  -37500.000000000000     
          24  -38000.000000000000     
          23  -38500.000000000000     
          22  -39000.000000000000     
          21  -39500.000000000000     
          20  -40000.000000000000     
          19  -40500.000000000000     
          18  -41000.000000000000     
          17  -41500.000000000000     
          16  -42000.000000000000     
          15  -42500.000000000000     
          14  -43000.000000000000     
          13  -43500.000000000000     
          12  -44000.000000000000     
          11  -44500.000000000000     
          10  -45000.000000000000     
           9  -45500.000000000000     
           8  -46000.000000000000     
           7  -46500.000000000000     
           6  -47000.000000000000     
           5  -47500.000000000000     
           4  -48000.000000000000     
           3  -48500.000000000000     
           2  -49000.000000000000     
           1  -49500.000000000000     
