   -119.356    34.5253
   -119.389    34.5348
   -119.416    34.5451
   -119.443    34.5569
   -119.461    34.5655
   -119.476    34.5815
   -119.484    34.6026
   -119.486    34.6155
   -119.469    34.6344
   -119.434    34.6587
   -119.402    34.6766
   -119.366    34.6946
   -119.325    34.7134
   -119.286    34.7236
   -119.246    34.7316
   -119.221    34.7340
   -119.185    34.7335
   -119.151    34.7367
   -119.114    34.7420
   -119.078    34.7480
   -119.047    34.7546
   -119.009    34.7600
   -118.990    34.7624
   -118.963    34.7609
   -118.935    34.7531
   -118.907    34.7413
   -118.885    34.7349
   -118.876    34.7313
   -118.868    34.7173
   -118.861    34.7075
   -118.858    34.6999
   -118.847    34.6909
   -118.827    34.6772
   -118.811    34.6601
   -118.795    34.6470
   -118.776    34.6355
   -118.751    34.6190
   -118.762    34.5956
   -118.790    34.5765
   -118.825    34.5519
   -118.863    34.5254
   -118.896    34.5062
   -118.932    34.4877
   -118.956    34.4765
   -118.960    34.4744
   -118.987    34.4755
   -119.023    34.4804
   -119.068    34.4872
   -119.104    34.4926
   -119.138    34.4968
   -119.172    34.5002
   -119.211    34.5027
   -119.247    34.5088
   -119.279    34.5162
   -119.309    34.5186
   -119.334    34.5218
   -119.345    34.5235
