   -119.164    34.6238
   -119.185    34.6313
   -119.203    34.6389
   -119.214    34.6443
   -119.230    34.6510
   -119.246    34.6582
   -119.260    34.6668
   -119.272    34.6741
   -119.283    34.6802
   -119.287    34.6838
   -119.291    34.6884
   -119.290    34.6954
   -119.282    34.7027
   -119.267    34.7109
   -119.257    34.7161
   -119.249    34.7205
   -119.235    34.7249
   -119.221    34.7284
   -119.208    34.7321
   -119.202    34.7324
   -119.198    34.7287
   -119.196    34.7240
   -119.194    34.7211
   -119.190    34.7207
   -119.179    34.7225
   -119.165    34.7229
   -119.154    34.7228
   -119.148    34.7220
   -119.145    34.7197
   -119.145    34.7161
   -119.147    34.7109
   -119.145    34.7089
   -119.142    34.7076
   -119.143    34.7049
   -119.144    34.7009
   -119.152    34.6961
   -119.160    34.6920
   -119.166    34.6903
   -119.169    34.6880
   -119.168    34.6835
   -119.159    34.6811
   -119.156    34.6815
   -119.151    34.6858
   -119.139    34.6835
   -119.128    34.6814
   -119.120    34.6801
   -119.106    34.6813
   -119.095    34.6812
   -119.085    34.6788
   -119.077    34.6718
   -119.071    34.6650
   -119.067    34.6618
   -119.061    34.6631
   -119.060    34.6709
   -119.056    34.6737
   -119.054    34.6797
   -119.056    34.6831
   -119.057    34.6874
   -119.050    34.6890
   -119.046    34.6865
   -119.042    34.6865
   -119.041    34.6918
   -119.042    34.6979
   -119.041    34.7028
   -119.038    34.7059
   -119.035    34.7075
   -119.033    34.7128
   -119.041    34.7120
   -119.050    34.7096
   -119.063    34.7046
   -119.073    34.7023
   -119.083    34.7006
   -119.088    34.7052
   -119.091    34.7077
   -119.086    34.7138
   -119.083    34.7146
   -119.076    34.7203
   -119.067    34.7220
   -119.062    34.7214
   -119.058    34.7194
   -119.053    34.7205
   -119.051    34.7262
   -119.043    34.7353
   -119.035    34.7429
   -119.030    34.7468
   -119.029    34.7542
   -119.028    34.7633
   -119.026    34.7677
   -119.014    34.7808
   -119.000    34.7952
   -118.989    34.8079
   -118.980    34.8169
   -118.970    34.8269
   -118.950    34.8237
   -118.932    34.8201
   -118.921    34.8169
   -118.916    34.8048
   -118.910    34.7866
   -118.907    34.7782
   -118.901    34.7617
   -118.898    34.7553
   -118.897    34.7551
   -118.883    34.7378
   -118.867    34.7191
   -118.858    34.7056
   -118.846    34.6926
   -118.831    34.6815
   -118.822    34.6735
   -118.811    34.6622
   -118.801    34.6521
   -118.799    34.6416
   -118.794    34.6379
   -118.798    34.6297
   -118.811    34.6276
   -118.823    34.6271
   -118.832    34.6244
   -118.850    34.6223
   -118.867    34.6218
   -118.882    34.6174
   -118.896    34.6159
   -118.906    34.6123
   -118.919    34.6033
   -118.940    34.5944
   -118.963    34.5870
   -118.980    34.5803
   -119.011    34.5820
   -119.043    34.5845
   -119.068    34.5901
   -119.086    34.5911
   -119.104    34.5995
   -119.121    34.6078
   -119.139    34.6145
   -119.158    34.6214
