   -119.086    34.1024
   -119.104    34.1026
   -119.117    34.1019
   -119.131    34.1033
   -119.129    34.1238
   -119.124    34.1560
   -119.120    34.1808
   -119.117    34.2001
   -119.102    34.2204
   -119.085    34.2399
   -119.063    34.2563
   -119.044    34.2667
   -119.027    34.2729
   -119.008    34.2766
   -118.986    34.2802
   -118.960    34.2834
   -118.931    34.2877
   -118.906    34.2909
   -118.897    34.2914
   -118.898    34.2727
   -118.898    34.2482
   -118.898    34.2259
   -118.898    34.2045
   -118.902    34.1900
   -118.909    34.1752
   -118.917    34.1604
   -118.926    34.1470
   -118.935    34.1266
   -118.942    34.1065
   -118.944    34.0925
   -118.945    34.0840
   -118.957    34.0831
   -118.972    34.0849
   -118.982    34.0902
   -118.986    34.0927
   -119.000    34.0976
   -119.020    34.1008
   -119.041    34.1008
   -119.055    34.1020
   -119.068    34.1036
   -119.080    34.1042
