-117.783 34.220
-117.785 34.1558
-117.753 34.1480
-117.710 34.1456
-117.679 34.1617
-117.632 34.1706
-117.602 34.1748
-117.559 34.1792
-117.506 34.1831
-117.448 34.1968
-117.414 34.2067
-117.430 34.2164
-117.454 34.2348
-117.469 34.2554
-117.417 34.2539
-117.401 34.2505
-117.378 34.2358
-117.348 34.2186
-117.307 34.1989
-117.261 34.1793
-117.210 34.1604
-117.160 34.1394
-117.096 34.1121
-117.021 34.0927
-116.978 34.0652
-116.995 34.0314
-117.001 34.0000
-117.047 33.9967
-117.112 33.9963
-117.187 33.9980
-117.272 33.9987
-117.297 33.9784
-117.360 33.9317
-117.366 33.8947
-117.412 33.8787
-117.496 33.8745
-117.497 33.8442
-117.501 33.8186
-117.498 33.8099
-117.492 33.7956
-117.505 33.7883
-117.513 33.7963
-117.523 33.8027
-117.532 33.8022
-117.547 33.8084
-117.556 33.8182
-117.563 33.8249
-117.573 33.8291
-117.583 33.8342
-117.588 33.8406
-117.595 33.8466
-117.601 33.8535
-117.604 33.8571
-117.610 33.8615
-117.618 33.8651
-117.623 33.8688
-117.628 33.8742
-117.636 33.8750
-117.651 33.8757
-117.661 33.8838
-117.726 33.8974
-117.735 33.829
-117.794 33.876
-117.794 33.777
-117.775 33.764
-117.775 33.688
-117.832 33.663
-117.884 33.607
-117.884 33.558
-118.247 33.558
-118.287 33.721
-118.400 33.800
-118.436 33.800
-118.570 33.910
-118.571 33.9725
-118.571 34.0012
-118.571 34.0375
-118.571 34.0498
-118.571 34.0673
-118.571 34.0781
-118.585 34.0782
-118.611 34.0785
-118.628 34.0761
-118.633 34.0760
-118.637 34.0781
-118.661 34.0809
-118.690 34.0858
-118.719 34.0911
-118.741 34.0942
-118.767 34.0958
-118.789 34.0960
-118.811 34.0759
-118.832 34.0544
-118.849 34.0401
-118.861 34.0347
-118.910 34.0359
-118.954 34.0361
-118.971 34.0240
-119.266 34.1456
-119.478 34.3494
-119.477 34.5296
-118.523 34.6813
-118.307 34.4655
-118.307 34.4475
-118.292 34.4506
-118.286 34.4555
-118.283 34.4519
-118.278 34.4497
-118.267 34.4451
-118.255 34.4423
-118.245 34.4414
-118.236 34.4424
-118.221 34.4430
-118.216 34.4374
-118.207 34.4269
-118.197 34.4154
-118.185 34.4009
-118.175 34.3894
-118.172 34.3738
-118.163 34.3509
-118.156 34.3274
-118.151 34.2999
-118.148 34.2778
-118.146 34.2562
-118.145 34.2390
-118.143 34.220
