 34.53420 -119.28300    2320.24
 34.53420 -119.27972    2523.36
 34.53420 -119.27644    2822.89
 34.53420 -119.27316    3077.26
 34.53420 -119.26987    3212.82
 34.53420 -119.26659    3259.38
 34.53420 -119.26332    3312.74
 34.53420 -119.26004    3426.56
 34.53420 -119.25676    3585.97
 34.53420 -119.25348    3729.37
 34.53420 -119.25020    3830.89
 34.53420 -119.24692    3903.60
 34.53420 -119.24364    3977.65
 34.53420 -119.24036    4057.09
 34.53420 -119.23708    4121.30
 34.53420 -119.23380    4147.52
 34.53420 -119.23051    4130.46
 34.53420 -119.22724    4087.01
 34.53420 -119.22396    4040.28
 34.53420 -119.22068    4007.18
 34.53420 -119.21740    3995.50
 34.53420 -119.21412    4013.04
 34.53420 -119.21084    4077.78
 34.53420 -119.20756    4205.30
 34.53420 -119.20428    4393.37
 34.53420 -119.20100    4604.53
 34.53420 -119.19772    4790.09
 34.53420 -119.19444    4913.58
 34.53420 -119.19116    4975.31
 34.53420 -119.18788    4995.88
 34.53420 -119.18460    5000.00
 34.53420 -119.18132    5000.00
 34.53420 -119.17804    5000.00
 34.53420 -119.17476    5000.00
 34.53420 -119.17148    5000.00
 34.53420 -119.16820    5004.12
 34.53420 -119.16492    5024.69
 34.53420 -119.16164    5086.42
 34.53420 -119.15836    5209.88
 34.53420 -119.15508    5395.06
 34.53420 -119.15180    5604.94
 34.53420 -119.14852    5790.11
 34.53420 -119.14524    5911.01
 34.53420 -119.14196    5962.61
 34.53420 -119.13868    5958.03
 34.53420 -119.13540    5924.55
 34.53420 -119.13212    5891.23
 34.53420 -119.12884    5896.97
 34.53420 -119.12556    5973.89
 34.53420 -119.12228    6134.94
 34.53420 -119.11900    6357.64
 34.53420 -119.11572    6592.47
 34.53420 -119.11244    6787.63
 34.53420 -119.10916    6913.58
 34.53420 -119.10588    6975.31
 34.53420 -119.10260    6995.88
 34.53420 -119.09932    7000.00
 34.53420 -119.09604    7000.00
 34.53420 -119.09276    7000.00
 34.53420 -119.08949    7000.00
 34.53420 -119.08620    7000.00
 34.53420 -119.08292    7000.00
 34.53420 -119.07964    7000.00
 34.53420 -119.07636    7000.00
 34.53420 -119.07308    7000.00
 34.53420 -119.06980    7000.00
 34.53420 -119.06652    7000.00
 34.53420 -119.06324    7000.00
 34.53420 -119.05996    7000.00
 34.53420 -119.05668    7000.00
 34.53420 -119.05341    7000.00
 34.53420 -119.05013    7000.00
 34.53420 -119.04684    7000.00
 34.53420 -119.04356    7000.00
 34.53420 -119.04028    7000.00
 34.53420 -119.03700    7000.00
 34.53135 -119.28300    2097.50
 34.53135 -119.27972    2281.12
 34.53135 -119.27644    2555.78
 34.53135 -119.27316    2797.73
 34.53135 -119.26987    2941.91
 34.53135 -119.26659    3013.34
 34.53135 -119.26332    3093.75
 34.53135 -119.26004    3226.22
 34.53135 -119.25676    3393.48
 34.53135 -119.25348    3542.39
 34.53135 -119.25020    3655.76
 34.53135 -119.24692    3750.85
 34.53135 -119.24364    3852.14
 34.53135 -119.24036    3955.33
 34.53135 -119.23708    4035.03
 34.53135 -119.23380    4070.89
 34.53135 -119.23051    4062.96
 34.53135 -119.22724    4029.29
 34.53135 -119.22396    3990.95
 34.53135 -119.22068    3962.50
 34.53135 -119.21740    3954.60
 34.53135 -119.21412    3978.35
 34.53135 -119.21084    4053.14
 34.53135 -119.20756    4191.27
 34.53135 -119.20428    4387.29
 34.53135 -119.20100    4602.36
 34.53135 -119.19772    4788.99
 34.53135 -119.19444    4912.28
 34.53135 -119.19116    4973.63
 34.53135 -119.18788    4994.00
 34.53135 -119.18460    4997.97
 34.53135 -119.18132    4997.71
 34.53135 -119.17804    4997.38
 34.53135 -119.17476    4997.31
 34.53135 -119.17148    4997.70
 34.53135 -119.16820    5002.59
 34.53135 -119.16492    5023.93
 34.53135 -119.16164    5086.17
 34.53135 -119.15836    5209.83
 34.53135 -119.15508    5395.06
 34.53135 -119.15180    5604.94
 34.53135 -119.14852    5790.02
 34.53135 -119.14524    5910.23
 34.53135 -119.14196    5959.56
 34.53135 -119.13868    5950.16
 34.53135 -119.13540    5910.07
 34.53135 -119.13212    5870.90
 34.53135 -119.12884    5875.02
 34.53135 -119.12556    5955.34
 34.53135 -119.12228    6123.00
 34.53135 -119.11900    6351.88
 34.53135 -119.11572    6590.59
 34.53135 -119.11244    6787.19
 34.53135 -119.10916    6913.33
 34.53135 -119.10588    6974.80
 34.53135 -119.10260    6995.12
 34.53135 -119.09932    6999.14
 34.53135 -119.09604    6999.24
 34.53135 -119.09276    6999.49
 34.53135 -119.08949    6999.75
 34.53135 -119.08620    6999.92
 34.53135 -119.08292    6999.98
 34.53135 -119.07964    7000.00
 34.53135 -119.07636    7000.00
 34.53135 -119.07308    7000.00
 34.53135 -119.06980    7000.00
 34.53135 -119.06652    7000.00
 34.53135 -119.06324    7000.00
 34.53135 -119.05996    7000.00
 34.53135 -119.05668    7000.00
 34.53135 -119.05341    7000.00
 34.53135 -119.05013    7000.00
 34.53135 -119.04684    7000.00
 34.53135 -119.04356    7000.00
 34.53135 -119.04028    7000.00
 34.53135 -119.03700    7000.00
 34.52851 -119.28300    1696.25
 34.52851 -119.27972    1848.92
 34.52851 -119.27644    2083.54
 34.52851 -119.27316    2303.97
 34.52851 -119.26987    2457.81
 34.52851 -119.26659    2561.96
 34.52851 -119.26332    2676.10
 34.52851 -119.26004    2828.58
 34.52851 -119.25676    3001.18
 34.52851 -119.25348    3156.28
 34.52851 -119.25020    3290.14
 34.52851 -119.24692    3424.66
 34.52851 -119.24364    3573.24
 34.52851 -119.24036    3717.89
 34.52851 -119.23708    3826.38
 34.52851 -119.23380    3882.87
 34.52851 -119.23051    3895.36
 34.52851 -119.22724    3882.34
 34.52851 -119.22396    3860.70
 34.52851 -119.22068    3841.80
 34.52851 -119.21740    3842.91
 34.52851 -119.21412    3882.24
 34.52851 -119.21084    3981.46
 34.52851 -119.20756    4145.57
 34.52851 -119.20428    4361.56
 34.52851 -119.20100    4586.95
 34.52851 -119.19772    4776.66
 34.52851 -119.19444    4899.81
 34.52851 -119.19116    4960.88
 34.52851 -119.18788    4981.46
 34.52851 -119.18460    4985.01
 34.52851 -119.18132    4982.93
 34.52851 -119.17804    4980.08
 34.52851 -119.17476    4979.27
 34.52851 -119.17148    4982.07
 34.52851 -119.16820    4991.92
 34.52851 -119.16492    5018.34
 34.52851 -119.16164    5084.08
 34.52851 -119.15836    5209.32
 34.52851 -119.15508    5395.01
 34.52851 -119.15180    5604.94
 34.52851 -119.14852    5789.77
 34.52851 -119.14524    5908.45
 34.52851 -119.14196    5953.21
 34.52851 -119.13868    5934.92
 34.52851 -119.13540    5883.40
 34.52851 -119.13212    5835.09
 34.52851 -119.12884    5837.68
 34.52851 -119.12556    5924.86
 34.52851 -119.12228    6103.95
 34.52851 -119.11900    6342.99
 34.52851 -119.11572    6587.72
 34.52851 -119.11244    6786.26
 34.52851 -119.10916    6912.06
 34.52851 -119.10588    6972.26
 34.52851 -119.10260    6991.31
 34.52851 -119.09932    6994.82
 34.52851 -119.09604    6995.43
 34.52851 -119.09276    6996.95
 34.52851 -119.08949    6998.48
 34.52851 -119.08620    6999.49
 34.52851 -119.08292    6999.90
 34.52851 -119.07964    7000.00
 34.52851 -119.07636    7000.00
 34.52851 -119.07308    7000.00
 34.52851 -119.06980    7000.00
 34.52851 -119.06652    7000.00
 34.52851 -119.06324    7000.00
 34.52851 -119.05996    7000.00
 34.52851 -119.05668    7000.00
 34.52851 -119.05341    7000.00
 34.52851 -119.05013    7000.00
 34.52851 -119.04684    7000.00
 34.52851 -119.04356    7000.00
 34.52851 -119.04028    7000.00
 34.52851 -119.03700    7000.00
 34.52567 -119.28300    1207.79
 34.52567 -119.27972    1329.62
 34.52567 -119.27644    1522.99
 34.52567 -119.27316    1717.27
 34.52567 -119.26987    1870.75
 34.52567 -119.26659    1991.82
 34.52567 -119.26332    2119.65
 34.52567 -119.26004    2272.16
 34.52567 -119.25676    2434.95
 34.52567 -119.25348    2589.06
 34.52567 -119.25020    2743.07
 34.52567 -119.24692    2920.14
 34.52567 -119.24364    3119.67
 34.52567 -119.24036    3309.89
 34.52567 -119.23708    3452.95
 34.52567 -119.23380    3538.14
 34.52567 -119.23051    3580.09
 34.52567 -119.22724    3596.03
 34.52567 -119.22396    3597.90
 34.52567 -119.22068    3595.27
 34.52567 -119.21740    3614.55
 34.52567 -119.21412    3682.91
 34.52567 -119.21084    3823.76
 34.52567 -119.20756    4031.57
 34.52567 -119.20428    4281.80
 34.52567 -119.20100    4525.92
 34.52567 -119.19772    4722.23
 34.52567 -119.19444    4846.86
 34.52567 -119.19116    4909.87
 34.52567 -119.18788    4932.94
 34.52567 -119.18460    4935.58
 34.52567 -119.18132    4927.15
 34.52567 -119.17804    4916.15
 34.52567 -119.17476    4913.70
 34.52567 -119.17148    4925.79
 34.52567 -119.16820    4953.21
 34.52567 -119.16492    4997.19
 34.52567 -119.16164    5074.68
 34.52567 -119.15836    5205.00
 34.52567 -119.15508    5392.17
 34.52567 -119.15180    5602.62
 34.52567 -119.14852    5787.57
 34.52567 -119.14524    5904.21
 34.52567 -119.14196    5942.20
 34.52567 -119.13868    5911.75
 34.52567 -119.13540    5846.11
 34.52567 -119.13212    5788.60
 34.52567 -119.12884    5792.21
 34.52567 -119.12556    5890.06
 34.52567 -119.12228    6083.46
 34.52567 -119.11900    6334.04
 34.52567 -119.11572    6584.75
 34.52567 -119.11244    6784.31
 34.52567 -119.10916    6907.74
 34.52567 -119.10588    6963.88
 34.52567 -119.10260    6979.02
 34.52567 -119.09932    6981.10
 34.52567 -119.09604    6983.49
 34.52567 -119.09276    6989.08
 34.52567 -119.08949    6994.58
 34.52567 -119.08620    6998.21
 34.52567 -119.08292    6999.64
 34.52567 -119.07964    7000.00
 34.52567 -119.07636    7000.00
 34.52567 -119.07308    7000.00
 34.52567 -119.06980    7000.00
 34.52567 -119.06652    7000.00
 34.52567 -119.06324    7000.00
 34.52567 -119.05996    7000.00
 34.52567 -119.05668    7000.00
 34.52567 -119.05341    7000.00
 34.52567 -119.05013    7000.00
 34.52567 -119.04684    7000.00
 34.52567 -119.04356    7000.00
 34.52567 -119.04028    7000.00
 34.52567 -119.03700    7000.00
 34.52282 -119.28300     748.31
 34.52282 -119.27972     847.13
 34.52282 -119.27644    1006.86
 34.52282 -119.27316    1172.21
 34.52282 -119.26987    1307.08
 34.52282 -119.26659    1414.72
 34.52282 -119.26332    1523.09
 34.52282 -119.26004    1648.17
 34.52282 -119.25676    1782.24
 34.52282 -119.25348    1921.09
 34.52282 -119.25020    2079.81
 34.52282 -119.24692    2280.13
 34.52282 -119.24364    2510.84
 34.52282 -119.24036    2732.54
 34.52282 -119.23708    2904.68
 34.52282 -119.23380    3019.36
 34.52282 -119.23051    3092.79
 34.52282 -119.22724    3139.92
 34.52282 -119.22396    3169.39
 34.52282 -119.22068    3191.60
 34.52282 -119.21740    3239.85
 34.52282 -119.21412    3347.51
 34.52282 -119.21084    3537.77
 34.52282 -119.20756    3795.80
 34.52282 -119.20428    4086.27
 34.52282 -119.20100    4354.47
 34.52282 -119.19772    4562.74
 34.52282 -119.19444    4695.78
 34.52282 -119.19116    4769.72
 34.52282 -119.18788    4802.44
 34.52282 -119.18460    4804.31
 34.52282 -119.18132    4781.89
 34.52282 -119.17804    4754.31
 34.52282 -119.17476    4751.09
 34.52282 -119.17148    4787.35
 34.52282 -119.16820    4856.24
 34.52282 -119.16492    4940.41
 34.52282 -119.16164    5043.66
 34.52282 -119.15836    5184.22
 34.52282 -119.15508    5373.94
 34.52282 -119.15180    5586.06
 34.52282 -119.14852    5773.21
 34.52282 -119.14524    5889.04
 34.52282 -119.14196    5919.30
 34.52282 -119.13868    5874.65
 34.52282 -119.13540    5794.34
 34.52282 -119.13212    5730.54
 34.52282 -119.12884    5740.26
 34.52282 -119.12556    5853.50
 34.52282 -119.12228    6063.29
 34.52282 -119.11900    6325.28
 34.52282 -119.11572    6580.58
 34.52282 -119.11244    6779.12
 34.52282 -119.10916    6896.81
 34.52282 -119.10588    6944.44
 34.52282 -119.10260    6951.71
 34.52282 -119.09932    6951.35
 34.52282 -119.09604    6958.09
 34.52282 -119.09276    6972.57
 34.52282 -119.08949    6986.54
 34.52282 -119.08620    6995.58
 34.52282 -119.08292    6999.14
 34.52282 -119.07964    7000.00
 34.52282 -119.07636    7000.00
 34.52282 -119.07308    7000.00
 34.52282 -119.06980    7000.00
 34.52282 -119.06652    7000.00
 34.52282 -119.06324    7000.00
 34.52282 -119.05996    7000.00
 34.52282 -119.05668    7000.00
 34.52282 -119.05341    7000.00
 34.52282 -119.05013    7000.00
 34.52282 -119.04684    7000.00
 34.52282 -119.04356    7000.00
 34.52282 -119.04028    7000.00
 34.52282 -119.03700    7000.00
 34.51998 -119.28300     407.48
 34.51998 -119.27972     492.29
 34.51998 -119.27644     627.65
 34.51998 -119.27316     762.79
 34.51998 -119.26987     863.13
 34.51998 -119.26659     931.77
 34.51998 -119.26332     995.78
 34.51998 -119.26004    1075.36
 34.51998 -119.25676    1167.98
 34.51998 -119.25348    1275.74
 34.51998 -119.25020    1413.65
 34.51998 -119.24692    1602.00
 34.51998 -119.24364    1826.86
 34.51998 -119.24036    2050.12
 34.51998 -119.23708    2231.81
 34.51998 -119.23380    2363.64
 34.51998 -119.23051    2458.48
 34.51998 -119.22724    2530.11
 34.51998 -119.22396    2587.19
 34.51998 -119.22068    2641.98
 34.51998 -119.21740    2726.61
 34.51998 -119.21412    2872.60
 34.51998 -119.21084    3100.59
 34.51998 -119.20756    3393.23
 34.51998 -119.20428    3712.29
 34.51998 -119.20100    4001.12
 34.51998 -119.19772    4226.54
 34.51998 -119.19444    4379.92
 34.51998 -119.19116    4479.35
 34.51998 -119.18788    4531.93
 34.51998 -119.18460    4534.07
 34.51998 -119.18132    4491.29
 34.51998 -119.17804    4443.02
 34.51998 -119.17476    4447.15
 34.51998 -119.17148    4530.64
 34.51998 -119.16820    4671.34
 34.51998 -119.16492    4821.44
 34.51998 -119.16164    4963.96
 34.51998 -119.15836    5117.46
 34.51998 -119.15508    5309.24
 34.51998 -119.15180    5525.29
 34.51998 -119.14852    5720.52
 34.51998 -119.14524    5841.03
 34.51998 -119.14196    5866.43
 34.51998 -119.13868    5808.92
 34.51998 -119.13540    5717.62
 34.51998 -119.13212    5654.78
 34.51998 -119.12884    5679.14
 34.51998 -119.12556    5813.54
 34.51998 -119.12228    6040.96
 34.51998 -119.11900    6312.45
 34.51998 -119.11572    6569.64
 34.51998 -119.11244    6764.41
 34.51998 -119.10916    6872.81
 34.51998 -119.10588    6907.48
 34.51998 -119.10260    6903.44
 34.51998 -119.09932    6900.80
 34.51998 -119.09604    6916.12
 34.51998 -119.09276    6945.82
 34.51998 -119.08949    6973.70
 34.51998 -119.08620    6991.31
 34.51998 -119.08292    6998.14
 34.51998 -119.07964    6999.79
 34.51998 -119.07636    6999.86
 34.51998 -119.07308    6999.93
 34.51998 -119.06980    6999.98
 34.51998 -119.06652    7000.00
 34.51998 -119.06324    7000.00
 34.51998 -119.05996    7000.00
 34.51998 -119.05668    7000.00
 34.51998 -119.05341    7000.00
 34.51998 -119.05013    7000.00
 34.51998 -119.04684    7000.00
 34.51998 -119.04356    7000.00
 34.51998 -119.04028    7000.00
 34.51998 -119.03700    7000.00
 34.51713 -119.28300     209.25
 34.51713 -119.27972     284.24
 34.51713 -119.27644     399.36
 34.51713 -119.27316     503.68
 34.51713 -119.26987     564.04
 34.51713 -119.26659     587.05
 34.51713 -119.26332     604.04
 34.51713 -119.26004     639.26
 34.51713 -119.25676     690.60
 34.51713 -119.25348     757.97
 34.51713 -119.25020     852.01
 34.51713 -119.24692     993.19
 34.51713 -119.24364    1173.09
 34.51713 -119.24036    1362.94
 34.51713 -119.23708    1527.42
 34.51713 -119.23380    1656.93
 34.51713 -119.23051    1758.59
 34.51713 -119.22724    1845.45
 34.51713 -119.22396    1926.75
 34.51713 -119.22068    2014.14
 34.51713 -119.21740    2129.50
 34.51713 -119.21412    2294.82
 34.51713 -119.21084    2527.50
 34.51713 -119.20756    2817.20
 34.51713 -119.20428    3134.74
 34.51713 -119.20100    3429.81
 34.51713 -119.19772    3674.54
 34.51713 -119.19444    3861.25
 34.51713 -119.19116    4001.12
 34.51713 -119.18788    4082.95
 34.51713 -119.18460    4088.67
 34.51713 -119.18132    4027.89
 34.51713 -119.17804    3967.45
 34.51713 -119.17476    3995.26
 34.51713 -119.17148    4147.54
 34.51713 -119.16820    4380.19
 34.51713 -119.16492    4609.44
 34.51713 -119.16164    4794.73
 34.51713 -119.15836    4957.92
 34.51713 -119.15508    5148.81
 34.51713 -119.15180    5371.57
 34.51713 -119.14852    5583.62
 34.51713 -119.14524    5718.78
 34.51713 -119.14196    5748.26
 34.51713 -119.13868    5686.87
 34.51713 -119.13540    5597.17
 34.51713 -119.13212    5550.53
 34.51713 -119.12884    5603.19
 34.51713 -119.12556    5765.39
 34.51713 -119.12228    6009.58
 34.51713 -119.11900    6285.31
 34.51713 -119.11572    6539.59
 34.51713 -119.11244    6728.06
 34.51713 -119.10916    6826.58
 34.51713 -119.10588    6848.28
 34.51713 -119.10260    6834.08
 34.51713 -119.09932    6832.32
 34.51713 -119.09604    6861.45
 34.51713 -119.09276    6911.72
 34.51713 -119.08949    6957.28
 34.51713 -119.08620    6985.20
 34.51713 -119.08292    6995.88
 34.51713 -119.07964    6998.61
 34.51713 -119.07636    6999.09
 34.51713 -119.07308    6999.56
 34.51713 -119.06980    6999.86
 34.51713 -119.06652    6999.97
 34.51713 -119.06324    7000.00
 34.51713 -119.05996    7000.00
 34.51713 -119.05668    7000.00
 34.51713 -119.05341    7000.00
 34.51713 -119.05013    7000.00
 34.51713 -119.04684    7000.00
 34.51713 -119.04356    7000.00
 34.51713 -119.04028    7000.00
 34.51713 -119.03700    7000.00
 34.51429 -119.28300     117.51
 34.51429 -119.27972     181.87
 34.51429 -119.27644     276.26
 34.51429 -119.27316     351.69
 34.51429 -119.26987     379.11
 34.51429 -119.26659     368.73
 34.51429 -119.26332     354.15
 34.51429 -119.26004     359.17
 34.51429 -119.25676     378.91
 34.51429 -119.25348     407.58
 34.51429 -119.25020     450.38
 34.51429 -119.24692     527.46
 34.51429 -119.24364     638.68
 34.51429 -119.24036     768.45
 34.51429 -119.23708     891.07
 34.51429 -119.23380     998.69
 34.51429 -119.23051    1094.00
 34.51429 -119.22724    1187.68
 34.51429 -119.22396    1286.23
 34.51429 -119.22068    1395.96
 34.51429 -119.21740    1524.19
 34.51429 -119.21412    1680.94
 34.51429 -119.21084    1881.58
 34.51429 -119.20756    2128.99
 34.51429 -119.20428    2411.88
 34.51429 -119.20100    2694.15
 34.51429 -119.19772    2953.46
 34.51429 -119.19444    3176.29
 34.51429 -119.19116    3358.36
 34.51429 -119.18788    3468.95
 34.51429 -119.18460    3482.57
 34.51429 -119.18132    3418.92
 34.51429 -119.17804    3369.18
 34.51429 -119.17476    3439.16
 34.51429 -119.17148    3665.50
 34.51429 -119.16820    3982.37
 34.51429 -119.16492    4277.52
 34.51429 -119.16164    4493.10
 34.51429 -119.15836    4657.54
 34.51429 -119.15508    4844.84
 34.51429 -119.15180    5077.99
 34.51429 -119.14852    5315.62
 34.51429 -119.14524    5476.55
 34.51429 -119.14196    5523.53
 34.51429 -119.13868    5475.94
 34.51429 -119.13540    5410.85
 34.51429 -119.13212    5403.84
 34.51429 -119.12884    5501.44
 34.51429 -119.12556    5695.88
 34.51429 -119.12228    5951.00
 34.51429 -119.11900    6220.98
 34.51429 -119.11572    6465.54
 34.51429 -119.11244    6647.34
 34.51429 -119.10916    6741.77
 34.51429 -119.10588    6759.33
 34.51429 -119.10260    6744.33
 34.51429 -119.09932    6751.21
 34.51429 -119.09604    6799.55
 34.51429 -119.09276    6872.82
 34.51429 -119.08949    6936.43
 34.51429 -119.08620    6974.19
 34.51429 -119.08292    6988.88
 34.51429 -119.07964    6993.68
 34.51429 -119.07636    6996.05
 34.51429 -119.07308    6998.13
 34.51429 -119.06980    6999.40
 34.51429 -119.06652    6999.89
 34.51429 -119.06324    7000.00
 34.51429 -119.05996    7000.00
 34.51429 -119.05668    7000.00
 34.51429 -119.05341    7000.00
 34.51429 -119.05013    7000.00
 34.51429 -119.04684    7000.00
 34.51429 -119.04356    7000.00
 34.51429 -119.04028    7000.00
 34.51429 -119.03700    7000.00
 34.51144 -119.28300      78.56
 34.51144 -119.27972     129.21
 34.51144 -119.27644     200.58
 34.51144 -119.27316     250.77
 34.51144 -119.26987     257.68
 34.51144 -119.26659     232.69
 34.51144 -119.26332     206.47
 34.51144 -119.26004     197.77
 34.51144 -119.25676     198.88
 34.51144 -119.25348     199.11
 34.51144 -119.25020     198.56
 34.51144 -119.24692     214.25
 34.51144 -119.24364     252.85
 34.51144 -119.24036     312.28
 34.51144 -119.23708     381.08
 34.51144 -119.23380     457.54
 34.51144 -119.23051     542.21
 34.51144 -119.22724     639.40
 34.51144 -119.22396     747.36
 34.51144 -119.22068     863.17
 34.51144 -119.21740     982.40
 34.51144 -119.21412    1107.35
 34.51144 -119.21084    1253.62
 34.51144 -119.20756    1437.08
 34.51144 -119.20428    1665.21
 34.51144 -119.20100    1919.56
 34.51144 -119.19772    2182.59
 34.51144 -119.19444    2430.78
 34.51144 -119.19116    2641.21
 34.51144 -119.18788    2770.46
 34.51144 -119.18460    2796.63
 34.51144 -119.18132    2751.61
 34.51144 -119.17804    2736.32
 34.51144 -119.17476    2852.92
 34.51144 -119.17148    3129.20
 34.51144 -119.16820    3488.19
 34.51144 -119.16492    3809.99
 34.51144 -119.16164    4032.97
 34.51144 -119.15836    4192.25
 34.51144 -119.15508    4377.38
 34.51144 -119.15180    4623.55
 34.51144 -119.14852    4888.47
 34.51144 -119.14524    5079.97
 34.51144 -119.14196    5157.14
 34.51144 -119.13868    5146.93
 34.51144 -119.13540    5135.93
 34.51144 -119.13212    5194.05
 34.51144 -119.12884    5348.68
 34.51144 -119.12556    5572.55
 34.51144 -119.12228    5826.67
 34.51144 -119.11900    6078.79
 34.51144 -119.11572    6308.25
 34.51144 -119.11244    6488.01
 34.51144 -119.10916    6592.19
 34.51144 -119.10588    6624.62
 34.51144 -119.10260    6627.25
 34.51144 -119.09932    6655.50
 34.51144 -119.09604    6728.37
 34.51144 -119.09276    6824.11
 34.51144 -119.08949    6903.30
 34.51144 -119.08620    6949.53
 34.51144 -119.08292    6969.43
 34.51144 -119.07964    6979.27
 34.51144 -119.07636    6987.02
 34.51144 -119.07308    6993.47
 34.51144 -119.06980    6997.45
 34.51144 -119.06652    6999.15
 34.51144 -119.06324    6999.75
 34.51144 -119.05996    6999.92
 34.51144 -119.05668    6999.98
 34.51144 -119.05341    6999.98
 34.51144 -119.05013    6999.90
 34.51144 -119.04684    6999.66
 34.51144 -119.04356    6999.24
 34.51144 -119.04028    6998.73
 34.51144 -119.03700    6998.37
 34.50860 -119.28300      54.99
 34.50860 -119.27972      90.25
 34.50860 -119.27644     138.39
 34.50860 -119.27316     168.64
 34.50860 -119.26987     166.59
 34.50860 -119.26659     141.87
 34.50860 -119.26332     117.69
 34.50860 -119.26004     105.74
 34.50860 -119.25676      97.29
 34.50860 -119.25348      79.71
 34.50860 -119.25020      49.31
 34.50860 -119.24692      17.96
 34.50860 -119.24364      -3.80
 34.50860 -119.24036      -6.85
 34.50860 -119.23708      12.07
 34.50860 -119.23380      58.99
 34.50860 -119.23051     134.00
 34.50860 -119.22724     233.16
 34.50860 -119.22396     344.00
 34.50860 -119.22068     453.85
 34.50860 -119.21740     552.10
 34.50860 -119.21412     639.25
 34.50860 -119.21084     732.37
 34.50860 -119.20756     855.66
 34.50860 -119.20428    1029.62
 34.50860 -119.20100    1250.89
 34.50860 -119.19772    1504.63
 34.50860 -119.19444    1757.51
 34.50860 -119.19116    1972.26
 34.50860 -119.18788    2104.56
 34.50860 -119.18460    2144.69
 34.50860 -119.18132    2132.86
 34.50860 -119.17804    2160.24
 34.50860 -119.17476    2306.05
 34.50860 -119.17148    2585.07
 34.50860 -119.16820    2925.93
 34.50860 -119.16492    3225.42
 34.50860 -119.16164    3432.51
 34.50860 -119.15836    3585.68
 34.50860 -119.15508    3774.22
 34.50860 -119.15180    4033.73
 34.50860 -119.14852    4318.69
 34.50860 -119.14524    4536.06
 34.50860 -119.14196    4649.65
 34.50860 -119.13868    4696.19
 34.50860 -119.13540    4760.66
 34.50860 -119.13212    4894.88
 34.50860 -119.12884    5100.01
 34.50860 -119.12556    5335.92
 34.50860 -119.12228    5571.57
 34.50860 -119.11900    5797.41
 34.50860 -119.11572    6013.52
 34.50860 -119.11244    6202.48
 34.50860 -119.10916    6335.26
 34.50860 -119.10588    6406.81
 34.50860 -119.10260    6450.51
 34.50860 -119.09932    6516.29
 34.50860 -119.09604    6619.67
 34.50860 -119.09276    6736.92
 34.50860 -119.08949    6829.92
 34.50860 -119.08620    6886.02
 34.50860 -119.08292    6916.54
 34.50860 -119.07964    6938.82
 34.50860 -119.07636    6959.36
 34.50860 -119.07308    6975.99
 34.50860 -119.06980    6986.63
 34.50860 -119.06652    6991.95
 34.50860 -119.06324    6994.53
 34.50860 -119.05996    6996.04
 34.50860 -119.05668    6997.24
 34.50860 -119.05341    6998.12
 34.50860 -119.05013    6998.26
 34.50860 -119.04684    6997.09
 34.50860 -119.04356    6994.48
 34.50860 -119.04028    6991.24
 34.50860 -119.03700    6988.97
 34.50576 -119.28300      34.65
 34.50576 -119.27972      55.73
 34.50576 -119.27644      83.83
 34.50576 -119.27316      99.78
 34.50576 -119.26987      95.63
 34.50576 -119.26659      77.76
 34.50576 -119.26332      60.47
 34.50576 -119.26004      48.87
 34.50576 -119.25676      34.25
 34.50576 -119.25348       4.05
 34.50576 -119.25020     -47.23
 34.50576 -119.24692    -111.44
 34.50576 -119.24364    -175.14
 34.50576 -119.24036    -221.41
 34.50576 -119.23708    -236.61
 34.50576 -119.23380    -209.49
 34.50576 -119.23051    -140.09
 34.50576 -119.22724     -39.02
 34.50576 -119.22396      72.36
 34.50576 -119.22068     173.81
 34.50576 -119.21740     252.40
 34.50576 -119.21412     310.21
 34.50576 -119.21084     365.63
 34.50576 -119.20756     446.24
 34.50576 -119.20428     578.67
 34.50576 -119.20100     769.68
 34.50576 -119.19772    1005.61
 34.50576 -119.19444    1246.90
 34.50576 -119.19116    1449.12
 34.50576 -119.18788    1574.86
 34.50576 -119.18460    1627.19
 34.50576 -119.18132    1646.90
 34.50576 -119.17804    1702.72
 34.50576 -119.17476    1844.03
 34.50576 -119.17148    2075.87
 34.50576 -119.16820    2346.44
 34.50576 -119.16492    2585.53
 34.50576 -119.16164    2760.76
 34.50576 -119.15836    2908.75
 34.50576 -119.15508    3102.73
 34.50576 -119.15180    3368.39
 34.50576 -119.14852    3657.52
 34.50576 -119.14524    3888.64
 34.50576 -119.14196    4037.24
 34.50576 -119.13868    4147.39
 34.50576 -119.13540    4288.29
 34.50576 -119.13212    4484.24
 34.50576 -119.12884    4711.12
 34.50576 -119.12556    4930.40
 34.50576 -119.12228    5131.66
 34.50576 -119.11900    5331.86
 34.50576 -119.11572    5543.97
 34.50576 -119.11244    5753.77
 34.50576 -119.10916    5927.85
 34.50576 -119.10588    6055.41
 34.50576 -119.10260    6158.99
 34.50576 -119.09932    6276.89
 34.50576 -119.09604    6417.01
 34.50576 -119.09276    6556.51
 34.50576 -119.08949    6665.31
 34.50576 -119.08620    6738.34
 34.50576 -119.08292    6791.18
 34.50576 -119.07964    6838.89
 34.50576 -119.07636    6884.27
 34.50576 -119.07308    6920.73
 34.50576 -119.06980    6945.15
 34.50576 -119.06652    6959.00
 34.50576 -119.06324    6967.37
 34.50576 -119.05996    6973.94
 34.50576 -119.05668    6980.37
 34.50576 -119.05341    6986.05
 34.50576 -119.05013    6988.76
 34.50576 -119.04684    6986.05
 34.50576 -119.04356    6977.46
 34.50576 -119.04028    6966.16
 34.50576 -119.03700    6958.12
 34.50291 -119.28300      17.88
 34.50291 -119.27972      28.30
 34.50291 -119.27644      41.91
 34.50291 -119.27316      48.98
 34.50291 -119.26987      45.82
 34.50291 -119.26659      35.57
 34.50291 -119.26332      24.59
 34.50291 -119.26004      12.48
 34.50291 -119.25676      -9.74
 34.50291 -119.25348     -53.32
 34.50291 -119.25020    -122.45
 34.50291 -119.24692    -208.53
 34.50291 -119.24364    -294.91
 34.50291 -119.24036    -361.31
 34.50291 -119.23708    -391.14
 34.50291 -119.23380    -372.55
 34.50291 -119.23051    -305.64
 34.50291 -119.22724    -203.14
 34.50291 -119.22396     -90.58
 34.50291 -119.22068       7.22
 34.50291 -119.21740      75.53
 34.50291 -119.21412     117.64
 34.50291 -119.21084     152.25
 34.50291 -119.20756     207.64
 34.50291 -119.20428     312.47
 34.50291 -119.20100     479.25
 34.50291 -119.19772     695.52
 34.50291 -119.19444     919.83
 34.50291 -119.19116    1106.03
 34.50291 -119.18788    1224.10
 34.50291 -119.18460    1284.00
 34.50291 -119.18132    1321.11
 34.50291 -119.17804    1380.82
 34.50291 -119.17476    1488.75
 34.50291 -119.17148    1646.19
 34.50291 -119.16820    1824.72
 34.50291 -119.16492    1988.26
 34.50291 -119.16164    2123.10
 34.50291 -119.15836    2260.63
 34.50291 -119.15508    2451.86
 34.50291 -119.15180    2709.75
 34.50291 -119.14852    2987.25
 34.50291 -119.14524    3221.00
 34.50291 -119.14196    3397.81
 34.50291 -119.13868    3560.13
 34.50291 -119.13540    3751.54
 34.50291 -119.13212    3968.93
 34.50291 -119.12884    4174.64
 34.50291 -119.12556    4347.91
 34.50291 -119.12228    4506.71
 34.50291 -119.11900    4689.00
 34.50291 -119.11572    4906.29
 34.50291 -119.11244    5138.39
 34.50291 -119.10916    5349.77
 34.50291 -119.10588    5532.31
 34.50291 -119.10260    5700.70
 34.50291 -119.09932    5876.16
 34.50291 -119.09604    6053.82
 34.50291 -119.09276    6213.19
 34.50291 -119.08949    6339.47
 34.50291 -119.08620    6438.80
 34.50291 -119.08292    6529.73
 34.50291 -119.07964    6620.16
 34.50291 -119.07636    6706.20
 34.50291 -119.07308    6775.35
 34.50291 -119.06980    6823.52
 34.50291 -119.06652    6853.80
 34.50291 -119.06324    6875.57
 34.50291 -119.05996    6896.24
 34.50291 -119.05668    6918.66
 34.50291 -119.05341    6939.90
 34.50291 -119.05013    6953.06
 34.50291 -119.04684    6951.21
 34.50291 -119.04356    6933.19
 34.50291 -119.04028    6907.20
 34.50291 -119.03700    6888.23
 34.50007 -119.28300       7.21
 34.50007 -119.27972      11.28
 34.50007 -119.27644      16.51
 34.50007 -119.27316      19.00
 34.50007 -119.26987      17.32
 34.50007 -119.26659      12.17
 34.50007 -119.26332       4.14
 34.50007 -119.26004     -11.46
 34.50007 -119.25676     -44.43
 34.50007 -119.25348    -103.77
 34.50007 -119.25020    -189.45
 34.50007 -119.24692    -288.74
 34.50007 -119.24364    -382.08
 34.50007 -119.24036    -450.11
 34.50007 -119.23708    -479.40
 34.50007 -119.23380    -460.79
 34.50007 -119.23051    -394.05
 34.50007 -119.22724    -290.25
 34.50007 -119.22396    -175.19
 34.50007 -119.22068     -75.94
 34.50007 -119.21740      -9.56
 34.50007 -119.21412      26.85
 34.50007 -119.21084      51.34
 34.50007 -119.20756      91.84
 34.50007 -119.20428     177.68
 34.50007 -119.20100     325.22
 34.50007 -119.19772     525.09
 34.50007 -119.19444     737.25
 34.50007 -119.19116     915.61
 34.50007 -119.18788    1032.21
 34.50007 -119.18460    1096.28
 34.50007 -119.18132    1135.85
 34.50007 -119.17804    1181.04
 34.50007 -119.17476    1245.27
 34.50007 -119.17148    1330.62
 34.50007 -119.16820    1426.56
 34.50007 -119.16492    1521.28
 34.50007 -119.16164    1613.93
 34.50007 -119.15836    1729.77
 34.50007 -119.15508    1901.49
 34.50007 -119.15180    2134.36
 34.50007 -119.14852    2388.93
 34.50007 -119.14524    2618.91
 34.50007 -119.14196    2814.56
 34.50007 -119.13868    3004.83
 34.50007 -119.13540    3206.96
 34.50007 -119.13212    3401.29
 34.50007 -119.12884    3553.83
 34.50007 -119.12556    3669.33
 34.50007 -119.12228    3789.99
 34.50007 -119.11900    3960.60
 34.50007 -119.11572    4179.22
 34.50007 -119.11244    4415.66
 34.50007 -119.10916    4639.84
 34.50007 -119.10588    4856.09
 34.50007 -119.10260    5076.11
 34.50007 -119.09932    5299.24
 34.50007 -119.09604    5503.07
 34.50007 -119.09276    5670.06
 34.50007 -119.08949    5807.38
 34.50007 -119.08620    5936.36
 34.50007 -119.08292    6076.49
 34.50007 -119.07964    6223.13
 34.50007 -119.07636    6361.60
 34.50007 -119.07308    6472.96
 34.50007 -119.06980    6553.27
 34.50007 -119.06652    6609.37
 34.50007 -119.06324    6656.69
 34.50007 -119.05996    6707.10
 34.50007 -119.05668    6763.52
 34.50007 -119.05341    6818.12
 34.50007 -119.05013    6856.22
 34.50007 -119.04684    6863.89
 34.50007 -119.04356    6838.63
 34.50007 -119.04028    6795.75
 34.50007 -119.03700    6763.20
 34.49722 -119.28300       2.03
 34.49722 -119.27972       3.15
 34.49722 -119.27644       4.57
 34.49722 -119.27316       5.19
 34.49722 -119.26987       4.41
 34.49722 -119.26659       1.22
 34.49722 -119.26332      -7.78
 34.49722 -119.26004     -30.55
 34.49722 -119.25676     -77.23
 34.49722 -119.25348    -153.17
 34.49722 -119.25020    -252.03
 34.49722 -119.24692    -355.91
 34.49722 -119.24364    -444.47
 34.49722 -119.24036    -502.76
 34.49722 -119.23708    -523.41
 34.49722 -119.23380    -500.58
 34.49722 -119.23051    -432.90
 34.49722 -119.22724    -328.16
 34.49722 -119.22396    -210.60
 34.49722 -119.22068    -108.21
 34.49722 -119.21740     -40.24
 34.49722 -119.21412      -5.06
 34.49722 -119.21084      14.27
 34.49722 -119.20756      44.73
 34.49722 -119.20428     115.79
 34.49722 -119.20100     246.91
 34.49722 -119.19772     433.66
 34.49722 -119.19444     639.84
 34.49722 -119.19116     819.47
 34.49722 -119.18788     941.61
 34.49722 -119.18460    1009.59
 34.49722 -119.18132    1045.27
 34.49722 -119.17804    1072.40
 34.49722 -119.17476    1101.88
 34.49722 -119.17148    1137.77
 34.49722 -119.16820    1178.61
 34.49722 -119.16492    1223.95
 34.49722 -119.16164    1278.95
 34.49722 -119.15836    1363.97
 34.49722 -119.15508    1502.70
 34.49722 -119.15180    1700.59
 34.49722 -119.14852    1930.19
 34.49722 -119.14524    2155.26
 34.49722 -119.14196    2359.52
 34.49722 -119.13868    2550.49
 34.49722 -119.13540    2727.33
 34.49722 -119.13212    2869.60
 34.49722 -119.12884    2960.50
 34.49722 -119.12556    3025.89
 34.49722 -119.12228    3117.81
 34.49722 -119.11900    3272.98
 34.49722 -119.11572    3473.83
 34.49722 -119.11244    3685.20
 34.49722 -119.10916    3891.69
 34.49722 -119.10588    4114.06
 34.49722 -119.10260    4361.89
 34.49722 -119.09932    4608.78
 34.49722 -119.09604    4812.77
 34.49722 -119.09276    4961.24
 34.49722 -119.08949    5088.81
 34.49722 -119.08620    5236.13
 34.49722 -119.08292    5421.01
 34.49722 -119.07964    5621.56
 34.49722 -119.07636    5808.23
 34.49722 -119.07308    5957.78
 34.49722 -119.06980    6070.41
 34.49722 -119.06652    6160.90
 34.49722 -119.06324    6250.45
 34.49722 -119.05996    6352.20
 34.49722 -119.05668    6464.67
 34.49722 -119.05341    6572.63
 34.49722 -119.05013    6652.98
 34.49722 -119.04684    6685.28
 34.49722 -119.04356    6665.46
 34.49722 -119.04028    6615.29
 34.49722 -119.03700    6574.35
 34.49438 -119.28300       0.34
 34.49438 -119.27972       0.52
 34.49438 -119.27644       0.76
 34.49438 -119.27316       0.81
 34.49438 -119.26987      -0.02
 34.49438 -119.26659      -4.24
 34.49438 -119.26332     -18.10
 34.49438 -119.26004     -51.56
 34.49438 -119.25676    -113.54
 34.49438 -119.25348    -204.14
 34.49438 -119.25020    -310.34
 34.49438 -119.24692    -410.93
 34.49438 -119.24364    -487.84
 34.49438 -119.24036    -532.42
 34.49438 -119.23708    -542.90
 34.49438 -119.23380    -515.31
 34.49438 -119.23051    -446.49
 34.49438 -119.22724    -341.21
 34.49438 -119.22396    -222.19
 34.49438 -119.22068    -117.63
 34.49438 -119.21740     -48.07
 34.49438 -119.21412     -12.91
 34.49438 -119.21084       3.50
 34.49438 -119.20756      26.57
 34.49438 -119.20428      84.95
 34.49438 -119.20100     200.73
 34.49438 -119.19772     375.35
 34.49438 -119.19444     578.52
 34.49438 -119.19116     764.67
 34.49438 -119.18788     897.73
 34.49438 -119.18460     972.82
 34.49438 -119.18132    1006.96
 34.49438 -119.17804    1022.66
 34.49438 -119.17476    1033.01
 34.49438 -119.17148    1043.86
 34.49438 -119.16820    1056.75
 34.49438 -119.16492    1073.85
 34.49438 -119.16164    1101.53
 34.49438 -119.15836    1156.48
 34.49438 -119.15508    1260.60
 34.49438 -119.15180    1424.41
 34.49438 -119.14852    1632.98
 34.49438 -119.14524    1853.19
 34.49438 -119.14196    2056.94
 34.49438 -119.13868    2230.66
 34.49438 -119.13540    2366.53
 34.49438 -119.13212    2455.06
 34.49438 -119.12884    2499.72
 34.49438 -119.12556    2534.63
 34.49438 -119.12228    2605.34
 34.49438 -119.11900    2732.61
 34.49438 -119.11572    2891.63
 34.49438 -119.11244    3053.52
 34.49438 -119.10916    3222.86
 34.49438 -119.10588    3432.10
 34.49438 -119.10260    3684.19
 34.49438 -119.09932    3926.56
 34.49438 -119.09604    4100.68
 34.49438 -119.09276    4202.20
 34.49438 -119.08949    4293.74
 34.49438 -119.08620    4435.92
 34.49438 -119.08292    4641.71
 34.49438 -119.07964    4870.64
 34.49438 -119.07636    5077.62
 34.49438 -119.07308    5241.76
 34.49438 -119.06980    5374.72
 34.49438 -119.06652    5504.06
 34.49438 -119.06324    5652.49
 34.49438 -119.05996    5825.63
 34.49438 -119.05668    6009.75
 34.49438 -119.05341    6181.43
 34.49438 -119.05013    6313.57
 34.49438 -119.04684    6384.65
 34.49438 -119.04356    6390.08
 34.49438 -119.04028    6353.35
 34.49438 -119.03700    6317.53
 34.49154 -119.28300       0.00
 34.49154 -119.27972       0.00
 34.49154 -119.27644       0.00
 34.49154 -119.27316      -0.19
 34.49154 -119.26987      -1.89
 34.49154 -119.26659      -9.38
 34.49154 -119.26332     -31.24
 34.49154 -119.26004     -78.04
 34.49154 -119.25676    -155.44
 34.49154 -119.25348    -257.02
 34.49154 -119.25020    -364.19
 34.49154 -119.24692    -455.38
 34.49154 -119.24364    -517.57
 34.49154 -119.24036    -548.63
 34.49154 -119.23708    -550.57
 34.49154 -119.23380    -519.36
 34.49154 -119.23051    -449.69
 34.49154 -119.22724    -344.20
 34.49154 -119.22396    -224.68
 34.49154 -119.22068    -119.30
 34.49154 -119.21740     -49.10
 34.49154 -119.21412     -13.92
 34.49154 -119.21084       0.66
 34.49154 -119.20756      18.09
 34.49154 -119.20428      65.08
 34.49154 -119.20100     165.68
 34.49154 -119.19772     327.08
 34.49154 -119.19444     526.60
 34.49154 -119.19116     720.11
 34.49154 -119.18788     866.86
 34.49154 -119.18460     953.04
 34.49154 -119.18132     991.21
 34.49154 -119.17804    1003.84
 34.49154 -119.17476    1007.49
 34.49154 -119.17148    1009.60
 34.49154 -119.16820    1012.33
 34.49154 -119.16492    1017.04
 34.49154 -119.16164    1029.28
 34.49154 -119.15836    1063.47
 34.49154 -119.15508    1142.71
 34.49154 -119.15180    1282.95
 34.49154 -119.14852    1478.11
 34.49154 -119.14524    1694.17
 34.49154 -119.14196    1892.04
 34.49154 -119.13868    2043.76
 34.49154 -119.13540    2142.40
 34.49154 -119.13212    2192.32
 34.49154 -119.12884    2211.60
 34.49154 -119.12556    2231.28
 34.49154 -119.12228    2281.94
 34.49154 -119.11900    2370.41
 34.49154 -119.11572    2475.78
 34.49154 -119.11244    2584.14
 34.49154 -119.10916    2717.57
 34.49154 -119.10588    2909.86
 34.49154 -119.10260    3151.31
 34.49154 -119.09932    3367.79
 34.49154 -119.09604    3492.01
 34.49154 -119.09276    3530.79
 34.49154 -119.08949    3569.12
 34.49154 -119.08620    3682.03
 34.49154 -119.08292    3874.33
 34.49154 -119.07964    4089.81
 34.49154 -119.07636    4273.12
 34.49154 -119.07308    4415.53
 34.49154 -119.06980    4548.40
 34.49154 -119.06652    4715.02
 34.49154 -119.06324    4932.45
 34.49154 -119.05996    5187.37
 34.49154 -119.05668    5445.31
 34.49154 -119.05341    5675.35
 34.49154 -119.05013    5854.36
 34.49154 -119.04684    5968.64
 34.49154 -119.04356    6015.99
 34.49154 -119.04028    6015.16
 34.49154 -119.03700    6000.56
 34.48869 -119.28300       0.00
 34.48869 -119.27972       0.00
 34.48869 -119.27644       0.00
 34.48869 -119.27316      -0.43
 34.48869 -119.26987      -3.59
 34.48869 -119.26659     -15.75
 34.48869 -119.26332     -47.35
 34.48869 -119.26004    -108.25
 34.48869 -119.25676    -199.35
 34.48869 -119.25348    -307.59
 34.48869 -119.25020    -410.80
 34.48869 -119.24692    -489.69
 34.48869 -119.24364    -537.51
 34.48869 -119.24036    -557.60
 34.48869 -119.23708    -553.67
 34.48869 -119.23380    -520.33
 34.48869 -119.23051    -450.22
 34.48869 -119.22724    -344.71
 34.48869 -119.22396    -225.11
 34.48869 -119.22068    -119.59
 34.48869 -119.21740     -49.24
 34.48869 -119.21412     -14.05
 34.48869 -119.21084      -0.63
 34.48869 -119.20756      12.50
 34.48869 -119.20428      49.59
 34.48869 -119.20100     135.95
 34.48869 -119.19772     283.90
 34.48869 -119.19444     478.74
 34.48869 -119.19116     678.62
 34.48869 -119.18788     839.24
 34.48869 -119.18460     938.31
 34.48869 -119.18132     983.96
 34.48869 -119.17804     998.29
 34.48869 -119.17476    1000.97
 34.48869 -119.17148    1001.12
 34.48869 -119.16820    1001.37
 34.48869 -119.16492    1002.17
 34.48869 -119.16164    1008.15
 34.48869 -119.15836    1032.35
 34.48869 -119.15508    1098.97
 34.48869 -119.15180    1227.20
 34.48869 -119.14852    1415.47
 34.48869 -119.14524    1628.16
 34.48869 -119.14196    1819.51
 34.48869 -119.13868    1954.73
 34.48869 -119.13540    2030.29
 34.48869 -119.13212    2060.59
 34.48869 -119.12884    2070.17
 34.48869 -119.12556    2082.20
 34.48869 -119.12228    2113.09
 34.48869 -119.11900    2162.53
 34.48869 -119.11572    2220.13
 34.48869 -119.11244    2288.29
 34.48869 -119.10916    2399.14
 34.48869 -119.10588    2579.06
 34.48869 -119.10260    2803.66
 34.48869 -119.09932    2986.13
 34.48869 -119.09604    3059.66
 34.48869 -119.09276    3042.16
 34.48869 -119.08949    3030.35
 34.48869 -119.08620    3102.96
 34.48869 -119.08292    3254.73
 34.48869 -119.07964    3419.95
 34.48869 -119.07636    3542.60
 34.48869 -119.07308    3633.66
 34.48869 -119.06980    3748.35
 34.48869 -119.06652    3944.32
 34.48869 -119.06324    4227.19
 34.48869 -119.05996    4557.16
 34.48869 -119.05668    4875.05
 34.48869 -119.05341    5144.03
 34.48869 -119.05013    5351.98
 34.48869 -119.04684    5500.28
 34.48869 -119.04356    5592.61
 34.48869 -119.04028    5638.33
 34.48869 -119.03700    5654.17
 34.48585 -119.28300       0.00
 34.48585 -119.27972       0.00
 34.48585 -119.27644       0.00
 34.48585 -119.27316      -0.72
 34.48585 -119.26987      -5.46
 34.48585 -119.26659     -22.36
 34.48585 -119.26332     -63.14
 34.48585 -119.26004    -136.24
 34.48585 -119.25676    -237.71
 34.48585 -119.25348    -349.08
 34.48585 -119.25020    -446.41
 34.48585 -119.24692    -513.77
 34.48585 -119.24364    -550.11
 34.48585 -119.24036    -562.48
 34.48585 -119.23708    -554.96
 34.48585 -119.23380    -520.52
 34.48585 -119.23051    -450.23
 34.48585 -119.22724    -344.71
 34.48585 -119.22396    -225.11
 34.48585 -119.22068    -119.59
 34.48585 -119.21740     -49.24
 34.48585 -119.21412     -14.07
 34.48585 -119.21084      -1.46
 34.48585 -119.20756       8.52
 34.48585 -119.20428      37.90
 34.48585 -119.20100     112.84
 34.48585 -119.19772     249.50
 34.48585 -119.19444     439.97
 34.48585 -119.19116     644.57
 34.48585 -119.18788     816.54
 34.48585 -119.18460     926.79
 34.48585 -119.18132     979.71
 34.48585 -119.17804     996.77
 34.48585 -119.17476    1000.00
 34.48585 -119.17148    1000.00
 34.48585 -119.16820    1000.00
 34.48585 -119.16492    1000.05
 34.48585 -119.16164    1004.37
 34.48585 -119.15836    1025.45
 34.48585 -119.15508    1087.94
 34.48585 -119.15180    1212.20
 34.48585 -119.14852    1398.03
 34.48585 -119.14524    1608.80
 34.48585 -119.14196    1795.97
 34.48585 -119.13868    1922.73
 34.48585 -119.13540    1987.96
 34.48585 -119.13212    2010.82
 34.48585 -119.12884    2017.02
 34.48585 -119.12556    2023.32
 34.48585 -119.12228    2037.83
 34.48585 -119.11900    2058.87
 34.48585 -119.11572    2086.05
 34.48585 -119.11244    2133.01
 34.48585 -119.10916    2234.82
 34.48585 -119.10588    2407.76
 34.48585 -119.10260    2616.11
 34.48585 -119.09932    2768.78
 34.48585 -119.09604    2805.29
 34.48585 -119.09276    2751.62
 34.48585 -119.08949    2706.80
 34.48585 -119.08620    2744.21
 34.48585 -119.08292    2849.22
 34.48585 -119.07964    2952.64
 34.48585 -119.07636    3005.23
 34.48585 -119.07308    3038.28
 34.48585 -119.06980    3128.21
 34.48585 -119.06652    3342.51
 34.48585 -119.06324    3674.52
 34.48585 -119.05996    4059.29
 34.48585 -119.05668    4415.91
 34.48585 -119.05341    4703.11
 34.48585 -119.05013    4921.40
 34.48585 -119.04684    5088.35
 34.48585 -119.04356    5215.21
 34.48585 -119.04028    5301.77
 34.48585 -119.03700    5345.93
 34.48300 -119.28300       0.00
 34.48300 -119.27972       0.00
 34.48300 -119.27644       0.00
 34.48300 -119.27316      -0.93
 34.48300 -119.26987      -6.72
 34.48300 -119.26659     -26.65
 34.48300 -119.26332     -73.08
 34.48300 -119.26004    -153.32
 34.48300 -119.25676    -260.35
 34.48300 -119.25348    -372.67
 34.48300 -119.25020    -465.80
 34.48300 -119.24692    -526.22
 34.48300 -119.24364    -556.19
 34.48300 -119.24036    -564.61
 34.48300 -119.23708    -555.44
 34.48300 -119.23380    -520.57
 34.48300 -119.23051    -450.23
 34.48300 -119.22724    -344.71
 34.48300 -119.22396    -225.11
 34.48300 -119.22068    -119.59
 34.48300 -119.21740     -49.24
 34.48300 -119.21412     -14.07
 34.48300 -119.21084      -1.89
 34.48300 -119.20756       6.40
 34.48300 -119.20428      31.55
 34.48300 -119.20100     100.14
 34.48300 -119.19772     230.45
 34.48300 -119.19444     418.38
 34.48300 -119.19116     625.51
 34.48300 -119.18788     803.84
 34.48300 -119.18460     920.44
 34.48300 -119.18132     977.59
 34.48300 -119.17804     996.34
 34.48300 -119.17476    1000.00
 34.48300 -119.17148    1000.00
 34.48300 -119.16820    1000.00
 34.48300 -119.16492    1000.00
 34.48300 -119.16164    1004.12
 34.48300 -119.15836    1024.69
 34.48300 -119.15508    1086.42
 34.48300 -119.15180    1209.88
 34.48300 -119.14852    1395.10
 34.48300 -119.14524    1605.11
 34.48300 -119.14196    1790.63
 34.48300 -119.13868    1914.60
 34.48300 -119.13540    1976.83
 34.48300 -119.13212    1997.85
 34.48300 -119.12884    2002.95
 34.48300 -119.12556    2005.79
 34.48300 -119.12228    2011.35
 34.48300 -119.11900    2018.51
 34.48300 -119.11572    2032.41
 34.48300 -119.11244    2071.77
 34.48300 -119.10916    2171.43
 34.48300 -119.10588    2341.06
 34.48300 -119.10260    2539.29
 34.48300 -119.09932    2674.98
 34.48300 -119.09604    2693.40
 34.48300 -119.09276    2624.42
 34.48300 -119.08949    2565.50
 34.48300 -119.08620    2583.57
 34.48300 -119.08292    2658.43
 34.48300 -119.07964    2720.57
 34.48300 -119.07636    2727.54
 34.48300 -119.07308    2723.26
 34.48300 -119.06980    2796.29
 34.48300 -119.06652    3018.64
 34.48300 -119.06324    3375.97
 34.48300 -119.05996    3788.35
 34.48300 -119.05668    4162.46
 34.48300 -119.05341    4454.54
 34.48300 -119.05013    4673.30
 34.48300 -119.04684    4846.52
 34.48300 -119.04356    4990.82
 34.48300 -119.04028    5100.15
 34.48300 -119.03700    5160.77
