 34.45350 -119.17700    -181.72
 34.45350 -119.17371    -181.72
 34.45350 -119.17042    -181.72
 34.45350 -119.16713    -181.72
 34.45350 -119.16383    -181.72
 34.45350 -119.16055    -181.72
 34.45350 -119.15726    -181.72
 34.45350 -119.15396    -181.72
 34.45350 -119.15067    -181.72
 34.45350 -119.14738    -181.72
 34.45350 -119.14409    -181.72
 34.45350 -119.14080    -181.72
 34.45350 -119.13750    -181.72
 34.45350 -119.13422    -181.72
 34.45350 -119.13093    -181.72
 34.45350 -119.12763    -181.70
 34.45350 -119.12434    -181.09
 34.45350 -119.12106    -178.17
 34.45350 -119.11776    -169.66
 34.45350 -119.11447    -152.87
 34.45350 -119.11118    -127.47
 34.45350 -119.10789     -97.22
 34.45350 -119.10460     -66.48
 34.45350 -119.10130     -39.12
 34.45350 -119.09801     -16.59
 34.45350 -119.09473      -0.89
 34.45350 -119.09143       7.26
 34.45350 -119.08814       8.33
 34.45350 -119.08485       5.68
 34.45350 -119.08156       2.52
 34.45350 -119.07827       0.71
 34.45350 -119.07497       0.09
 34.45350 -119.07169       0.00
 34.45350 -119.06839       0.00
 34.45350 -119.06510       0.00
 34.45350 -119.06181       0.00
 34.45350 -119.05852       0.00
 34.45350 -119.05523       0.00
 34.45350 -119.05194      -0.06
 34.45350 -119.04865      -0.36
 34.45350 -119.04536      -1.19
 34.45350 -119.04206      -2.71
 34.45350 -119.03877      -4.57
 34.45350 -119.03548      -5.94
 34.45350 -119.03219      -6.07
 34.45350 -119.02890      -4.88
 34.45350 -119.02561      -3.05
 34.45350 -119.02232       0.61
 34.45350 -119.01903      11.81
 34.45350 -119.01573      42.94
 34.45350 -119.01244     104.55
 34.45350 -119.00916     198.13
 34.45350 -119.00586     309.41
 34.45350 -119.00257     422.30
 34.45350 -118.99928     526.60
 34.45350 -118.99599     622.39
 34.45350 -118.99270     703.96
 34.45350 -118.98940     756.01
 34.45350 -118.98611     761.38
 34.45350 -118.98283     718.97
 34.45350 -118.97953     649.33
 34.45350 -118.97624     581.16
 34.45350 -118.97295     536.19
 34.45350 -118.96966     520.31
 34.45350 -118.96637     530.42
 34.45350 -118.96307     558.61
 34.45350 -118.95979     594.36
 34.45350 -118.95650     622.50
 34.45350 -118.95320     629.05
 34.45350 -118.94991     608.57
 34.45350 -118.94662     567.30
 34.45350 -118.94333     514.39
 34.45350 -118.94004     451.48
 34.45350 -118.93674     373.48
 34.45350 -118.93346     278.57
 34.45350 -118.93017     179.16
 34.45350 -118.92687      94.29
 34.45350 -118.92358      38.58
 34.45350 -118.92029      10.97
 34.45350 -118.91700       1.83
 34.45061 -119.17700    -181.93
 34.45061 -119.17371    -181.93
 34.45061 -119.17042    -181.93
 34.45061 -119.16713    -181.93
 34.45061 -119.16383    -181.93
 34.45061 -119.16055    -181.93
 34.45061 -119.15726    -181.93
 34.45061 -119.15396    -181.93
 34.45061 -119.15067    -181.93
 34.45061 -119.14738    -181.93
 34.45061 -119.14409    -181.93
 34.45061 -119.14080    -181.93
 34.45061 -119.13750    -181.93
 34.45061 -119.13422    -181.93
 34.45061 -119.13093    -181.92
 34.45061 -119.12763    -181.81
 34.45061 -119.12434    -180.90
 34.45061 -119.12106    -177.37
 34.45061 -119.11776    -168.03
 34.45061 -119.11447    -150.52
 34.45061 -119.11118    -124.90
 34.45061 -119.10789     -95.00
 34.45061 -119.10460     -64.90
 34.45061 -119.10130     -37.92
 34.45061 -119.09801     -15.31
 34.45061 -119.09473       0.74
 34.45061 -119.09143       9.07
 34.45061 -119.08814       9.92
 34.45061 -119.08485       6.75
 34.45061 -119.08156       3.05
 34.45061 -119.07827       0.89
 34.45061 -119.07497       0.12
 34.45061 -119.07169       0.00
 34.45061 -119.06839       0.00
 34.45061 -119.06510       0.00
 34.45061 -119.06181       0.00
 34.45061 -119.05852       0.00
 34.45061 -119.05523       0.00
 34.45061 -119.05194      -0.17
 34.45061 -119.04865      -1.02
 34.45061 -119.04536      -3.48
 34.45061 -119.04206      -8.01
 34.45061 -119.03877     -13.77
 34.45061 -119.03548     -18.33
 34.45061 -119.03219     -19.36
 34.45061 -119.02890     -16.31
 34.45061 -119.02561     -10.97
 34.45061 -119.02232      -3.84
 34.45061 -119.01903       9.59
 34.45061 -119.01573      41.37
 34.45061 -119.01244     102.38
 34.45061 -119.00916     194.70
 34.45061 -119.00586     304.79
 34.45061 -119.00257     417.04
 34.45061 -118.99928     521.28
 34.45061 -118.99599     617.20
 34.45061 -118.99270     698.76
 34.45061 -118.98940     750.67
 34.45061 -118.98611     756.14
 34.45061 -118.98283     714.32
 34.45061 -118.97953     645.66
 34.45061 -118.97624     578.38
 34.45061 -118.97295     533.51
 34.45061 -118.96966     515.98
 34.45061 -118.96637     521.85
 34.45061 -118.96307     542.88
 34.45061 -118.95979     569.66
 34.45061 -118.95650     589.39
 34.45061 -118.95320     590.59
 34.45061 -118.94991     568.70
 34.45061 -118.94662     528.62
 34.45061 -118.94333     477.49
 34.45061 -118.94004     416.33
 34.45061 -118.93674     341.34
 34.45061 -118.93346     252.17
 34.45061 -118.93017     160.81
 34.45061 -118.92687      84.06
 34.45061 -118.92358      34.23
 34.45061 -118.92029       9.70
 34.45061 -118.91700       1.62
 34.44772 -119.17700    -182.61
 34.44772 -119.17371    -182.61
 34.44772 -119.17042    -182.61
 34.44772 -119.16713    -182.61
 34.44772 -119.16383    -182.61
 34.44772 -119.16055    -182.61
 34.44772 -119.15726    -182.61
 34.44772 -119.15396    -182.61
 34.44772 -119.15067    -182.61
 34.44772 -119.14738    -182.61
 34.44772 -119.14409    -182.61
 34.44772 -119.14080    -182.61
 34.44772 -119.13750    -182.61
 34.44772 -119.13422    -182.60
 34.44772 -119.13093    -182.48
 34.44772 -119.12763    -181.91
 34.44772 -119.12434    -179.75
 34.44772 -119.12106    -173.93
 34.44772 -119.11776    -161.72
 34.44772 -119.11447    -141.92
 34.44772 -119.11118    -115.86
 34.44772 -119.10789     -87.49
 34.44772 -119.10460     -59.87
 34.44772 -119.10130     -34.80
 34.44772 -119.09801     -12.89
 34.44772 -119.09473       3.39
 34.44772 -119.09143      11.90
 34.44772 -119.08814      12.43
 34.44772 -119.08485       8.43
 34.44772 -119.08156       3.90
 34.44772 -119.07827       1.18
 34.44772 -119.07497       0.18
 34.44772 -119.07169       0.00
 34.44772 -119.06839       0.00
 34.44772 -119.06510       0.00
 34.44772 -119.06181       0.00
 34.44772 -119.05852       0.00
 34.44772 -119.05523       0.00
 34.44772 -119.05194      -0.38
 34.44772 -119.04865      -2.34
 34.44772 -119.04536      -8.05
 34.44772 -119.04206     -18.85
 34.44772 -119.03877     -33.07
 34.44772 -119.03548     -45.23
 34.44772 -119.03219     -49.50
 34.44772 -119.02890     -43.87
 34.44772 -119.02561     -31.81
 34.44772 -119.02232     -17.14
 34.44772 -119.01903       1.70
 34.44772 -119.01573      35.36
 34.44772 -119.01244      94.79
 34.44772 -119.00916     183.37
 34.44772 -119.00586     289.53
 34.44772 -119.00257     399.21
 34.44772 -118.99928     502.54
 34.44772 -118.99599     598.26
 34.44772 -118.99270     679.52
 34.44772 -118.98940     731.15
 34.44772 -118.98611     737.23
 34.44772 -118.98283     697.39
 34.44772 -118.97953     631.69
 34.44772 -118.97624     567.11
 34.44772 -118.97295     523.20
 34.44772 -118.96966     503.21
 34.44772 -118.96637     501.70
 34.44772 -118.96307     509.72
 34.44772 -118.95979     519.46
 34.44772 -118.95650     522.12
 34.44772 -118.95320     511.24
 34.44772 -118.94991     484.91
 34.44772 -118.94662     446.83
 34.44772 -118.94333     400.75
 34.44772 -118.94004     345.85
 34.44772 -118.93674     279.52
 34.44772 -118.93346     203.11
 34.44772 -118.93017     127.51
 34.44772 -118.92687      65.76
 34.44772 -118.92358      26.52
 34.44772 -118.92029       7.47
 34.44772 -118.91700       1.24
 34.44484 -119.17700    -183.05
 34.44484 -119.17371    -183.05
 34.44484 -119.17042    -183.05
 34.44484 -119.16713    -183.05
 34.44484 -119.16383    -183.05
 34.44484 -119.16055    -183.05
 34.44484 -119.15726    -183.05
 34.44484 -119.15396    -183.05
 34.44484 -119.15067    -183.05
 34.44484 -119.14738    -183.05
 34.44484 -119.14409    -183.05
 34.44484 -119.14080    -183.05
 34.44484 -119.13750    -183.05
 34.44484 -119.13422    -182.99
 34.44484 -119.13093    -182.50
 34.44484 -119.12763    -180.47
 34.44484 -119.12434    -174.77
 34.44484 -119.12106    -162.93
 34.44484 -119.11776    -143.64
 34.44484 -119.11447    -118.66
 34.44484 -119.11118     -92.09
 34.44484 -119.10789     -68.02
 34.44484 -119.10460     -47.03
 34.44484 -119.10130     -27.50
 34.44484 -119.09801      -8.42
 34.44484 -119.09473       7.36
 34.44484 -119.09143      16.09
 34.44484 -119.08814      16.46
 34.44484 -119.08485      11.63
 34.44484 -119.08156       6.00
 34.44484 -119.07827       2.31
 34.44484 -119.07497       0.69
 34.44484 -119.07169       0.18
 34.44484 -119.06839       0.05
 34.44484 -119.06510       0.01
 34.44484 -119.06181       0.00
 34.44484 -119.05852       0.00
 34.44484 -119.05523       0.00
 34.44484 -119.05194      -0.64
 34.44484 -119.04865      -3.99
 34.44484 -119.04536     -14.02
 34.44484 -119.04206     -33.58
 34.44484 -119.03877     -60.51
 34.44484 -119.03548     -85.53
 34.44484 -119.03219     -97.73
 34.44484 -119.02890     -91.81
 34.44484 -119.02561     -72.16
 34.44484 -119.02232     -46.70
 34.44484 -119.01903     -18.80
 34.44484 -119.01573      18.61
 34.44484 -119.01244      75.32
 34.44484 -119.00916     156.34
 34.44484 -119.00586     253.73
 34.44484 -119.00257     356.66
 34.44484 -118.99928     456.30
 34.44484 -118.99599     550.23
 34.44484 -118.99270     630.45
 34.44484 -118.98940     682.04
 34.44484 -118.98611     690.25
 34.44484 -118.98283     655.13
 34.44484 -118.97953     595.59
 34.44484 -118.97624     536.45
 34.44484 -118.97295     495.14
 34.44484 -118.96966     473.02
 34.44484 -118.96637     463.03
 34.44484 -118.96307     455.08
 34.44484 -118.95979     442.64
 34.44484 -118.95650     421.49
 34.44484 -118.95320     392.07
 34.44484 -118.94991     357.66
 34.44484 -118.94662     322.42
 34.44484 -118.94333     286.53
 34.44484 -118.94004     245.72
 34.44484 -118.93674     196.45
 34.44484 -118.93346     140.39
 34.44484 -118.93017      86.48
 34.44484 -118.92687      43.78
 34.44484 -118.92358      17.41
 34.44484 -118.92029       4.85
 34.44484 -118.91700       0.81
 34.44195 -119.17700    -178.45
 34.44195 -119.17371    -178.45
 34.44195 -119.17042    -178.45
 34.44195 -119.16713    -178.45
 34.44195 -119.16383    -178.45
 34.44195 -119.16055    -178.45
 34.44195 -119.15726    -178.45
 34.44195 -119.15396    -178.45
 34.44195 -119.15067    -178.45
 34.44195 -119.14738    -178.45
 34.44195 -119.14409    -178.45
 34.44195 -119.14080    -178.45
 34.44195 -119.13750    -178.45
 34.44195 -119.13422    -178.24
 34.44195 -119.13093    -176.82
 34.44195 -119.12763    -171.65
 34.44195 -119.12434    -158.89
 34.44195 -119.12106    -135.76
 34.44195 -119.11776    -103.87
 34.44195 -119.11447     -70.30
 34.44195 -119.11118     -43.65
 34.44195 -119.10789     -27.93
 34.44195 -119.10460     -19.29
 34.44195 -119.10130     -10.44
 34.44195 -119.09801       2.63
 34.44195 -119.09473      16.75
 34.44195 -119.09143      25.85
 34.44195 -119.08814      26.51
 34.44195 -119.08485      20.82
 34.44195 -119.08156      13.26
 34.44195 -119.07827       7.22
 34.44195 -119.07497       3.57
 34.44195 -119.07169       1.72
 34.44195 -119.06839       0.86
 34.44195 -119.06510       0.47
 34.44195 -119.06181       0.26
 34.44195 -119.05852       0.13
 34.44195 -119.05523       0.04
 34.44195 -119.05194      -0.80
 34.44195 -119.04865      -5.31
 34.44195 -119.04536     -19.23
 34.44195 -119.04206     -47.55
 34.44195 -119.03877     -88.71
 34.44195 -119.03548    -130.67
 34.44195 -119.03219    -157.01
 34.44195 -119.02890    -157.22
 34.44195 -119.02561    -134.10
 34.44195 -119.02232     -98.56
 34.44195 -119.01903     -60.00
 34.44195 -119.01573     -17.54
 34.44195 -119.01244      35.28
 34.44195 -119.00916     104.65
 34.44195 -119.00586     187.51
 34.44195 -119.00257     278.03
 34.44195 -118.99928     369.48
 34.44195 -118.99599     458.71
 34.44195 -118.99270     536.68
 34.44195 -118.98940     588.95
 34.44195 -118.98611     601.84
 34.44195 -118.98283     575.25
 34.44195 -118.97953     525.78
 34.44195 -118.97624     475.26
 34.44195 -118.97295     438.66
 34.44195 -118.96966     415.88
 34.44195 -118.96637     398.62
 34.44195 -118.96307     375.73
 34.44195 -118.95979     341.36
 34.44195 -118.95650     295.34
 34.44195 -118.95320     245.39
 34.44195 -118.94991     201.67
 34.44195 -118.94662     170.82
 34.44195 -118.94333     150.27
 34.44195 -118.94004     131.07
 34.44195 -118.93674     106.24
 34.44195 -118.93346      75.61
 34.44195 -118.93017      45.64
 34.44195 -118.92687      22.36
 34.44195 -118.92358       8.53
 34.44195 -118.92029       2.22
 34.44195 -118.91700       0.29
 34.43906 -119.17700    -157.84
 34.43906 -119.17371    -157.84
 34.43906 -119.17042    -157.84
 34.43906 -119.16713    -157.84
 34.43906 -119.16383    -157.84
 34.43906 -119.16055    -157.84
 34.43906 -119.15726    -157.84
 34.43906 -119.15396    -157.84
 34.43906 -119.15067    -157.84
 34.43906 -119.14738    -157.84
 34.43906 -119.14409    -157.84
 34.43906 -119.14080    -157.84
 34.43906 -119.13750    -157.82
 34.43906 -119.13422    -157.31
 34.43906 -119.13093    -154.34
 34.43906 -119.12763    -144.29
 34.43906 -119.12434    -121.26
 34.43906 -119.12106     -82.50
 34.43906 -119.11776     -33.85
 34.43906 -119.11447      10.64
 34.43906 -119.11118      36.96
 34.43906 -119.10789      41.40
 34.43906 -119.10460      33.47
 34.43906 -119.10130      27.55
 34.43906 -119.09801      31.83
 34.43906 -119.09473      43.25
 34.43906 -119.09143      53.03
 34.43906 -119.08814      54.41
 34.43906 -119.08485      47.16
 34.43906 -119.08156      35.29
 34.43906 -119.07827      23.47
 34.43906 -119.07497      14.34
 34.43906 -119.07169       8.57
 34.43906 -119.06839       5.32
 34.43906 -119.06510       3.48
 34.43906 -119.06181       2.18
 34.43906 -119.05852       1.19
 34.43906 -119.05523       0.52
 34.43906 -119.05194      -0.64
 34.43906 -119.04865      -5.64
 34.43906 -119.04536     -21.52
 34.43906 -119.04206     -55.68
 34.43906 -119.03877    -108.65
 34.43906 -119.03548    -168.27
 34.43906 -119.03219    -213.99
 34.43906 -119.02890    -229.16
 34.43906 -119.02561    -211.71
 34.43906 -119.02232    -172.66
 34.43906 -119.01903    -126.58
 34.43906 -119.01573     -80.22
 34.43906 -119.01244     -32.51
 34.43906 -119.00916      22.49
 34.43906 -119.00586      86.46
 34.43906 -119.00257     159.15
 34.43906 -118.99928     237.17
 34.43906 -118.99599     317.90
 34.43906 -118.99270     392.29
 34.43906 -118.98940     446.78
 34.43906 -118.98611     468.07
 34.43906 -118.98283     454.66
 34.43906 -118.97953     419.45
 34.43906 -118.97624     380.66
 34.43906 -118.97295     350.93
 34.43906 -118.96966     329.68
 34.43906 -118.96637     308.30
 34.43906 -118.96307     275.20
 34.43906 -118.95979     224.69
 34.43906 -118.95650     159.55
 34.43906 -118.95320      93.35
 34.43906 -118.94991      42.76
 34.43906 -118.94662      17.78
 34.43906 -118.94333      14.47
 34.43906 -118.94004      19.48
 34.43906 -118.93674      21.24
 34.43906 -118.93346      16.39
 34.43906 -118.93017       8.77
 34.43906 -118.92687       2.61
 34.43906 -118.92358      -0.32
 34.43906 -118.92029      -0.99
 34.43906 -118.91700      -0.83
 34.43617 -119.17700    -106.37
 34.43617 -119.17371    -106.37
 34.43617 -119.17042    -106.37
 34.43617 -119.16713    -106.37
 34.43617 -119.16383    -106.37
 34.43617 -119.16055    -106.37
 34.43617 -119.15726    -106.37
 34.43617 -119.15396    -106.37
 34.43617 -119.15067    -106.37
 34.43617 -119.14738    -106.37
 34.43617 -119.14409    -106.37
 34.43617 -119.14080    -106.37
 34.43617 -119.13750    -106.33
 34.43617 -119.13422    -105.40
 34.43617 -119.13093    -100.50
 34.43617 -119.12763     -84.98
 34.43617 -119.12434     -51.21
 34.43617 -119.12106       2.98
 34.43617 -119.11776      67.57
 34.43617 -119.11447     122.56
 34.43617 -119.11118     149.60
 34.43617 -119.10789     145.23
 34.43617 -119.10460     123.11
 34.43617 -119.10130     103.27
 34.43617 -119.09801      97.99
 34.43617 -119.09473     105.53
 34.43617 -119.09143     115.24
 34.43617 -119.08814     116.70
 34.43617 -119.08485     106.16
 34.43617 -119.08156      86.46
 34.43617 -119.07827      64.02
 34.43617 -119.07497      44.51
 34.43617 -119.07169      30.75
 34.43617 -119.06839      21.85
 34.43617 -119.06510      15.76
 34.43617 -119.06181      10.69
 34.43617 -119.05852       6.58
 34.43617 -119.05523       3.58
 34.43617 -119.05194       1.21
 34.43617 -119.04865      -4.10
 34.43617 -119.04536     -19.86
 34.43617 -119.04206     -55.65
 34.43617 -119.03877    -115.12
 34.43617 -119.03548    -188.91
 34.43617 -119.03219    -255.14
 34.43617 -119.02890    -291.98
 34.43617 -119.02561    -290.50
 34.43617 -119.02232    -258.70
 34.43617 -119.01903    -213.46
 34.43617 -119.01573    -168.19
 34.43617 -119.01244    -127.60
 34.43617 -119.00916     -87.57
 34.43617 -119.00586     -43.44
 34.43617 -119.00257       9.10
 34.43617 -118.99928      70.27
 34.43617 -118.99599     139.30
 34.43617 -118.99270     208.66
 34.43617 -118.98940     266.36
 34.43617 -118.98611     299.28
 34.43617 -118.98283     303.53
 34.43617 -118.97953     287.08
 34.43617 -118.97624     263.72
 34.43617 -118.97295     243.64
 34.43617 -118.96966     226.62
 34.43617 -118.96637     204.85
 34.43617 -118.96307     167.50
 34.43617 -118.95979     109.24
 34.43617 -118.95650      34.79
 34.43617 -118.95320     -38.97
 34.43617 -118.94991     -91.41
 34.43617 -118.94662    -110.35
 34.43617 -118.94333    -100.01
 34.43617 -118.94004     -76.11
 34.43617 -118.93674     -53.35
 34.43617 -118.93346     -37.70
 34.43617 -118.93017     -27.45
 34.43617 -118.92687     -19.51
 34.43617 -118.92358     -12.64
 34.43617 -118.92029      -7.40
 34.43617 -118.91700      -4.58
 34.43328 -119.17700     -14.98
 34.43328 -119.17371     -14.98
 34.43328 -119.17042     -14.98
 34.43328 -119.16713     -14.98
 34.43328 -119.16383     -14.98
 34.43328 -119.16055     -14.98
 34.43328 -119.15726     -14.98
 34.43328 -119.15396     -14.98
 34.43328 -119.15067     -14.98
 34.43328 -119.14738     -14.98
 34.43328 -119.14409     -14.98
 34.43328 -119.14080     -14.98
 34.43328 -119.13750     -14.89
 34.43328 -119.13422     -13.56
 34.43328 -119.13093      -7.06
 34.43328 -119.12763      12.52
 34.43328 -119.12434      53.59
 34.43328 -119.12106     117.62
 34.43328 -119.11776     192.52
 34.43328 -119.11447     256.16
 34.43328 -119.11118     288.76
 34.43328 -119.10789     286.10
 34.43328 -119.10460     261.36
 34.43328 -119.10130     235.46
 34.43328 -119.09801     223.03
 34.43328 -119.09473     225.38
 34.43328 -119.09143     232.50
 34.43328 -119.08814     231.70
 34.43328 -119.08485     215.47
 34.43328 -119.08156     184.83
 34.43328 -119.07827     147.82
 34.43328 -119.07497     113.31
 34.43328 -119.07169      86.63
 34.43328 -119.06839      66.81
 34.43328 -119.06510      50.95
 34.43328 -119.06181      36.62
 34.43328 -119.05852      24.56
 34.43328 -119.05523      15.41
 34.43328 -119.05194       9.04
 34.43328 -119.04865       1.75
 34.43328 -119.04536     -13.76
 34.43328 -119.04206     -48.34
 34.43328 -119.03877    -108.73
 34.43328 -119.03548    -190.15
 34.43328 -119.03219    -272.66
 34.43328 -119.02890    -332.11
 34.43328 -119.02561    -353.38
 34.43328 -119.02232    -339.35
 34.43328 -119.01903    -305.61
 34.43328 -119.01573    -268.82
 34.43328 -119.01244    -237.91
 34.43328 -119.00916    -211.65
 34.43328 -119.00586    -184.93
 34.43328 -119.00257    -151.39
 34.43328 -118.99928    -107.85
 34.43328 -118.99599     -52.63
 34.43328 -118.99270       9.74
 34.43328 -118.98940      69.92
 34.43328 -118.98611     115.78
 34.43328 -118.98283     140.93
 34.43328 -118.97953     147.69
 34.43328 -118.97624     144.24
 34.43328 -118.97295     137.48
 34.43328 -118.96966     127.56
 34.43328 -118.96637     108.32
 34.43328 -118.96307      71.04
 34.43328 -118.95979      11.72
 34.43328 -118.95650     -63.23
 34.43328 -118.95320    -136.00
 34.43328 -118.94991    -185.52
 34.43328 -118.94662    -199.96
 34.43328 -118.94333    -183.48
 34.43328 -118.94004    -151.39
 34.43328 -118.93674    -118.36
 34.43328 -118.93346     -90.95
 34.43328 -118.93017     -68.74
 34.43328 -118.92687     -49.65
 34.43328 -118.92358     -33.42
 34.43328 -118.92029     -21.33
 34.43328 -118.91700     -14.89
 34.43039 -119.17700     109.82
 34.43039 -119.17371     109.82
 34.43039 -119.17042     109.82
 34.43039 -119.16713     109.82
 34.43039 -119.16383     109.82
 34.43039 -119.16055     109.82
 34.43039 -119.15726     109.82
 34.43039 -119.15396     109.82
 34.43039 -119.15067     109.82
 34.43039 -119.14738     109.82
 34.43039 -119.14409     109.82
 34.43039 -119.14080     109.82
 34.43039 -119.13750     109.95
 34.43039 -119.13422     111.54
 34.43039 -119.13093     118.86
 34.43039 -119.12763     139.96
 34.43039 -119.12434     182.98
 34.43039 -119.12106     249.08
 34.43039 -119.11776     327.43
 34.43039 -119.11447     398.85
 34.43039 -119.11118     445.61
 34.43039 -119.10789     461.41
 34.43039 -119.10460     452.67
 34.43039 -119.10130     434.58
 34.43039 -119.09801     420.66
 34.43039 -119.09473     416.70
 34.43039 -119.09143     417.03
 34.43039 -119.08814     410.44
 34.43039 -119.08485     387.37
 34.43039 -119.08156     346.59
 34.43039 -119.07827     295.88
 34.43039 -119.07497     245.35
 34.43039 -119.07169     201.84
 34.43039 -119.06839     164.32
 34.43039 -119.06510     130.23
 34.43039 -119.06181      97.99
 34.43039 -119.05852      70.34
 34.43039 -119.05523      48.70
 34.43039 -119.05194      32.90
 34.43039 -119.04865      18.83
 34.43039 -119.04536      -0.03
 34.43039 -119.04206     -34.15
 34.43039 -119.03877     -92.08
 34.43039 -119.03548    -173.87
 34.43039 -119.03219    -264.46
 34.43039 -119.02890    -341.26
 34.43039 -119.02561    -385.88
 34.43039 -119.02232    -395.83
 34.43039 -119.01903    -382.21
 34.43039 -119.01573    -360.71
 34.43039 -119.01244    -341.81
 34.43039 -119.00916    -327.18
 34.43039 -119.00586    -313.43
 34.43039 -119.00257    -294.77
 34.43039 -118.99928    -266.86
 34.43039 -118.99599    -226.20
 34.43039 -118.99270    -173.86
 34.43039 -118.98940    -115.32
 34.43039 -118.98611     -59.78
 34.43039 -118.98283     -14.52
 34.43039 -118.97953      17.66
 34.43039 -118.97624      38.21
 34.43039 -118.97295      49.03
 34.43039 -118.96966      49.22
 34.43039 -118.96637      34.23
 34.43039 -118.96307      -1.45
 34.43039 -118.95979     -58.78
 34.43039 -118.95650    -129.08
 34.43039 -118.95320    -195.02
 34.43039 -118.94991    -238.24
 34.43039 -118.94662    -249.95
 34.43039 -118.94333    -234.62
 34.43039 -118.94004    -205.12
 34.43039 -118.93674    -173.08
 34.43039 -118.93346    -143.53
 34.43039 -118.93017    -116.24
 34.43039 -118.92687     -90.06
 34.43039 -118.92358     -66.11
 34.43039 -118.92029     -47.30
 34.43039 -118.91700     -36.94
 34.42751 -119.17700     244.84
 34.42751 -119.17371     244.84
 34.42751 -119.17042     244.84
 34.42751 -119.16713     244.84
 34.42751 -119.16383     244.84
 34.42751 -119.16055     244.84
 34.42751 -119.15726     244.84
 34.42751 -119.15396     244.84
 34.42751 -119.15067     244.84
 34.42751 -119.14738     244.84
 34.42751 -119.14409     244.84
 34.42751 -119.14080     244.84
 34.42751 -119.13750     245.03
 34.42751 -119.13422     246.76
 34.42751 -119.13093     254.34
 34.42751 -119.12763     275.25
 34.42751 -119.12434     316.97
 34.42751 -119.12106     380.94
 34.42751 -119.11776     459.99
 34.42751 -119.11447     541.44
 34.42751 -119.11118     612.09
 34.42751 -119.10789     662.93
 34.42751 -119.10460     689.31
 34.42751 -119.10130     695.10
 34.42751 -119.09801     688.58
 34.42751 -119.09473     679.70
 34.42751 -119.09143     670.27
 34.42751 -119.08814     655.20
 34.42751 -119.08485     626.54
 34.42751 -119.08156     580.98
 34.42751 -119.07827     523.22
 34.42751 -119.07497     460.41
 34.42751 -119.07169     398.40
 34.42751 -119.06839     336.43
 34.42751 -119.06510     274.48
 34.42751 -119.06181     214.40
 34.42751 -119.05852     162.17
 34.42751 -119.05523     120.09
 34.42751 -119.05194      87.11
 34.42751 -119.04865      58.45
 34.42751 -119.04536      29.04
 34.42751 -119.04206      -9.26
 34.42751 -119.03877     -64.80
 34.42751 -119.03548    -141.70
 34.42751 -119.03219    -231.69
 34.42751 -119.02890    -317.47
 34.42751 -119.02561    -381.10
 34.42751 -119.02232    -415.68
 34.42751 -119.01903    -426.18
 34.42751 -119.01573    -423.97
 34.42751 -119.01244    -418.53
 34.42751 -119.00916    -413.59
 34.42751 -119.00586    -408.52
 34.42751 -119.00257    -400.05
 34.42751 -118.99928    -384.53
 34.42751 -118.99599    -358.02
 34.42751 -118.99270    -318.75
 34.42751 -118.98940    -267.90
 34.42751 -118.98611    -210.01
 34.42751 -118.98283    -150.88
 34.42751 -118.97953     -96.26
 34.42751 -118.97624     -51.08
 34.42751 -118.97295     -19.65
 34.42751 -118.96966      -6.29
 34.42751 -118.96637     -15.35
 34.42751 -118.96307     -49.03
 34.42751 -118.95979    -103.78
 34.42751 -118.95650    -167.76
 34.42751 -118.95320    -224.45
 34.42751 -118.94991    -259.87
 34.42751 -118.94662    -269.71
 34.42751 -118.94333    -259.25
 34.42751 -118.94004    -238.26
 34.42751 -118.93674    -214.24
 34.42751 -118.93346    -189.70
 34.42751 -118.93017    -163.90
 34.42751 -118.92687    -136.20
 34.42751 -118.92358    -108.77
 34.42751 -118.92029     -86.03
 34.42751 -118.91700     -73.07
 34.42462 -119.17700     361.71
 34.42462 -119.17371     361.71
 34.42462 -119.17042     361.71
 34.42462 -119.16713     361.71
 34.42462 -119.16383     361.71
 34.42462 -119.16055     361.71
 34.42462 -119.15726     361.71
 34.42462 -119.15396     361.71
 34.42462 -119.15067     361.71
 34.42462 -119.14738     361.71
 34.42462 -119.14409     361.71
 34.42462 -119.14080     361.71
 34.42462 -119.13750     362.00
 34.42462 -119.13422     364.09
 34.42462 -119.13093     372.50
 34.42462 -119.12763     394.34
 34.42462 -119.12434     436.35
 34.42462 -119.12106     500.10
 34.42462 -119.11776     582.02
 34.42462 -119.11447     676.62
 34.42462 -119.11118     776.66
 34.42462 -119.10789     871.85
 34.42462 -119.10460     946.20
 34.42462 -119.10130     989.59
 34.42462 -119.09801    1001.12
 34.42462 -119.09473     992.38
 34.42462 -119.09143     973.88
 34.42462 -119.08814     950.59
 34.42462 -119.08485     920.27
 34.42462 -119.08156     878.40
 34.42462 -119.07827     823.95
 34.42462 -119.07497     756.88
 34.42462 -119.07169     679.06
 34.42462 -119.06839     590.00
 34.42462 -119.06510     493.84
 34.42462 -119.06181     398.28
 34.42462 -119.05852     313.49
 34.42462 -119.05523     243.13
 34.42462 -119.05194     184.69
 34.42462 -119.04865     132.82
 34.42462 -119.04536      84.20
 34.42462 -119.04206      34.61
 34.42462 -119.03877     -22.38
 34.42462 -119.03548     -93.35
 34.42462 -119.03219    -177.17
 34.42462 -119.02890    -263.95
 34.42462 -119.02561    -339.43
 34.42462 -119.02232    -394.47
 34.42462 -119.01903    -428.30
 34.42462 -119.01573    -446.48
 34.42462 -119.01244    -455.53
 34.42462 -119.00916    -459.67
 34.42462 -119.00586    -460.78
 34.42462 -119.00257    -458.79
 34.42462 -118.99928    -452.29
 34.42462 -118.99599    -438.35
 34.42462 -118.99270    -413.79
 34.42462 -118.98940    -376.23
 34.42462 -118.98611    -325.25
 34.42462 -118.98283    -263.12
 34.42462 -118.97953    -195.27
 34.42462 -118.97624    -130.32
 34.42462 -118.97295     -78.40
 34.42462 -118.96966     -49.33
 34.42462 -118.96637     -49.66
 34.42462 -118.96307     -79.71
 34.42462 -118.95979    -131.06
 34.42462 -118.95650    -188.31
 34.42462 -118.95320    -235.43
 34.42462 -118.94991    -262.89
 34.42462 -118.94662    -270.68
 34.42462 -118.94333    -265.01
 34.42462 -118.94004    -253.00
 34.42462 -118.93674    -238.69
 34.42462 -118.93346    -222.45
 34.42462 -118.93017    -202.92
 34.42462 -118.92687    -179.52
 34.42462 -118.92358    -154.51
 34.42462 -118.92029    -132.75
 34.42462 -118.91700    -120.00
 34.42173 -119.17700     442.36
 34.42173 -119.17371     442.36
 34.42173 -119.17042     442.36
 34.42173 -119.16713     442.36
 34.42173 -119.16383     442.36
 34.42173 -119.16055     442.36
 34.42173 -119.15726     442.36
 34.42173 -119.15396     442.36
 34.42173 -119.15067     442.36
 34.42173 -119.14738     442.36
 34.42173 -119.14409     442.36
 34.42173 -119.14080     442.37
 34.42173 -119.13750     442.89
 34.42173 -119.13422     445.99
 34.42173 -119.13093     457.05
 34.42173 -119.12763     483.44
 34.42173 -119.12434     531.13
 34.42173 -119.12106     600.56
 34.42173 -119.11776     689.57
 34.42173 -119.11447     798.34
 34.42173 -119.11118     926.27
 34.42173 -119.10789    1064.89
 34.42173 -119.10460    1190.17
 34.42173 -119.10130    1278.45
 34.42173 -119.09801    1317.31
 34.42173 -119.09473    1316.46
 34.42173 -119.09143    1293.81
 34.42173 -119.08814    1265.45
 34.42173 -119.08485    1237.34
 34.42173 -119.08156    1205.43
 34.42173 -119.07827    1162.68
 34.42173 -119.07497    1100.30
 34.42173 -119.07169    1014.08
 34.42173 -119.06839     902.81
 34.42173 -119.06510     774.07
 34.42173 -119.06181     641.65
 34.42173 -119.05852     520.20
 34.42173 -119.05523     415.97
 34.42173 -119.05194     326.04
 34.42173 -119.04865     245.16
 34.42173 -119.04536     171.59
 34.42173 -119.04206     104.84
 34.42173 -119.03877      41.00
 34.42173 -119.03548     -27.45
 34.42173 -119.03219    -104.82
 34.42173 -119.02890    -188.16
 34.42173 -119.02561    -268.40
 34.42173 -119.02232    -336.90
 34.42173 -119.01903    -389.57
 34.42173 -119.01573    -426.82
 34.42173 -119.01244    -451.24
 34.42173 -119.00916    -465.68
 34.42173 -119.00586    -473.23
 34.42173 -119.00257    -476.63
 34.42173 -118.99928    -477.16
 34.42173 -118.99599    -473.72
 34.42173 -118.99270    -463.05
 34.42173 -118.98940    -441.08
 34.42173 -118.98611    -403.92
 34.42173 -118.98283    -349.87
 34.42173 -118.97953    -281.19
 34.42173 -118.97624    -206.14
 34.42173 -118.97295    -138.06
 34.42173 -118.96966     -92.57
 34.42173 -118.96637     -80.66
 34.42173 -118.96307    -103.35
 34.42173 -118.95979    -148.91
 34.42173 -118.95650    -198.99
 34.42173 -118.95320    -237.52
 34.42173 -118.94991    -258.24
 34.42173 -118.94662    -263.93
 34.42173 -118.94333    -261.31
 34.42173 -118.94004    -255.60
 34.42173 -118.93674    -248.78
 34.42173 -118.93346    -240.17
 34.42173 -118.93017    -228.30
 34.42173 -118.92687    -212.48
 34.42173 -118.92358    -194.35
 34.42173 -118.92029    -177.89
 34.42173 -118.91700    -168.00
 34.41884 -119.17700     485.82
 34.41884 -119.17371     485.82
 34.41884 -119.17042     485.82
 34.41884 -119.16713     485.82
 34.41884 -119.16383     485.82
 34.41884 -119.16055     485.82
 34.41884 -119.15726     485.82
 34.41884 -119.15396     485.82
 34.41884 -119.15067     485.82
 34.41884 -119.14738     485.82
 34.41884 -119.14409     485.82
 34.41884 -119.14080     485.87
 34.41884 -119.13750     486.89
 34.41884 -119.13422     491.99
 34.41884 -119.13093     508.13
 34.41884 -119.12763     543.32
 34.41884 -119.12434     602.05
 34.41884 -119.12106     681.86
 34.41884 -119.11776     779.40
 34.41884 -119.11447     898.81
 34.41884 -119.11118    1046.68
 34.41884 -119.10789    1219.32
 34.41884 -119.10460    1388.84
 34.41884 -119.10130    1520.39
 34.41884 -119.09801    1590.00
 34.41884 -119.09473    1603.21
 34.41884 -119.09143    1582.77
 34.41884 -119.08814    1554.00
 34.41884 -119.08485    1530.52
 34.41884 -119.08156    1510.19
 34.41884 -119.07827    1482.33
 34.41884 -119.07497    1431.83
 34.41884 -119.07169    1348.45
 34.41884 -119.06839    1227.96
 34.41884 -119.06510    1077.60
 34.41884 -119.06181     914.32
 34.41884 -119.05852     757.28
 34.41884 -119.05523     617.64
 34.41884 -119.05194     494.97
 34.41884 -119.04865     385.05
 34.41884 -119.04536     286.80
 34.41884 -119.04206     201.39
 34.41884 -119.03877     126.61
 34.41884 -119.03548      54.97
 34.41884 -119.03219     -20.26
 34.41884 -119.02890    -100.26
 34.41884 -119.02561    -180.29
 34.41884 -119.02232    -254.32
 34.41884 -119.01903    -318.31
 34.41884 -119.01573    -370.16
 34.41884 -119.01244    -408.96
 34.41884 -119.00916    -435.04
 34.41884 -119.00586    -451.07
 34.41884 -119.00257    -461.33
 34.41884 -118.99928    -469.10
 34.41884 -118.99599    -475.01
 34.41884 -118.99270    -476.61
 34.41884 -118.98940    -469.86
 34.41884 -118.98611    -449.61
 34.41884 -118.98283    -411.27
 34.41884 -118.97953    -352.81
 34.41884 -118.97624    -278.99
 34.41884 -118.97295    -202.77
 34.41884 -118.96966    -143.55
 34.41884 -118.96637    -117.34
 34.41884 -118.96307    -128.27
 34.41884 -118.95979    -164.24
 34.41884 -118.95650    -205.76
 34.41884 -118.95320    -236.65
 34.41884 -118.94991    -252.22
 34.41884 -118.94662    -256.24
 34.41884 -118.94333    -255.11
 34.41884 -118.94004    -252.75
 34.41884 -118.93674    -250.18
 34.41884 -118.93346    -246.66
 34.41884 -118.93017    -241.04
 34.41884 -118.92687    -232.71
 34.41884 -118.92358    -222.51
 34.41884 -118.92029    -212.89
 34.41884 -118.91700    -206.98
 34.41595 -119.17700     503.44
 34.41595 -119.17371     503.44
 34.41595 -119.17042     503.44
 34.41595 -119.16713     503.44
 34.41595 -119.16383     503.44
 34.41595 -119.16055     503.44
 34.41595 -119.15726     503.44
 34.41595 -119.15396     503.44
 34.41595 -119.15067     503.44
 34.41595 -119.14738     503.44
 34.41595 -119.14409     503.44
 34.41595 -119.14080     503.62
 34.41595 -119.13750     505.54
 34.41595 -119.13422     513.79
 34.41595 -119.13093     537.08
 34.41595 -119.12763     583.75
 34.41595 -119.12434     655.68
 34.41595 -119.12106     746.23
 34.41595 -119.11776     849.79
 34.41595 -119.11447     973.69
 34.41595 -119.11118    1131.64
 34.41595 -119.10789    1325.82
 34.41595 -119.10460    1527.03
 34.41595 -119.10130    1692.33
 34.41595 -119.09801    1788.60
 34.41595 -119.09473    1817.21
 34.41595 -119.09143    1803.21
 34.41595 -119.08814    1777.44
 34.41595 -119.08485    1758.34
 34.41595 -119.08156    1746.46
 34.41595 -119.07827    1731.11
 34.41595 -119.07497    1695.42
 34.41595 -119.07169    1625.06
 34.41595 -119.06839    1510.49
 34.41595 -119.06510    1353.92
 34.41595 -119.06181    1170.90
 34.41595 -119.05852     984.56
 34.41595 -119.05523     812.99
 34.41595 -119.05194     661.81
 34.41595 -119.04865     528.68
 34.41595 -119.04536     412.13
 34.41595 -119.04206     312.33
 34.41595 -119.03877     226.79
 34.41595 -119.03548     147.92
 34.41595 -119.03219      68.89
 34.41595 -119.02890     -11.74
 34.41595 -119.02561     -90.49
 34.41595 -119.02232    -163.77
 34.41595 -119.01903    -230.17
 34.41595 -119.01573    -288.51
 34.41595 -119.01244    -336.66
 34.41595 -119.00916    -372.81
 34.41595 -119.00586    -398.15
 34.41595 -119.00257    -416.87
 34.41595 -118.99928    -433.01
 34.41595 -118.99599    -448.40
 34.41595 -118.99270    -461.73
 34.41595 -118.98940    -469.79
 34.41595 -118.98611    -467.35
 34.41595 -118.98283    -448.24
 34.41595 -118.97953    -406.97
 34.41595 -118.97624    -344.00
 34.41595 -118.97295    -269.36
 34.41595 -118.96966    -202.77
 34.41595 -118.96637    -163.47
 34.41595 -118.96307    -159.66
 34.41595 -118.95979    -182.07
 34.41595 -118.95650    -212.78
 34.41595 -118.95320    -236.26
 34.41595 -118.94991    -247.96
 34.41595 -118.94662    -250.97
 34.41595 -118.94333    -250.58
 34.41595 -118.94004    -249.65
 34.41595 -118.93674    -248.88
 34.41595 -118.93346    -247.80
 34.41595 -118.93017    -245.78
 34.41595 -118.92687    -242.48
 34.41595 -118.92358    -238.18
 34.41595 -118.92029    -233.97
 34.41595 -118.91700    -231.34
 34.41306 -119.17700     508.33
 34.41306 -119.17371     508.33
 34.41306 -119.17042     508.33
 34.41306 -119.16713     508.33
 34.41306 -119.16383     508.33
 34.41306 -119.16055     508.33
 34.41306 -119.15726     508.33
 34.41306 -119.15396     508.33
 34.41306 -119.15067     508.33
 34.41306 -119.14738     508.33
 34.41306 -119.14409     508.33
 34.41306 -119.14080     508.75
 34.41306 -119.13750     512.04
 34.41306 -119.13422     524.49
 34.41306 -119.13093     556.16
 34.41306 -119.12763     614.76
 34.41306 -119.12434     698.40
 34.41306 -119.12106     796.11
 34.41306 -119.11776     900.56
 34.41306 -119.11447    1022.73
 34.41306 -119.11118    1182.64
 34.41306 -119.10789    1387.25
 34.41306 -119.10460    1606.58
 34.41306 -119.10130    1792.49
 34.41306 -119.09801    1906.13
 34.41306 -119.09473    1946.57
 34.41306 -119.09143    1939.67
 34.41306 -119.08814    1918.34
 34.41306 -119.08485    1902.48
 34.41306 -119.08156    1894.87
 34.41306 -119.07827    1887.37
 34.41306 -119.07497    1865.32
 34.41306 -119.07169    1812.91
 34.41306 -119.06839    1714.44
 34.41306 -119.06510    1564.17
 34.41306 -119.06181    1372.67
 34.41306 -119.05852    1166.31
 34.41306 -119.05523     970.75
 34.41306 -119.05194     799.42
 34.41306 -119.04865     651.88
 34.41306 -119.04536     525.66
 34.41306 -119.04206     418.25
 34.41306 -119.03877     325.66
 34.41306 -119.03548     239.17
 34.41306 -119.03219     152.52
 34.41306 -119.02890      66.63
 34.41306 -119.02561     -12.77
 34.41306 -119.02232     -82.15
 34.41306 -119.01903    -143.14
 34.41306 -119.01573    -198.09
 34.41306 -119.01244    -246.75
 34.41306 -119.00916    -287.04
 34.41306 -119.00586    -318.73
 34.41306 -119.00257    -344.78
 34.41306 -118.99928    -369.04
 34.41306 -118.99599    -394.28
 34.41306 -118.99270    -420.45
 34.41306 -118.98940    -444.86
 34.41306 -118.98611    -461.69
 34.41306 -118.98283    -463.36
 34.41306 -118.97953    -442.47
 34.41306 -118.97624    -396.64
 34.41306 -118.97295    -332.36
 34.41306 -118.96966    -266.59
 34.41306 -118.96637    -218.50
 34.41306 -118.96307    -199.52
 34.41306 -118.95979    -205.45
 34.41306 -118.95650    -222.74
 34.41306 -118.95320    -237.94
 34.41306 -118.94991    -246.00
 34.41306 -118.94662    -248.26
 34.41306 -118.94333    -248.24
 34.41306 -118.94004    -247.89
 34.41306 -118.93674    -247.70
 34.41306 -118.93346    -247.47
 34.41306 -118.93017    -246.99
 34.41306 -118.92687    -246.10
 34.41306 -118.92358    -244.87
 34.41306 -118.92029    -243.62
 34.41306 -118.91700    -242.82
 34.41018 -119.17700     509.10
 34.41018 -119.17371     509.10
 34.41018 -119.17042     509.10
 34.41018 -119.16713     509.10
 34.41018 -119.16383     509.10
 34.41018 -119.16055     509.10
 34.41018 -119.15726     509.10
 34.41018 -119.15396     509.10
 34.41018 -119.15067     509.10
 34.41018 -119.14738     509.10
 34.41018 -119.14409     509.10
 34.41018 -119.14080     509.89
 34.41018 -119.13750     514.89
 34.41018 -119.13422     532.13
 34.41018 -119.13093     572.29
 34.41018 -119.12763     641.52
 34.41018 -119.12434     733.53
 34.41018 -119.12106     833.86
 34.41018 -119.11776     934.83
 34.41018 -119.11447    1051.63
 34.41018 -119.11118    1209.17
 34.41018 -119.10789    1417.21
 34.41018 -119.10460    1644.49
 34.41018 -119.10130    1839.75
 34.41018 -119.09801    1961.51
 34.41018 -119.09473    2008.37
 34.41018 -119.09143    2006.40
 34.41018 -119.08814    1988.67
 34.41018 -119.08485    1974.54
 34.41018 -119.08156    1968.13
 34.41018 -119.07827    1964.27
 34.41018 -119.07497    1951.84
 34.41018 -119.07169    1915.30
 34.41018 -119.06839    1833.97
 34.41018 -119.06510    1694.70
 34.41018 -119.06181    1502.31
 34.41018 -119.05852    1285.37
 34.41018 -119.05523    1075.55
 34.41018 -119.05194     893.24
 34.41018 -119.04865     739.25
 34.41018 -119.04536     610.21
 34.41018 -119.04206     501.11
 34.41018 -119.03877     406.19
 34.41018 -119.03548     314.78
 34.41018 -119.03219     220.37
 34.41018 -119.02890     126.76
 34.41018 -119.02561      44.03
 34.41018 -119.02232     -21.55
 34.41018 -119.01903     -73.22
 34.41018 -119.01573    -117.47
 34.41018 -119.01244    -158.14
 34.41018 -119.00916    -194.76
 34.41018 -119.00586    -226.51
 34.41018 -119.00257    -255.03
 34.41018 -118.99928    -284.03
 34.41018 -118.99599    -317.74
 34.41018 -118.99270    -357.61
 34.41018 -118.98940    -400.60
 34.41018 -118.98611    -438.61
 34.41018 -118.98283    -461.72
 34.41018 -118.97953    -461.49
 34.41018 -118.97624    -434.89
 34.41018 -118.97295    -386.02
 34.41018 -118.96966    -327.61
 34.41018 -118.96637    -275.96
 34.41018 -118.96307    -243.83
 34.41018 -118.95979    -232.77
 34.41018 -118.95650    -235.38
 34.41018 -118.95320    -241.58
 34.41018 -118.94991    -245.84
 34.41018 -118.94662    -247.28
 34.41018 -118.94333    -247.43
 34.41018 -118.94004    -247.31
 34.41018 -118.93674    -247.26
 34.41018 -118.93346    -247.23
 34.41018 -118.93017    -247.16
 34.41018 -118.92687    -247.02
 34.41018 -118.92358    -246.82
 34.41018 -118.92029    -246.61
 34.41018 -118.91700    -246.48
 34.40729 -119.17700     509.10
 34.40729 -119.17371     509.10
 34.40729 -119.17042     509.10
 34.40729 -119.16713     509.10
 34.40729 -119.16383     509.10
 34.40729 -119.16055     509.10
 34.40729 -119.15726     509.10
 34.40729 -119.15396     509.10
 34.40729 -119.15067     509.10
 34.40729 -119.14738     509.10
 34.40729 -119.14409     509.10
 34.40729 -119.14080     510.27
 34.40729 -119.13750     516.93
 34.40729 -119.13422     538.54
 34.40729 -119.13093     585.88
 34.40729 -119.12763     663.22
 34.40729 -119.12434     760.23
 34.40729 -119.12106     860.17
 34.40729 -119.11776     955.95
 34.40729 -119.11447    1066.79
 34.40729 -119.11118    1220.86
 34.40729 -119.10789    1429.11
 34.40729 -119.10460    1658.70
 34.40729 -119.10130    1856.69
 34.40729 -119.09801    1980.68
 34.40729 -119.09473    2029.76
 34.40729 -119.09143    2030.16
 34.40729 -119.08814    2014.58
 34.40729 -119.08485    2001.35
 34.40729 -119.08156    1995.03
 34.40729 -119.07827    1992.46
 34.40729 -119.07497    1985.25
 34.40729 -119.07169    1958.80
 34.40729 -119.06839    1889.45
 34.40729 -119.06510    1759.26
 34.40729 -119.06181    1568.83
 34.40729 -119.05852    1348.04
 34.40729 -119.05523    1132.13
 34.40729 -119.05194     945.84
 34.40729 -119.04865     790.27
 34.40729 -119.04536     661.54
 34.40729 -119.04206     553.27
 34.40729 -119.03877     458.78
 34.40729 -119.03548     365.51
 34.40729 -119.03219     265.82
 34.40729 -119.02890     165.41
 34.40729 -119.02561      78.50
 34.40729 -119.02232      15.18
 34.40729 -119.01903     -27.74
 34.40729 -119.01573     -59.80
 34.40729 -119.01244     -89.01
 34.40729 -119.00916    -117.28
 34.40729 -119.00586    -143.99
 34.40729 -119.00257    -170.08
 34.40729 -118.99928    -199.70
 34.40729 -118.99599    -238.90
 34.40729 -118.99270    -290.76
 34.40729 -118.98940    -351.40
 34.40729 -118.98611    -409.42
 34.40729 -118.98283    -451.77
 34.40729 -118.97953    -469.22
 34.40729 -118.97624    -459.42
 34.40729 -118.97295    -425.58
 34.40729 -118.96966    -376.63
 34.40729 -118.96637    -325.01
 34.40729 -118.96307    -283.41
 34.40729 -118.95979    -258.10
 34.40729 -118.95650    -247.73
 34.40729 -118.95320    -245.75
 34.40729 -118.94991    -246.48
 34.40729 -118.94662    -247.06
 34.40729 -118.94333    -247.20
 34.40729 -118.94004    -247.18
 34.40729 -118.93674    -247.17
 34.40729 -118.93346    -247.17
 34.40729 -118.93017    -247.17
 34.40729 -118.92687    -247.17
 34.40729 -118.92358    -247.17
 34.40729 -118.92029    -247.17
 34.40729 -118.91700    -247.17
 34.40440 -119.17700     509.10
 34.40440 -119.17371     509.10
 34.40440 -119.17042     509.10
 34.40440 -119.16713     509.10
 34.40440 -119.16383     509.10
 34.40440 -119.16055     509.10
 34.40440 -119.15726     509.10
 34.40440 -119.15396     509.10
 34.40440 -119.15067     509.10
 34.40440 -119.14738     509.10
 34.40440 -119.14409     509.10
 34.40440 -119.14080     510.52
 34.40440 -119.13750     518.22
 34.40440 -119.13422     542.50
 34.40440 -119.13093     594.04
 34.40440 -119.12763     675.84
 34.40440 -119.12434     775.16
 34.40440 -119.12106     874.10
 34.40440 -119.11776     966.26
 34.40440 -119.11447    1073.35
 34.40440 -119.11118    1225.17
 34.40440 -119.10789    1433.00
 34.40440 -119.10460    1662.94
 34.40440 -119.10130    1861.26
 34.40440 -119.09801    1985.37
 34.40440 -119.09473    2034.78
 34.40440 -119.09143    2035.86
 34.40440 -119.08814    2021.05
 34.40440 -119.08485    2008.12
 34.40440 -119.08156    2001.71
 34.40440 -119.07827    1999.45
 34.40440 -119.07497    1994.23
 34.40440 -119.07169    1972.04
 34.40440 -119.06839    1908.08
 34.40440 -119.06510    1782.38
 34.40440 -119.06181    1593.60
 34.40440 -119.05852    1372.12
 34.40440 -119.05523    1154.62
 34.40440 -119.05194     967.64
 34.40440 -119.04865     812.16
 34.40440 -119.04536     684.17
 34.40440 -119.04206     576.88
 34.40440 -119.03877     483.33
 34.40440 -119.03548     389.85
 34.40440 -119.03219     287.79
 34.40440 -119.02890     183.62
 34.40440 -119.02561      93.90
 34.40440 -119.02232      31.39
 34.40440 -119.01903      -6.52
 34.40440 -119.01573     -30.83
 34.40440 -119.01244     -52.01
 34.40440 -119.00916     -73.57
 34.40440 -119.00586     -95.29
 34.40440 -119.00257    -117.96
 34.40440 -118.99928    -146.30
 34.40440 -118.99599    -187.85
 34.40440 -118.99270    -246.76
 34.40440 -118.98940    -318.47
 34.40440 -118.98611    -389.12
 34.40440 -118.98283    -443.32
 34.40440 -118.97953    -471.23
 34.40440 -118.97624    -471.30
 34.40440 -118.97295    -446.64
 34.40440 -118.96966    -404.08
 34.40440 -118.96637    -353.43
 34.40440 -118.96307    -306.92
 34.40440 -118.95979    -273.45
 34.40440 -118.95650    -255.40
 34.40440 -118.95320    -248.49
 34.40440 -118.94991    -247.07
 34.40440 -118.94662    -247.07
 34.40440 -118.94333    -247.17
 34.40440 -118.94004    -247.17
 34.40440 -118.93674    -247.17
 34.40440 -118.93346    -247.17
 34.40440 -118.93017    -247.17
 34.40440 -118.92687    -247.17
 34.40440 -118.92358    -247.17
 34.40440 -118.92029    -247.17
 34.40440 -118.91700    -247.17
