   -118.982    34.4112
   -118.990    34.4085
   -118.998    34.4061
   -119.006    34.4044
   -119.018    34.4051
   -119.031    34.4076
   -119.047    34.4098
   -119.065    34.4125
   -119.078    34.4152
   -119.091    34.4173
   -119.104    34.4191
   -119.117    34.4210
   -119.125    34.4225
   -119.131    34.4233
   -119.141    34.4223
   -119.151    34.4203
   -119.160    34.4183
   -119.167    34.4167
   -119.172    34.4151
   -119.175    34.4144
   -119.177    34.4176
   -119.171    34.4208
   -119.163    34.4245
   -119.156    34.4281
   -119.147    34.4318
   -119.140    34.4354
   -119.133    34.4380
   -119.130    34.4390
   -119.117    34.4384
   -119.106    34.4370
   -119.098    34.4354
   -119.094    34.4343
   -119.087    34.4354
   -119.075    34.4354
   -119.062    34.4363
   -119.049    34.4370
   -119.038    34.4381
   -119.022    34.4397
   -119.003    34.4418
   -118.984    34.4437
   -118.968    34.4457
   -118.953    34.4472
   -118.943    34.4479
   -118.937    34.4513
   -118.930    34.4535
   -118.926    34.4532
   -118.921    34.4470
   -118.919    34.4425
   -118.917    34.4380
   -118.919    34.4341
   -118.922    34.4314
   -118.925    34.4294
   -118.931    34.4275
   -118.938    34.4247
   -118.945    34.4217
   -118.955    34.4188
   -118.962    34.4164
   -118.969    34.4148
   -118.976    34.4132
