 34.38530 -118.68800    1000.00
 34.38530 -118.68472    1002.86
 34.38530 -118.68143    1017.42
 34.38530 -118.67814    1061.61
 34.38530 -118.67485    1151.04
 34.38530 -118.67156    1285.62
 34.38530 -118.66827    1435.25
 34.38530 -118.66498    1554.15
 34.38530 -118.66169    1600.75
 34.38530 -118.65840    1562.49
 34.38530 -118.65511    1457.03
 34.38530 -118.65182    1325.67
 34.38530 -118.64854    1216.91
 34.38530 -118.64525    1168.07
 34.38530 -118.64196    1190.28
 34.38530 -118.63867    1263.30
 34.38530 -118.63538    1350.97
 34.38530 -118.63209    1420.92
 34.38530 -118.62880    1458.64
 34.38530 -118.62551    1462.81
 34.38530 -118.62222    1435.96
 34.38530 -118.61893    1379.20
 34.38530 -118.61565    1297.65
 34.38530 -118.61236    1204.57
 34.38530 -118.60907    1119.33
 34.38530 -118.60578    1056.74
 34.38530 -118.60249    1020.91
 34.38530 -118.59921    1005.38
 34.38530 -118.59592    1000.79
 34.38530 -118.59262    1000.00
 34.38530 -118.58933    1000.00
 34.38530 -118.58604    1000.00
 34.38530 -118.58276    1000.00
 34.38530 -118.57947    1000.12
 34.38530 -118.57618    1004.71
 34.38530 -118.57289    1026.28
 34.38530 -118.56960    1088.86
 34.38530 -118.56631    1211.29
 34.38530 -118.56303    1391.59
 34.38530 -118.55974    1592.36
 34.38530 -118.55644    1766.25
 34.38530 -118.55315    1879.53
 34.38530 -118.54987    1934.47
 34.38530 -118.54658    1951.77
 34.38530 -118.54329    1954.84
 34.38530 -118.54000    1954.65
 34.38253 -118.68800     999.99
 34.38253 -118.68472    1002.48
 34.38253 -118.68143    1015.40
 34.38253 -118.67814    1055.07
 34.38253 -118.67485    1136.10
 34.38253 -118.67156    1258.58
 34.38253 -118.66827    1394.62
 34.38253 -118.66498    1500.85
 34.38253 -118.66169    1538.51
 34.38253 -118.65840    1497.41
 34.38253 -118.65511    1397.31
 34.38253 -118.65182    1279.21
 34.38253 -118.64854    1188.42
 34.38253 -118.64525    1156.93
 34.38253 -118.64196    1191.55
 34.38253 -118.63867    1270.27
 34.38253 -118.63538    1358.05
 34.38253 -118.63209    1424.43
 34.38253 -118.62880    1456.48
 34.38253 -118.62551    1453.34
 34.38253 -118.62222    1418.41
 34.38253 -118.61893    1354.83
 34.38253 -118.61565    1270.63
 34.38253 -118.61236    1180.44
 34.38253 -118.60907    1102.14
 34.38253 -118.60578    1047.20
 34.38253 -118.60249    1016.95
 34.38253 -118.59921    1004.26
 34.38253 -118.59592    1000.62
 34.38253 -118.59262    1000.00
 34.38253 -118.58933    1000.00
 34.38253 -118.58604    1000.00
 34.38253 -118.58276    1000.00
 34.38253 -118.57947    1000.36
 34.38253 -118.57618    1005.89
 34.38253 -118.57289    1029.84
 34.38253 -118.56960    1095.97
 34.38253 -118.56631    1221.96
 34.38253 -118.56303    1403.68
 34.38253 -118.55974    1603.03
 34.38253 -118.55644    1773.36
 34.38253 -118.55315    1883.08
 34.38253 -118.54987    1935.66
 34.38253 -118.54658    1952.01
 34.38253 -118.54329    1954.84
 34.38253 -118.54000    1954.65
 34.37975 -118.68800     999.90
 34.37975 -118.68472    1001.51
 34.37975 -118.68143    1010.95
 34.37975 -118.67814    1041.33
 34.37975 -118.67485    1105.18
 34.37975 -118.67156    1203.12
 34.37975 -118.66827    1312.09
 34.37975 -118.66498    1394.86
 34.37975 -118.66169    1419.00
 34.37975 -118.65840    1377.99
 34.37975 -118.65511    1292.89
 34.37975 -118.65182    1201.47
 34.37975 -118.64854    1142.29
 34.37975 -118.64525    1139.01
 34.37975 -118.64196    1192.75
 34.37975 -118.63867    1279.79
 34.37975 -118.63538    1367.06
 34.37975 -118.63209    1426.77
 34.37975 -118.62880    1448.33
 34.37975 -118.62551    1432.14
 34.37975 -118.62222    1383.96
 34.37975 -118.61893    1310.71
 34.37975 -118.61565    1224.56
 34.37975 -118.61236    1141.18
 34.37975 -118.60907    1075.20
 34.37975 -118.60578    1032.69
 34.37975 -118.60249    1011.09
 34.37975 -118.59921    1002.64
 34.37975 -118.59592    1000.37
 34.37975 -118.59262    1000.00
 34.37975 -118.58933    1000.00
 34.37975 -118.58604    1000.00
 34.37975 -118.58276    1000.00
 34.37975 -118.57947    1000.86
 34.37975 -118.57618    1008.43
 34.37975 -118.57289    1037.46
 34.37975 -118.56960    1111.21
 34.37975 -118.56631    1244.82
 34.37975 -118.56303    1429.59
 34.37975 -118.55974    1625.89
 34.37975 -118.55644    1788.60
 34.37975 -118.55315    1890.70
 34.37975 -118.54987    1938.20
 34.37975 -118.54658    1952.52
 34.37975 -118.54329    1954.84
 34.37975 -118.54000    1954.65
 34.37698 -118.68800     998.97
 34.37698 -118.68472     998.76
 34.37698 -118.68143    1002.22
 34.37698 -118.67814    1018.31
 34.37698 -118.67485    1056.73
 34.37698 -118.67156    1119.13
 34.37698 -118.66827    1190.11
 34.37698 -118.66498    1242.79
 34.37698 -118.66169    1254.47
 34.37698 -118.65840    1222.24
 34.37698 -118.65511    1164.83
 34.37698 -118.65182    1111.60
 34.37698 -118.64854    1091.19
 34.37698 -118.64525    1118.67
 34.37698 -118.64196    1191.32
 34.37698 -118.63867    1285.38
 34.37698 -118.63538    1370.26
 34.37698 -118.63209    1420.55
 34.37698 -118.62880    1428.07
 34.37698 -118.62551    1395.84
 34.37698 -118.62222    1333.81
 34.37698 -118.61893    1253.65
 34.37698 -118.61565    1170.48
 34.37698 -118.61236    1098.75
 34.37698 -118.60907    1048.06
 34.37698 -118.60578    1018.94
 34.37698 -118.60249    1005.80
 34.37698 -118.59921    1001.25
 34.37698 -118.59592    1000.17
 34.37698 -118.59262    1000.00
 34.37698 -118.58933    1000.00
 34.37698 -118.58604    1000.00
 34.37698 -118.58276    1000.00
 34.37698 -118.57947    1001.63
 34.37698 -118.57618    1012.24
 34.37698 -118.57289    1048.89
 34.37698 -118.56960    1134.07
 34.37698 -118.56631    1279.12
 34.37698 -118.56303    1468.46
 34.37698 -118.55974    1660.18
 34.37698 -118.55644    1811.46
 34.37698 -118.55315    1902.13
 34.37698 -118.54987    1942.01
 34.37698 -118.54658    1953.28
 34.37698 -118.54329    1954.84
 34.37698 -118.54000    1954.65
 34.37420 -118.68800     995.20
 34.37420 -118.68472     991.30
 34.37420 -118.68143     985.31
 34.37420 -118.67814     982.46
 34.37420 -118.67485     990.09
 34.37420 -118.67156    1011.71
 34.37420 -118.66827    1040.99
 34.37420 -118.66498    1063.45
 34.37420 -118.66169    1067.44
 34.37420 -118.65840    1052.56
 34.37420 -118.65511    1031.63
 34.37420 -118.65182    1021.86
 34.37420 -118.64854    1040.51
 34.37420 -118.64525    1095.42
 34.37420 -118.64196    1182.62
 34.37420 -118.63867    1279.99
 34.37420 -118.63538    1359.59
 34.37420 -118.63209    1398.05
 34.37420 -118.62880    1389.96
 34.37420 -118.62551    1342.54
 34.37420 -118.62222    1271.11
 34.37420 -118.61893    1191.26
 34.37420 -118.61565    1118.14
 34.37420 -118.61236    1062.12
 34.37420 -118.60907    1026.99
 34.37420 -118.60578    1009.27
 34.37420 -118.60249    1002.40
 34.37420 -118.59921    1000.42
 34.37420 -118.59592    1000.05
 34.37420 -118.59262    1000.00
 34.37420 -118.58933    1000.00
 34.37420 -118.58604    1000.00
 34.37420 -118.58276    1000.00
 34.37420 -118.57947    1002.49
 34.37420 -118.57618    1016.56
 34.37420 -118.57289    1061.85
 34.37420 -118.56960    1159.98
 34.37420 -118.56631    1317.98
 34.37420 -118.56303    1512.51
 34.37420 -118.55974    1699.05
 34.37420 -118.55644    1837.37
 34.37420 -118.55315    1915.09
 34.37420 -118.54987    1946.33
 34.37420 -118.54658    1954.14
 34.37420 -118.54329    1954.84
 34.37420 -118.54000    1954.65
 34.37143 -118.68800     984.40
 34.37143 -118.68472     973.96
 34.37143 -118.68143     954.37
 34.37143 -118.67814     929.56
 34.37143 -118.67485     906.43
 34.37143 -118.67156     890.90
 34.37143 -118.66827     884.46
 34.37143 -118.66498     883.27
 34.37143 -118.66169     884.67
 34.37143 -118.65840     889.47
 34.37143 -118.65511     903.84
 34.37143 -118.65182     933.28
 34.37143 -118.64854     984.99
 34.37143 -118.64525    1061.16
 34.37143 -118.64196    1157.58
 34.37143 -118.63867    1254.21
 34.37143 -118.63538    1325.98
 34.37143 -118.63209    1352.12
 34.37143 -118.62880    1330.83
 34.37143 -118.62551    1274.11
 34.37143 -118.62222    1201.77
 34.37143 -118.61893    1130.89
 34.37143 -118.61565    1073.64
 34.37143 -118.61236    1034.85
 34.37143 -118.60907    1013.36
 34.37143 -118.60578    1003.89
 34.37143 -118.60249    1000.79
 34.37143 -118.59921    1000.09
 34.37143 -118.59592    1000.01
 34.37143 -118.59262    1000.00
 34.37143 -118.58933    1000.00
 34.37143 -118.58604    1000.00
 34.37143 -118.58276    1000.00
 34.37143 -118.57947    1003.25
 34.37143 -118.57618    1020.37
 34.37143 -118.57289    1073.28
 34.37143 -118.56960    1182.85
 34.37143 -118.56631    1352.28
 34.37143 -118.56303    1551.37
 34.37143 -118.55974    1733.34
 34.37143 -118.55644    1860.24
 34.37143 -118.55315    1926.52
 34.37143 -118.54987    1950.14
 34.37143 -118.54658    1954.91
 34.37143 -118.54329    1954.84
 34.37143 -118.54000    1954.65
 34.36865 -118.68800     962.00
 34.36865 -118.68472     942.09
 34.36865 -118.68143     905.72
 34.36865 -118.67814     859.38
 34.36865 -118.67485     812.01
 34.36865 -118.67156     771.53
 34.36865 -118.66827     743.47
 34.36865 -118.66498     729.46
 34.36865 -118.66169     731.45
 34.36865 -118.65840     750.48
 34.36865 -118.65511     788.28
 34.36865 -118.65182     843.16
 34.36865 -118.64854     915.86
 34.36865 -118.64525    1004.60
 34.36865 -118.64196    1104.53
 34.36865 -118.63867    1197.28
 34.36865 -118.63538    1261.14
 34.36865 -118.63209    1278.91
 34.36865 -118.62880    1252.62
 34.36865 -118.62551    1197.39
 34.36865 -118.62222    1134.56
 34.36865 -118.61893    1079.62
 34.36865 -118.61565    1040.43
 34.36865 -118.61236    1017.08
 34.36865 -118.60907    1005.75
 34.36865 -118.60578    1001.41
 34.36865 -118.60249    1000.21
 34.36865 -118.59921    1000.01
 34.36865 -118.59592    1000.00
 34.36865 -118.59262    1000.00
 34.36865 -118.58933    1000.00
 34.36865 -118.58604    1000.00
 34.36865 -118.58276    1000.00
 34.36865 -118.57947    1003.76
 34.36865 -118.57618    1022.91
 34.36865 -118.57289    1080.90
 34.36865 -118.56960    1198.09
 34.36865 -118.56631    1375.14
 34.36865 -118.56303    1577.28
 34.36865 -118.55974    1756.20
 34.36865 -118.55644    1875.48
 34.36865 -118.55315    1934.14
 34.36865 -118.54987    1952.68
 34.36865 -118.54658    1955.41
 34.36865 -118.54329    1954.84
 34.36865 -118.54000    1954.65
 34.36588 -118.68800     923.92
 34.36588 -118.68472     893.37
 34.36588 -118.68143     840.54
 34.36588 -118.67814     777.78
 34.36588 -118.67485     717.49
 34.36588 -118.67156     667.95
 34.36588 -118.66827     634.11
 34.36588 -118.66498     617.72
 34.36588 -118.66169     621.16
 34.36588 -118.65840     645.27
 34.36588 -118.65511     690.27
 34.36588 -118.65182     752.52
 34.36588 -118.64854     830.36
 34.36588 -118.64525     920.09
 34.36588 -118.64196    1016.35
 34.36588 -118.63867    1102.86
 34.36588 -118.63538    1162.00
 34.36588 -118.63209    1180.47
 34.36588 -118.62880    1162.21
 34.36588 -118.62551    1121.56
 34.36588 -118.62222    1077.41
 34.36588 -118.61893    1041.68
 34.36588 -118.61565    1018.89
 34.36588 -118.61236    1006.98
 34.36588 -118.60907    1002.03
 34.36588 -118.60578    1000.42
 34.36588 -118.60249    1000.05
 34.36588 -118.59921    1000.00
 34.36588 -118.59592    1000.00
 34.36588 -118.59262    1000.00
 34.36588 -118.58933    1000.00
 34.36588 -118.58604    1000.00
 34.36588 -118.58276    1000.00
 34.36588 -118.57947    1004.01
 34.36588 -118.57618    1024.18
 34.36588 -118.57289    1084.71
 34.36588 -118.56960    1205.71
 34.36588 -118.56631    1386.57
 34.36588 -118.56303    1590.24
 34.36588 -118.55974    1767.64
 34.36588 -118.55644    1883.10
 34.36588 -118.55315    1937.95
 34.36588 -118.54987    1953.95
 34.36588 -118.54658    1955.67
 34.36588 -118.54329    1954.84
 34.36588 -118.54000    1954.65
 34.36311 -118.68800     870.19
 34.36311 -118.68472     831.20
 34.36311 -118.68143     767.15
 34.36311 -118.67814     697.03
 34.36311 -118.67485     636.13
 34.36311 -118.67156     591.06
 34.36311 -118.66827     563.17
 34.36311 -118.66498     551.45
 34.36311 -118.66169     556.76
 34.36311 -118.65840     579.53
 34.36311 -118.65511     619.72
 34.36311 -118.65182     674.18
 34.36311 -118.64854     741.31
 34.36311 -118.64525     818.20
 34.36311 -118.64196     901.21
 34.36311 -118.63867     978.41
 34.36311 -118.63538    1037.13
 34.36311 -118.63209    1066.70
 34.36311 -118.62880    1069.29
 34.36311 -118.62551    1053.89
 34.36311 -118.62222    1033.76
 34.36311 -118.61893    1016.99
 34.36311 -118.61565    1006.93
 34.36311 -118.61236    1002.19
 34.36311 -118.60907    1000.54
 34.36311 -118.60578    1000.09
 34.36311 -118.60249    1000.01
 34.36311 -118.59921     999.99
 34.36311 -118.59592     999.97
 34.36311 -118.59262     999.92
 34.36311 -118.58933     999.85
 34.36311 -118.58604     999.77
 34.36311 -118.58276     999.74
 34.36311 -118.57947    1003.87
 34.36311 -118.57618    1024.46
 34.36311 -118.57289    1085.90
 34.36311 -118.56960    1208.22
 34.36311 -118.56631    1390.38
 34.36311 -118.56303    1594.56
 34.36311 -118.55974    1771.45
 34.36311 -118.55644    1885.64
 34.36311 -118.55315    1939.22
 34.36311 -118.54987    1954.37
 34.36311 -118.54658    1955.75
 34.36311 -118.54329    1954.84
 34.36311 -118.54000    1954.65
 34.36033 -118.68800     803.00
 34.36033 -118.68472     761.09
 34.36033 -118.68143     695.12
 34.36033 -118.67814     628.19
 34.36033 -118.67485     576.16
 34.36033 -118.67156     542.89
 34.36033 -118.66827     526.11
 34.36033 -118.66498     522.76
 34.36033 -118.66169     532.63
 34.36033 -118.65840     555.41
 34.36033 -118.65511     589.36
 34.36033 -118.65182     630.20
 34.36033 -118.64854     675.99
 34.36033 -118.64525     726.86
 34.36033 -118.64196     784.90
 34.36033 -118.63867     846.48
 34.36033 -118.63538     904.92
 34.36033 -118.63209     950.65
 34.36033 -118.62880     980.47
 34.36033 -118.62551     995.00
 34.36033 -118.62222    1000.22
 34.36033 -118.61893    1000.78
 34.36033 -118.61565    1000.45
 34.36033 -118.61236    1000.11
 34.36033 -118.60907    1000.04
 34.36033 -118.60578    1000.01
 34.36033 -118.60249     999.99
 34.36033 -118.59921     999.95
 34.36033 -118.59592     999.80
 34.36033 -118.59262     999.47
 34.36033 -118.58933     999.02
 34.36033 -118.58604     998.62
 34.36033 -118.58276     998.50
 34.36033 -118.57947    1002.84
 34.36033 -118.57618    1023.86
 34.36033 -118.57289    1085.83
 34.36033 -118.56960    1208.63
 34.36033 -118.56631    1391.12
 34.36033 -118.56303    1595.42
 34.36033 -118.55974    1772.21
 34.36033 -118.55644    1886.15
 34.36033 -118.55315    1939.48
 34.36033 -118.54987    1954.45
 34.36033 -118.54658    1955.77
 34.36033 -118.54329    1954.84
 34.36033 -118.54000    1954.65
 34.35756 -118.68800     728.91
 34.35756 -118.68472     690.80
 34.35756 -118.68143     632.75
 34.35756 -118.67814     577.51
 34.35756 -118.67485     539.02
 34.35756 -118.67156     519.12
 34.35756 -118.66827     514.63
 34.35756 -118.66498     523.16
 34.35756 -118.66169     544.72
 34.35756 -118.65840     577.00
 34.35756 -118.65511     613.28
 34.35756 -118.65182     643.96
 34.35756 -118.64854     664.60
 34.35756 -118.64525     679.54
 34.35756 -118.64196     700.56
 34.35756 -118.63867     736.00
 34.35756 -118.63538     786.69
 34.35756 -118.63209     843.67
 34.35756 -118.62880     897.46
 34.35756 -118.62551     939.88
 34.35756 -118.62222     969.28
 34.35756 -118.61893     986.51
 34.35756 -118.61565     995.29
 34.35756 -118.61236     998.77
 34.35756 -118.60907     999.83
 34.35756 -118.60578    1000.00
 34.35756 -118.60249     999.97
 34.35756 -118.59921     999.77
 34.35756 -118.59592     999.17
 34.35756 -118.59262     997.97
 34.35756 -118.58933     996.39
 34.35756 -118.58604     995.08
 34.35756 -118.58276     994.81
 34.35756 -118.57947     999.83
 34.35756 -118.57618    1021.98
 34.35756 -118.57289    1084.95
 34.35756 -118.56960    1208.35
 34.35756 -118.56631    1391.07
 34.35756 -118.56303    1595.42
 34.35756 -118.55974    1772.21
 34.35756 -118.55644    1886.15
 34.35756 -118.55315    1939.48
 34.35756 -118.54987    1954.45
 34.35756 -118.54658    1955.77
 34.35756 -118.54329    1954.84
 34.35756 -118.54000    1954.65
 34.35478 -118.68800     655.24
 34.35478 -118.68472     626.10
 34.35478 -118.68143     582.80
 34.35478 -118.67814     543.70
 34.35478 -118.67485     519.57
 34.35478 -118.67156     512.19
 34.35478 -118.66827     521.02
 34.35478 -118.66498     546.79
 34.35478 -118.66169     590.17
 34.35478 -118.65840     644.63
 34.35478 -118.65511     695.28
 34.35478 -118.65182     723.51
 34.35478 -118.64854     720.57
 34.35478 -118.64525     694.78
 34.35478 -118.64196     669.45
 34.35478 -118.63867     666.61
 34.35478 -118.63538     696.18
 34.35478 -118.63209     751.40
 34.35478 -118.62880     818.50
 34.35478 -118.62551     882.48
 34.35478 -118.62222     934.13
 34.35478 -118.61893     968.99
 34.35478 -118.61565     988.48
 34.35478 -118.61236     996.91
 34.35478 -118.60907     999.53
 34.35478 -118.60578     999.99
 34.35478 -118.60249     999.87
 34.35478 -118.59921     999.25
 34.35478 -118.59592     997.52
 34.35478 -118.59262     994.36
 34.35478 -118.58933     990.49
 34.35478 -118.58604     987.64
 34.35478 -118.58276     987.44
 34.35478 -118.57947     994.11
 34.35478 -118.57618    1018.58
 34.35478 -118.57289    1083.45
 34.35478 -118.56960    1207.90
 34.35478 -118.56631    1390.99
 34.35478 -118.56303    1595.42
 34.35478 -118.55974    1772.21
 34.35478 -118.55644    1886.15
 34.35478 -118.55315    1939.48
 34.35478 -118.54987    1954.45
 34.35478 -118.54658    1955.77
 34.35478 -118.54329    1954.84
 34.35478 -118.54000    1954.65
 34.35201 -118.68800     591.92
 34.35201 -118.68472     573.40
 34.35201 -118.68143     546.45
 34.35201 -118.67814     523.53
 34.35201 -118.67485     512.79
 34.35201 -118.67156     518.12
 34.35201 -118.66827     543.71
 34.35201 -118.66498     593.61
 34.35201 -118.66169     667.40
 34.35201 -118.65840     751.91
 34.35201 -118.65511     822.97
 34.35201 -118.65182     852.85
 34.35201 -118.64854     829.11
 34.35201 -118.64525     763.22
 34.35201 -118.64196     688.82
 34.35201 -118.63867     640.26
 34.35201 -118.63538     637.05
 34.35201 -118.63209     676.57
 34.35201 -118.62880     744.23
 34.35201 -118.62551     821.11
 34.35201 -118.62222     891.49
 34.35201 -118.61893     944.48
 34.35201 -118.61565     976.94
 34.35201 -118.61236     992.53
 34.35201 -118.60907     998.12
 34.35201 -118.60578     999.55
 34.35201 -118.60249     999.42
 34.35201 -118.59921     997.88
 34.35201 -118.59592     993.91
 34.35201 -118.59262     987.34
 34.35201 -118.58933     979.97
 34.35201 -118.58604     975.30
 34.35201 -118.58276     976.01
 34.35201 -118.57947     985.82
 34.35201 -118.57618    1013.93
 34.35201 -118.57289    1081.54
 34.35201 -118.56960    1207.37
 34.35201 -118.56631    1390.92
 34.35201 -118.56303    1595.42
 34.35201 -118.55974    1772.21
 34.35201 -118.55644    1886.15
 34.35201 -118.55315    1939.48
 34.35201 -118.54987    1954.47
 34.35201 -118.54658    1955.80
 34.35201 -118.54329    1954.89
 34.35201 -118.54000    1954.72
 34.34924 -118.68800     545.27
 34.34924 -118.68472     535.83
 34.34924 -118.68143     522.71
 34.34924 -118.67814     513.75
 34.34924 -118.67485     516.24
 34.34924 -118.67156     537.28
 34.34924 -118.66827     585.00
 34.34924 -118.66498     663.92
 34.34924 -118.66169     769.43
 34.34924 -118.65840     880.92
 34.34924 -118.65511     967.40
 34.34924 -118.65182     996.17
 34.34924 -118.64854     953.65
 34.34924 -118.64525     853.29
 34.34924 -118.64196     735.48
 34.34924 -118.63867     643.01
 34.34924 -118.63538     603.53
 34.34924 -118.63209     619.12
 34.34924 -118.62880     676.77
 34.34924 -118.62551     756.46
 34.34924 -118.62222     838.59
 34.34924 -118.61893     906.94
 34.34924 -118.61565     953.21
 34.34924 -118.61236     978.57
 34.34924 -118.60907     989.77
 34.34924 -118.60578     993.83
 34.34924 -118.60249     994.27
 34.34924 -118.59921     991.52
 34.34924 -118.59592     984.50
 34.34924 -118.59262     973.83
 34.34924 -118.58933     963.09
 34.34924 -118.58604     957.95
 34.34924 -118.58276     961.59
 34.34924 -118.57947     976.42
 34.34924 -118.57618    1009.25
 34.34924 -118.57289    1079.89
 34.34924 -118.56960    1207.00
 34.34924 -118.56631    1390.89
 34.34924 -118.56303    1595.42
 34.34924 -118.55974    1772.21
 34.34924 -118.55644    1886.15
 34.34924 -118.55315    1939.52
 34.34924 -118.54987    1954.57
 34.34924 -118.54658    1956.02
 34.34924 -118.54329    1955.23
 34.34924 -118.54000    1955.15
 34.34646 -118.68800     517.72
 34.34646 -118.68472     514.27
 34.34646 -118.68143     510.88
 34.34646 -118.67814     513.82
 34.34646 -118.67485     531.54
 34.34646 -118.67156     573.75
 34.34646 -118.66827     648.75
 34.34646 -118.66498     756.74
 34.34646 -118.66169     886.06
 34.34646 -118.65840    1010.62
 34.34646 -118.65511    1098.19
 34.34646 -118.65182    1117.58
 34.34646 -118.64854    1057.13
 34.34646 -118.64525     931.03
 34.34646 -118.64196     781.92
 34.34646 -118.63867     656.16
 34.34646 -118.63538     586.00
 34.34646 -118.63209     576.29
 34.34646 -118.62880     615.87
 34.34646 -118.62551     685.90
 34.34646 -118.62222     767.48
 34.34646 -118.61893     843.16
 34.34646 -118.61565     901.34
 34.34646 -118.61236     938.97
 34.34646 -118.60907     959.74
 34.34646 -118.60578     969.49
 34.34646 -118.60249     972.19
 34.34646 -118.59921     969.09
 34.34646 -118.59592     960.09
 34.34646 -118.59262     947.34
 34.34646 -118.58933     936.45
 34.34646 -118.58604     934.80
 34.34646 -118.58276     944.92
 34.34646 -118.57947     967.03
 34.34646 -118.57618    1005.31
 34.34646 -118.57289    1078.85
 34.34646 -118.56960    1206.88
 34.34646 -118.56631    1390.92
 34.34646 -118.56303    1595.42
 34.34646 -118.55974    1772.21
 34.34646 -118.55644    1886.19
 34.34646 -118.55315    1939.64
 34.34646 -118.54987    1954.92
 34.34646 -118.54658    1956.73
 34.34646 -118.54329    1956.35
 34.34646 -118.54000    1956.54
 34.34369 -118.68800     505.05
 34.34369 -118.68472     505.19
 34.34369 -118.68143     509.05
 34.34369 -118.67814     524.25
 34.34369 -118.67485     561.33
 34.34369 -118.67156     630.26
 34.34369 -118.66827     734.29
 34.34369 -118.66498     865.11
 34.34369 -118.66169    1003.53
 34.34369 -118.65840    1122.67
 34.34369 -118.65511    1195.39
 34.34369 -118.65182    1197.23
 34.34369 -118.64854    1119.86
 34.34369 -118.64525     977.02
 34.34369 -118.64196     810.00
 34.34369 -118.63867     664.53
 34.34369 -118.63538     573.06
 34.34369 -118.63209     540.02
 34.34369 -118.62880     554.87
 34.34369 -118.62551     601.78
 34.34369 -118.62222     667.38
 34.34369 -118.61893     738.21
 34.34369 -118.61565     802.44
 34.34369 -118.61236     851.90
 34.34369 -118.60907     884.54
 34.34369 -118.60578     902.48
 34.34369 -118.60249     909.80
 34.34369 -118.59921     909.47
 34.34369 -118.59592     903.55
 34.34369 -118.59262     895.86
 34.34369 -118.58933     893.11
 34.34369 -118.58604     902.61
 34.34369 -118.58276     924.83
 34.34369 -118.57947     957.26
 34.34369 -118.57618    1001.95
 34.34369 -118.57289    1078.32
 34.34369 -118.56960    1206.97
 34.34369 -118.56631    1390.99
 34.34369 -118.56303    1595.42
 34.34369 -118.55974    1772.23
 34.34369 -118.55644    1886.28
 34.34369 -118.55315    1939.98
 34.34369 -118.54987    1955.77
 34.34369 -118.54658    1958.38
 34.34369 -118.54329    1958.88
 34.34369 -118.54000    1959.65
 34.34091 -118.68800     501.63
 34.34091 -118.68472     504.82
 34.34091 -118.68143     516.50
 34.34091 -118.67814     547.11
 34.34091 -118.67485     608.27
 34.34091 -118.67156     706.50
 34.34091 -118.66827     835.86
 34.34091 -118.66498     978.32
 34.34091 -118.66169    1110.04
 34.34091 -118.65840    1208.56
 34.34091 -118.65511    1255.62
 34.34091 -118.65182    1235.13
 34.34091 -118.64854    1141.82
 34.34091 -118.64525     988.68
 34.34091 -118.64196     813.89
 34.34091 -118.63867     659.77
 34.34091 -118.63538     554.84
 34.34091 -118.63209     500.26
 34.34091 -118.62880     485.22
 34.34091 -118.62551     498.27
 34.34091 -118.62222     534.60
 34.34091 -118.61893     588.16
 34.34091 -118.61565     649.46
 34.34091 -118.61236     705.68
 34.34091 -118.60907     747.99
 34.34091 -118.60578     773.68
 34.34091 -118.60249     787.02
 34.34091 -118.59921     793.70
 34.34091 -118.59592     798.80
 34.34091 -118.59262     807.00
 34.34091 -118.58933     824.03
 34.34091 -118.58604     854.73
 34.34091 -118.58276     896.31
 34.34091 -118.57947     943.44
 34.34091 -118.57618     996.81
 34.34091 -118.57289    1076.80
 34.34091 -118.56960    1206.07
 34.34091 -118.56631    1389.75
 34.34091 -118.56303    1593.96
 34.34091 -118.55974    1770.98
 34.34091 -118.55644    1885.64
 34.34091 -118.55315    1940.25
 34.34091 -118.54987    1957.24
 34.34091 -118.54658    1961.29
 34.34091 -118.54329    1963.21
 34.34091 -118.54000    1964.89
 34.33814 -118.68800     502.83
 34.33814 -118.68472     510.75
 34.33814 -118.68143     534.01
 34.33814 -118.67814     584.95
 34.33814 -118.67485     673.16
 34.33814 -118.67156     797.86
 34.33814 -118.66827     942.78
 34.33814 -118.66498    1083.20
 34.33814 -118.66169    1195.90
 34.33814 -118.65840    1266.27
 34.33814 -118.65511    1284.64
 34.33814 -118.65182    1241.23
 34.33814 -118.64854    1132.71
 34.33814 -118.64525     972.27
 34.33814 -118.64196     795.01
 34.33814 -118.63867     638.30
 34.33814 -118.63538     524.04
 34.33814 -118.63209     449.38
 34.33814 -118.62880     403.67
 34.33814 -118.62551     380.66
 34.33814 -118.62222     383.35
 34.33814 -118.61893     412.41
 34.33814 -118.61565     460.90
 34.33814 -118.61236     513.31
 34.33814 -118.60907     556.13
 34.33814 -118.60578     583.34
 34.33814 -118.60249     600.31
 34.33814 -118.59921     616.14
 34.33814 -118.59592     638.98
 34.33814 -118.59262     672.99
 34.33814 -118.58933     720.60
 34.33814 -118.58604     782.02
 34.33814 -118.58276     850.48
 34.33814 -118.57947     917.91
 34.33814 -118.57618     983.83
 34.33814 -118.57289    1069.32
 34.33814 -118.56960    1199.22
 34.33814 -118.56631    1381.55
 34.33814 -118.56303    1584.97
 34.33814 -118.55974    1762.98
 34.33814 -118.55644    1880.33
 34.33814 -118.55315    1938.30
 34.33814 -118.54987    1958.51
 34.33814 -118.54658    1965.18
 34.33814 -118.54329    1969.06
 34.33814 -118.54000    1971.83
 34.33536 -118.68800     508.15
 34.33536 -118.68472     524.04
 34.33536 -118.68143     564.28
 34.33536 -118.67814     640.12
 34.33536 -118.67485     754.85
 34.33536 -118.67156     897.94
 34.33536 -118.66827    1045.07
 34.33536 -118.66498    1170.78
 34.33536 -118.66169    1257.70
 34.33536 -118.65840    1299.42
 34.33536 -118.65511    1291.22
 34.33536 -118.65182    1226.14
 34.33536 -118.64854    1102.28
 34.33536 -118.64525     934.90
 34.33536 -118.64196     756.80
 34.33536 -118.63867     599.84
 34.33536 -118.63538     478.30
 34.33536 -118.63209     386.60
 34.33536 -118.62880     315.81
 34.33536 -118.62551     264.69
 34.33536 -118.62222     240.27
 34.33536 -118.61893     245.83
 34.33536 -118.61565     275.23
 34.33536 -118.61236     312.62
 34.33536 -118.60907     343.42
 34.33536 -118.60578     361.60
 34.33536 -118.60249     374.84
 34.33536 -118.59921     396.16
 34.33536 -118.59592     436.46
 34.33536 -118.59262     498.58
 34.33536 -118.58933     580.29
 34.33536 -118.58604     676.28
 34.33536 -118.58276     775.76
 34.33536 -118.57947     867.98
 34.33536 -118.57618     950.68
 34.33536 -118.57289    1043.93
 34.33536 -118.56960    1173.99
 34.33536 -118.56631    1352.68
 34.33536 -118.56303    1554.22
 34.33536 -118.55974    1735.36
 34.33536 -118.55644    1860.92
 34.33536 -118.55315    1928.63
 34.33536 -118.54987    1957.05
 34.33536 -118.54658    1968.88
 34.33536 -118.54329    1975.48
 34.33536 -118.54000    1979.33
 34.33259 -118.68800     521.38
 34.33259 -118.68472     549.05
 34.33259 -118.68143     611.18
 34.33259 -118.67814     713.47
 34.33259 -118.67485     849.38
 34.33259 -118.67156     998.95
 34.33259 -118.66827    1134.88
 34.33259 -118.66498    1237.01
 34.33259 -118.66169    1296.61
 34.33259 -118.65840    1312.98
 34.33259 -118.65511    1281.95
 34.33259 -118.65182    1196.58
 34.33259 -118.64854    1056.99
 34.33259 -118.64525     882.01
 34.33259 -118.64196     702.96
 34.33259 -118.63867     546.17
 34.33259 -118.63538     419.36
 34.33259 -118.63209     316.54
 34.33259 -118.62880     231.92
 34.33259 -118.62551     167.63
 34.33259 -118.62222     129.74
 34.33259 -118.61893     119.06
 34.33259 -118.61565     127.71
 34.33259 -118.61236     141.15
 34.33259 -118.60907     147.52
 34.33259 -118.60578     144.43
 34.33259 -118.60249     143.43
 34.33259 -118.59921     161.71
 34.33259 -118.59592     212.41
 34.33259 -118.59262     296.89
 34.33259 -118.58933     407.95
 34.33259 -118.58604     534.57
 34.33259 -118.58276     662.40
 34.33259 -118.57947     778.64
 34.33259 -118.57618     879.24
 34.33259 -118.57289     981.25
 34.33259 -118.56960    1110.62
 34.33259 -118.56631    1282.99
 34.33259 -118.56303    1481.78
 34.33259 -118.55974    1670.20
 34.33259 -118.55644    1813.66
 34.33259 -118.55315    1902.55
 34.33259 -118.54987    1948.40
 34.33259 -118.54658    1970.25
 34.33259 -118.54329    1981.09
 34.33259 -118.54000    1986.08
 34.32981 -118.68800     550.13
 34.32981 -118.68472     592.36
 34.32981 -118.68143     678.20
 34.32981 -118.67814     803.35
 34.32981 -118.67485     950.39
 34.32981 -118.67156    1093.49
 34.32981 -118.66827    1208.22
 34.32981 -118.66498    1283.34
 34.32981 -118.66169    1318.03
 34.32981 -118.65840    1313.20
 34.32981 -118.65511    1262.09
 34.32981 -118.65182    1156.80
 34.32981 -118.64854    1000.80
 34.32981 -118.64525     817.16
 34.32981 -118.64196     636.43
 34.32981 -118.63867     480.14
 34.32981 -118.63538     351.67
 34.32981 -118.63209     246.10
 34.32981 -118.62880     160.56
 34.32981 -118.62551      97.79
 34.32981 -118.62222      59.34
 34.32981 -118.61893      40.39
 34.32981 -118.61565      29.81
 34.32981 -118.61236      15.02
 34.32981 -118.60907     -10.94
 34.32981 -118.60578     -44.13
 34.32981 -118.60249     -67.92
 34.32981 -118.59921     -61.11
 34.32981 -118.59592      -9.10
 34.32981 -118.59262      87.98
 34.32981 -118.58933     218.09
 34.32981 -118.58604     364.67
 34.32981 -118.58276     510.51
 34.32981 -118.57947     642.31
 34.32981 -118.57618     755.79
 34.32981 -118.57289     864.13
 34.32981 -118.56960     991.11
 34.32981 -118.56631    1155.21
 34.32981 -118.56303    1351.80
 34.32981 -118.55974    1553.51
 34.32981 -118.55644    1727.01
 34.32981 -118.55315    1851.48
 34.32981 -118.54987    1926.88
 34.32981 -118.54658    1965.92
 34.32981 -118.54329    1983.94
 34.32981 -118.54000    1990.77
 34.32704 -118.68800     604.30
 34.32704 -118.68472     661.18
 34.32704 -118.68143     767.36
 34.32704 -118.67814     905.86
 34.32704 -118.67485    1050.47
 34.32704 -118.67156    1175.17
 34.32704 -118.66827    1263.37
 34.32704 -118.66498    1312.87
 34.32704 -118.66169    1327.21
 34.32704 -118.65840    1304.76
 34.32704 -118.65511    1234.81
 34.32704 -118.65182    1108.98
 34.32704 -118.64854     935.56
 34.32704 -118.64525     741.91
 34.32704 -118.64196     558.81
 34.32704 -118.63867     404.29
 34.32704 -118.63538     279.59
 34.32704 -118.63209     180.47
 34.32704 -118.62880     104.91
 34.32704 -118.62551      53.29
 34.32704 -118.62222      21.26
 34.32704 -118.61893      -2.16
 34.32704 -118.61565     -31.20
 34.32704 -118.61236     -76.30
 34.32704 -118.60907    -137.94
 34.32704 -118.60578    -204.21
 34.32704 -118.60249    -252.95
 34.32704 -118.59921    -260.35
 34.32704 -118.59592    -211.90
 34.32704 -118.59262    -109.61
 34.32704 -118.58933      29.99
 34.32704 -118.58604     184.82
 34.32704 -118.58276     335.05
 34.32704 -118.57947     468.56
 34.32704 -118.57618     583.74
 34.32704 -118.57289     691.50
 34.32704 -118.56960     812.95
 34.32704 -118.56631     967.94
 34.32704 -118.56303    1163.91
 34.32704 -118.55974    1384.01
 34.32704 -118.55644    1596.76
 34.32704 -118.55315    1768.23
 34.32704 -118.54987    1883.79
 34.32704 -118.54658    1947.40
 34.32704 -118.54329    1976.49
 34.32704 -118.54000    1986.54
 34.32426 -118.68800     690.07
 34.32426 -118.68472     757.61
 34.32426 -118.68143     874.97
 34.32426 -118.67814    1013.19
 34.32426 -118.67485    1141.84
 34.32426 -118.67156    1240.11
 34.32426 -118.66827    1301.30
 34.32426 -118.66498    1329.58
 34.32426 -118.66169    1328.34
 34.32426 -118.65840    1290.49
 34.32426 -118.65511    1201.45
 34.32426 -118.65182    1053.60
 34.32426 -118.64854     861.26
 34.32426 -118.64525     656.41
 34.32426 -118.64196     471.40
 34.32426 -118.63867     321.95
 34.32426 -118.63538     207.77
 34.32426 -118.63209     123.13
 34.32426 -118.62880      64.07
 34.32426 -118.62551      26.64
 34.32426 -118.62222       1.38
 34.32426 -118.61893     -27.34
 34.32426 -118.61565     -75.37
 34.32426 -118.61236    -150.31
 34.32426 -118.60907    -245.15
 34.32426 -118.60578    -339.96
 34.32426 -118.60249    -408.15
 34.32426 -118.59921    -426.19
 34.32426 -118.59592    -381.60
 34.32426 -118.59262    -278.35
 34.32426 -118.58933    -135.90
 34.32426 -118.58604      18.92
 34.32426 -118.58276     163.39
 34.32426 -118.57947     286.50
 34.32426 -118.57618     390.80
 34.32426 -118.57289     487.59
 34.32426 -118.56960     597.17
 34.32426 -118.56631     740.57
 34.32426 -118.56303     935.12
 34.32426 -118.55974    1173.09
 34.32426 -118.55644    1424.78
 34.32426 -118.55315    1644.49
 34.32426 -118.54987    1803.29
 34.32426 -118.54658    1895.36
 34.32426 -118.54329    1938.57
 34.32426 -118.54000    1953.37
 34.32149 -118.68800     806.51
 34.32149 -118.68472     876.71
 34.32149 -118.68143     991.73
 34.32149 -118.67814    1115.34
 34.32149 -118.67485    1218.13
 34.32149 -118.67156    1287.31
 34.32149 -118.66827    1324.75
 34.32149 -118.66498    1336.87
 34.32149 -118.66169    1323.08
 34.32149 -118.65840    1269.71
 34.32149 -118.65511    1159.49
 34.32149 -118.65182     987.61
 34.32149 -118.64854     775.60
 34.32149 -118.64525     560.76
 34.32149 -118.64196     377.24
 34.32149 -118.63867     238.48
 34.32149 -118.63538     141.35
 34.32149 -118.63209      76.26
 34.32149 -118.62880      35.41
 34.32149 -118.62551      10.39
 34.32149 -118.62222     -11.73
 34.32149 -118.61893     -49.01
 34.32149 -118.61565    -116.86
 34.32149 -118.61236    -218.56
 34.32149 -118.60907    -339.21
 34.32149 -118.60578    -452.32
 34.32149 -118.60249    -529.90
 34.32149 -118.59921    -552.25
 34.32149 -118.59592    -510.38
 34.32149 -118.59262    -409.12
 34.32149 -118.58933    -267.77
 34.32149 -118.58604    -115.90
 34.32149 -118.58276      20.22
 34.32149 -118.57947     128.22
 34.32149 -118.57618     213.34
 34.32149 -118.57289     289.36
 34.32149 -118.56960     378.48
 34.32149 -118.56631     504.17
 34.32149 -118.56303     690.47
 34.32149 -118.55974     936.02
 34.32149 -118.55644    1212.87
 34.32149 -118.55315    1467.91
 34.32149 -118.54987    1661.13
 34.32149 -118.54658    1777.41
 34.32149 -118.54329    1832.99
 34.32149 -118.54000    1851.85
 34.31872 -118.68800     941.00
 34.31872 -118.68472    1004.23
 34.31872 -118.68143    1103.14
 34.31872 -118.67814    1201.41
 34.31872 -118.67485    1274.81
 34.31872 -118.67156    1317.97
 34.31872 -118.66827    1337.31
 34.31872 -118.66498    1337.36
 34.31872 -118.66169    1311.21
 34.31872 -118.65840    1239.40
 34.31872 -118.65511    1104.20
 34.31872 -118.65182     906.80
 34.31872 -118.64854     677.09
 34.31872 -118.64525     457.79
 34.31872 -118.64196     282.94
 34.31872 -118.63867     161.83
 34.31872 -118.63538      86.22
 34.31872 -118.63209      41.66
 34.31872 -118.62880      16.50
 34.31872 -118.62551      -0.74
 34.31872 -118.62222     -24.84
 34.31872 -118.61893     -74.08
 34.31872 -118.61565    -161.09
 34.31872 -118.61236    -283.17
 34.31872 -118.60907    -418.36
 34.31872 -118.60578    -536.86
 34.31872 -118.60249    -613.46
 34.31872 -118.59921    -634.98
 34.31872 -118.59592    -596.25
 34.31872 -118.59262    -500.87
 34.31872 -118.58933    -364.29
 34.31872 -118.58604    -215.68
 34.31872 -118.58276     -84.94
 34.31872 -118.57947      10.90
 34.31872 -118.57618      75.85
 34.31872 -118.57289     125.89
 34.31872 -118.56960     186.94
 34.31872 -118.56631     286.32
 34.31872 -118.56303     451.73
 34.31872 -118.55974     685.81
 34.31872 -118.55644     962.85
 34.31872 -118.55315    1228.25
 34.31872 -118.54987    1435.92
 34.31872 -118.54658    1563.49
 34.31872 -118.54329    1623.98
 34.31872 -118.54000    1643.45
 34.31594 -118.68800    1075.34
 34.31594 -118.68472    1123.83
 34.31594 -118.68143    1197.10
 34.31594 -118.67814    1265.41
 34.31594 -118.67485    1311.74
 34.31594 -118.67156    1335.31
 34.31594 -118.66827    1342.30
 34.31594 -118.66498    1332.27
 34.31594 -118.66169    1291.15
 34.31594 -118.65840    1195.78
 34.31594 -118.65511    1031.33
 34.31594 -118.65182     808.83
 34.31594 -118.64854     567.40
 34.31594 -118.64525     353.48
 34.31594 -118.64196     196.73
 34.31594 -118.63867      99.24
 34.31594 -118.63538      46.12
 34.31594 -118.63209      19.17
 34.31594 -118.62880       4.49
 34.31594 -118.62551     -10.86
 34.31594 -118.62222     -42.35
 34.31594 -118.61893    -106.57
 34.31594 -118.61565    -211.04
 34.31594 -118.61236    -345.73
 34.31594 -118.60907    -483.66
 34.31594 -118.60578    -595.89
 34.31594 -118.60249    -663.80
 34.31594 -118.59921    -681.83
 34.31594 -118.59592    -647.94
 34.31594 -118.59262    -562.52
 34.31594 -118.58933    -434.70
 34.31594 -118.58604    -290.32
 34.31594 -118.58276    -162.02
 34.31594 -118.57947     -73.08
 34.31594 -118.57618     -24.15
 34.31594 -118.57289       1.45
 34.31594 -118.56960      32.72
 34.31594 -118.56631     100.35
 34.31594 -118.56303     232.84
 34.31594 -118.55974     435.32
 34.31594 -118.55644     685.56
 34.31594 -118.55315     932.86
 34.31594 -118.54987    1130.15
 34.31594 -118.54658    1250.86
 34.31594 -118.54329    1304.76
 34.31594 -118.54000    1319.40
 34.31317 -118.68800    1189.14
 34.31317 -118.68472    1220.23
 34.31317 -118.68143    1266.06
 34.31317 -118.67814    1306.79
 34.31317 -118.67485    1332.28
 34.31317 -118.67156    1343.13
 34.31317 -118.66827    1341.72
 34.31317 -118.66498    1320.95
 34.31317 -118.66169    1260.31
 34.31317 -118.65840    1136.07
 34.31317 -118.65511     940.49
 34.31317 -118.65182     697.34
 34.31317 -118.64854     454.09
 34.31317 -118.64525     256.84
 34.31317 -118.64196     126.09
 34.31317 -118.63867      54.53
 34.31317 -118.63538      21.22
 34.31317 -118.63209       6.56
 34.31317 -118.62880      -3.74
 34.31317 -118.62551     -23.13
 34.31317 -118.62222     -67.03
 34.31317 -118.61893    -148.51
 34.31317 -118.61565    -267.90
 34.31317 -118.61236    -407.64
 34.31317 -118.60907    -538.60
 34.31317 -118.60578    -636.50
 34.31317 -118.60249    -691.56
 34.31317 -118.59921    -705.19
 34.31317 -118.59592    -677.44
 34.31317 -118.59262    -604.80
 34.31317 -118.58933    -489.87
 34.31317 -118.58604    -353.31
 34.31317 -118.58276    -228.60
 34.31317 -118.57947    -143.98
 34.31317 -118.57618    -105.73
 34.31317 -118.57289     -97.97
 34.31317 -118.56960     -90.97
 34.31317 -118.56631     -53.14
 34.31317 -118.56303      41.99
 34.31317 -118.55974     200.84
 34.31317 -118.55644     405.79
 34.31317 -118.55315     613.90
 34.31317 -118.54987     781.65
 34.31317 -118.54658     881.92
 34.31317 -118.54329     921.92
 34.31317 -118.54000     929.03
 34.31039 -118.68800    1270.88
 34.31039 -118.68472    1286.98
 34.31039 -118.68143    1310.31
 34.31039 -118.67814    1330.34
 34.31039 -118.67485    1341.96
 34.31039 -118.67156    1344.76
 34.31039 -118.66827    1335.61
 34.31039 -118.66498    1300.58
 34.31039 -118.66169    1215.07
 34.31039 -118.65840    1058.72
 34.31039 -118.65511     834.85
 34.31039 -118.65182     580.22
 34.31039 -118.64854     347.11
 34.31039 -118.64525     175.76
 34.31039 -118.64196      74.45
 34.31039 -118.63867      26.64
 34.31039 -118.63538       8.02
 34.31039 -118.63209      -0.15
 34.31039 -118.62880     -11.64
 34.31039 -118.62551     -40.34
 34.31039 -118.62222    -100.81
 34.31039 -118.61893    -200.68
 34.31039 -118.61565    -331.73
 34.31039 -118.61236    -469.93
 34.31039 -118.60907    -587.22
 34.31039 -118.60578    -666.77
 34.31039 -118.60249    -707.82
 34.31039 -118.59921    -717.00
 34.31039 -118.59592    -695.37
 34.31039 -118.59262    -636.18
 34.31039 -118.58933    -537.14
 34.31039 -118.58604    -413.47
 34.31039 -118.58276    -297.30
 34.31039 -118.57947    -218.45
 34.31039 -118.57618    -187.07
 34.31039 -118.57289    -188.77
 34.31039 -118.56960    -195.80
 34.31039 -118.56631    -178.92
 34.31039 -118.56303    -115.81
 34.31039 -118.55974       0.22
 34.31039 -118.55644     156.47
 34.31039 -118.55315     319.17
 34.31039 -118.54987     451.13
 34.31039 -118.54658     527.65
 34.31039 -118.54329     554.02
 34.31039 -118.54000     555.18
 34.30762 -118.68800    1318.29
 34.30762 -118.68472    1324.76
 34.30762 -118.68143    1334.04
 34.30762 -118.67814    1341.72
 34.30762 -118.67485    1345.14
 34.30762 -118.67156    1341.32
 34.30762 -118.66827    1321.24
 34.30762 -118.66498    1265.46
 34.30762 -118.66169    1149.43
 34.30762 -118.65840     961.02
 34.30762 -118.65511     717.32
 34.30762 -118.65182     464.66
 34.30762 -118.64854     253.96
 34.30762 -118.64525     114.09
 34.30762 -118.64196      40.91
 34.30762 -118.63867      11.58
 34.30762 -118.63538       1.95
 34.30762 -118.63209      -4.59
 34.30762 -118.62880     -21.56
 34.30762 -118.62551     -63.42
 34.30762 -118.62222    -142.66
 34.30762 -118.61893    -259.81
 34.30762 -118.61565    -397.98
 34.30762 -118.61236    -529.07
 34.30762 -118.60907    -629.06
 34.30762 -118.60578    -689.82
 34.30762 -118.60249    -718.06
 34.30762 -118.59921    -723.25
 34.30762 -118.59592    -706.48
 34.30762 -118.59262    -659.31
 34.30762 -118.58933    -576.96
 34.30762 -118.58604    -470.34
 34.30762 -118.58276    -368.16
 34.30762 -118.57947    -298.22
 34.30762 -118.57618    -271.57
 34.30762 -118.57289    -275.65
 34.30762 -118.56960    -286.73
 34.30762 -118.56631    -280.33
 34.30762 -118.56303    -238.97
 34.30762 -118.55974    -156.03
 34.30762 -118.55644     -39.48
 34.30762 -118.55315      85.76
 34.30762 -118.54987     189.59
 34.30762 -118.54658     250.69
 34.30762 -118.54329     271.79
 34.30762 -118.54000     272.62
 34.30485 -118.68800    1340.06
 34.30485 -118.68472    1341.87
 34.30485 -118.68143    1344.43
 34.30485 -118.67814    1346.02
 34.30485 -118.67485    1343.91
 34.30485 -118.67156    1331.19
 34.30485 -118.66827    1293.39
 34.30485 -118.66498    1208.39
 34.30485 -118.66169    1057.45
 34.30485 -118.65840     841.37
 34.30485 -118.65511     590.87
 34.30485 -118.65182     355.39
 34.30485 -118.64854     177.25
 34.30485 -118.64525      70.51
 34.30485 -118.64196      21.21
 34.30485 -118.63867       4.45
 34.30485 -118.63538      -0.91
 34.30485 -118.63209      -9.32
 34.30485 -118.62880     -34.80
 34.30485 -118.62551     -92.16
 34.30485 -118.62222    -190.30
 34.30485 -118.61893    -321.54
 34.30485 -118.61565    -461.57
 34.30485 -118.61236    -581.15
 34.30485 -118.60907    -662.74
 34.30485 -118.60578    -706.56
 34.30485 -118.60249    -724.36
 34.30485 -118.59921    -726.14
 34.30485 -118.59592    -712.14
 34.30485 -118.59262    -673.77
 34.30485 -118.58933    -606.11
 34.30485 -118.58604    -517.55
 34.30485 -118.58276    -432.21
 34.30485 -118.57947    -373.26
 34.30485 -118.57618    -350.14
 34.30485 -118.57289    -352.32
 34.30485 -118.56960    -361.14
 34.30485 -118.56631    -357.77
 34.30485 -118.56303    -328.76
 34.30485 -118.55974    -267.09
 34.30485 -118.55644    -176.27
 34.30485 -118.55315     -73.87
 34.30485 -118.54987      15.64
 34.30485 -118.54658      73.22
 34.30485 -118.54329      98.04
 34.30485 -118.54000     103.46
 34.30207 -118.68800    1346.96
 34.30207 -118.68472    1347.26
 34.30207 -118.68143    1347.55
 34.30207 -118.67814    1346.20
 34.30207 -118.67485    1338.18
 34.30207 -118.67156    1311.40
 34.30207 -118.66827    1246.95
 34.30207 -118.66498    1124.46
 34.30207 -118.66169     937.11
 34.30207 -118.65840     701.84
 34.30207 -118.65511     459.62
 34.30207 -118.65182     255.18
 34.30207 -118.64854     115.98
 34.30207 -118.64525      40.97
 34.30207 -118.64196      10.40
 34.30207 -118.63867       1.30
 34.30207 -118.63538      -3.19
 34.30207 -118.63209     -16.08
 34.30207 -118.62880     -52.30
 34.30207 -118.62551    -125.91
 34.30207 -118.62222    -240.72
 34.30207 -118.61893    -380.93
 34.30207 -118.61565    -517.36
 34.30207 -118.61236    -622.74
 34.30207 -118.60907    -687.03
 34.30207 -118.60578    -717.22
 34.30207 -118.60249    -727.35
 34.30207 -118.59921    -725.99
 34.30207 -118.59592    -712.13
 34.30207 -118.59262    -678.21
 34.30207 -118.58933    -620.94
 34.30207 -118.58604    -548.08
 34.30207 -118.58276    -478.97
 34.30207 -118.57947    -431.16
 34.30207 -118.57618    -411.00
 34.30207 -118.57289    -410.05
 34.30207 -118.56960    -414.68
 34.30207 -118.56631    -411.39
 34.30207 -118.56303    -389.51
 34.30207 -118.55974    -340.84
 34.30207 -118.55644    -264.61
 34.30207 -118.55315    -172.40
 34.30207 -118.54987     -85.10
 34.30207 -118.54658     -21.55
 34.30207 -118.54329      12.80
 34.30207 -118.54000      25.32
 34.29930 -118.68800    1348.33
 34.29930 -118.68472    1348.33
 34.29930 -118.68143    1347.86
 34.29930 -118.67814    1343.75
 34.29930 -118.67485    1326.83
 34.29930 -118.67156    1279.22
 34.29930 -118.66827    1179.76
 34.29930 -118.66498    1015.25
 34.29930 -118.66169     795.44
 34.29930 -118.65840     553.27
 34.29930 -118.65511     333.51
 34.29930 -118.65182     169.02
 34.29930 -118.64854      69.50
 34.29930 -118.64525      21.76
 34.29930 -118.64196       4.64
 34.29930 -118.63867      -0.48
 34.29930 -118.63538      -6.63
 34.29930 -118.63209     -26.47
 34.29930 -118.62880     -75.48
 34.29930 -118.62551    -165.27
 34.29930 -118.62222    -293.18
 34.29930 -118.61893    -436.54
 34.29930 -118.61565    -564.44
 34.29930 -118.61236    -654.26
 34.29930 -118.60907    -703.38
 34.29930 -118.60578    -723.27
 34.29930 -118.60249    -727.84
 34.29930 -118.59921    -723.06
 34.29930 -118.59592    -706.60
 34.29930 -118.59262    -672.73
 34.29930 -118.58933    -620.90
 34.29930 -118.58604    -559.48
 34.29930 -118.58276    -503.78
 34.29930 -118.57947    -465.89
 34.29930 -118.57618    -448.77
 34.29930 -118.57289    -445.59
 34.29930 -118.56960    -446.92
 34.29930 -118.56631    -443.53
 34.29930 -118.56303    -426.57
 34.29930 -118.55974    -386.51
 34.29930 -118.55644    -318.84
 34.29930 -118.55315    -230.36
 34.29930 -118.54987    -139.84
 34.29930 -118.54658     -67.22
 34.29930 -118.54329     -22.65
 34.29930 -118.54000      -3.44
 34.29652 -118.68800    1348.33
 34.29652 -118.68472    1348.33
 34.29652 -118.68143    1347.17
 34.29652 -118.67814    1339.16
 34.29652 -118.67485    1309.70
 34.29652 -118.67156    1235.72
 34.29652 -118.66827    1096.86
 34.29652 -118.66498     891.90
 34.29652 -118.66169     648.58
 34.29652 -118.65840     412.25
 34.29652 -118.65511     224.21
 34.29652 -118.65182     101.45
 34.29652 -118.64854      36.92
 34.29652 -118.64525      10.07
 34.29652 -118.64196       1.60
 34.29652 -118.63867      -2.29
 34.29652 -118.63538     -12.38
 34.29652 -118.63209     -41.92
 34.29652 -118.62880    -105.82
 34.29652 -118.62551    -211.17
 34.29652 -118.62222    -347.86
 34.29652 -118.61893    -488.44
 34.29652 -118.61565    -603.56
 34.29652 -118.61236    -677.37
 34.29652 -118.60907    -713.68
 34.29652 -118.60578    -726.09
 34.29652 -118.60249    -726.37
 34.29652 -118.59921    -717.47
 34.29652 -118.59592    -696.15
 34.29652 -118.59262    -658.98
 34.29652 -118.58933    -608.67
 34.29652 -118.58604    -554.77
 34.29652 -118.58276    -509.44
 34.29652 -118.57947    -480.06
 34.29652 -118.57618    -466.47
 34.29652 -118.57289    -462.80
 34.29652 -118.56960    -462.59
 34.29652 -118.56631    -459.69
 34.29652 -118.56303    -446.76
 34.29652 -118.55974    -413.45
 34.29652 -118.55644    -352.43
 34.29652 -118.55315    -266.51
 34.29652 -118.54987    -172.57
 34.29652 -118.54658     -91.76
 34.29652 -118.54329     -38.31
 34.29652 -118.54000     -13.47
 34.29375 -118.68800    1348.33
 34.29375 -118.68472    1348.33
 34.29375 -118.68143    1346.17
 34.29375 -118.67814    1333.10
 34.29375 -118.67485    1288.81
 34.29375 -118.67156    1186.62
 34.29375 -118.66827    1009.98
 34.29375 -118.66498     772.16
 34.29375 -118.66169     516.71
 34.29375 -118.65840     295.79
 34.29375 -118.65511     141.66
 34.29375 -118.65182      55.33
 34.29375 -118.64854      17.08
 34.29375 -118.64525       3.90
 34.29375 -118.64196       0.04
 34.29375 -118.63867      -4.57
 34.29375 -118.63538     -20.35
 34.29375 -118.63209     -61.58
 34.29375 -118.62880    -141.47
 34.29375 -118.62551    -261.03
 34.29375 -118.62222    -402.62
 34.29375 -118.61893    -536.08
 34.29375 -118.61565    -636.07
 34.29375 -118.61236    -694.49
 34.29375 -118.60907    -720.18
 34.29375 -118.60578    -727.04
 34.29375 -118.60249    -723.64
 34.29375 -118.59921    -710.10
 34.29375 -118.59592    -682.80
 34.29375 -118.59262    -640.88
 34.29375 -118.58933    -590.21
 34.29375 -118.58604    -541.38
 34.29375 -118.58276    -504.03
 34.29375 -118.57947    -481.73
 34.29375 -118.57618    -471.83
 34.29375 -118.57289    -468.89
 34.29375 -118.56960    -468.38
 34.29375 -118.56631    -466.23
 34.29375 -118.56303    -456.38
 34.29375 -118.55974    -428.52
 34.29375 -118.55644    -373.56
 34.29375 -118.55315    -291.19
 34.29375 -118.54987    -196.01
 34.29375 -118.54658    -109.57
 34.29375 -118.54329     -49.16
 34.29375 -118.54000     -19.69
 34.29097 -118.68800    1348.33
 34.29097 -118.68472    1348.33
 34.29097 -118.68143    1345.12
 34.29097 -118.67814    1327.17
 34.29097 -118.67485    1269.28
 34.29097 -118.67156    1143.10
 34.29097 -118.66827     936.91
 34.29097 -118.66498     677.15
 34.29097 -118.66169     418.41
 34.29097 -118.65840     214.96
 34.29097 -118.65511      88.78
 34.29097 -118.65182      28.50
 34.29097 -118.64854       6.78
 34.29097 -118.64525       1.16
 34.29097 -118.64196      -0.79
 34.29097 -118.63867      -6.99
 34.29097 -118.63538     -28.69
 34.29097 -118.63209     -81.17
 34.29097 -118.62880    -175.39
 34.29097 -118.62551    -306.26
 34.29097 -118.62222    -449.81
 34.29097 -118.61893    -574.82
 34.29097 -118.61565    -660.72
 34.29097 -118.61236    -706.35
 34.29097 -118.60907    -724.06
 34.29097 -118.60578    -727.02
 34.29097 -118.60249    -720.62
 34.29097 -118.59921    -702.78
 34.29097 -118.59592    -669.96
 34.29097 -118.59262    -623.69
 34.29097 -118.58933    -572.36
 34.29097 -118.58604    -527.17
 34.29097 -118.58276    -495.77
 34.29097 -118.57947    -478.84
 34.29097 -118.57618    -472.06
 34.29097 -118.57289    -470.20
 34.29097 -118.56960    -469.88
 34.29097 -118.56631    -468.35
 34.29097 -118.56303    -460.61
 34.29097 -118.55974    -436.86
 34.29097 -118.55644    -387.10
 34.29097 -118.55315    -308.75
 34.29097 -118.54987    -213.98
 34.29097 -118.54658    -124.08
 34.29097 -118.54329     -58.41
 34.29097 -118.54000     -25.20
 34.28820 -118.68800    1348.33
 34.28820 -118.68472    1348.33
 34.28820 -118.68143    1344.43
 34.28820 -118.67814    1323.42
 34.28820 -118.67485    1257.30
 34.28820 -118.67156    1117.18
 34.28820 -118.66827     894.78
 34.28820 -118.66498     624.40
 34.28820 -118.66169     366.15
 34.28820 -118.65840     174.20
 34.28820 -118.65511      63.78
 34.28820 -118.65182      16.85
 34.28820 -118.64854       2.79
 34.28820 -118.64525       0.27
 34.28820 -118.64196      -1.16
 34.28820 -118.63867      -8.60
 34.28820 -118.63538     -34.14
 34.28820 -118.63209     -93.65
 34.28820 -118.62880    -196.53
 34.28820 -118.62551    -333.77
 34.28820 -118.62222    -477.80
 34.28820 -118.61893    -597.14
 34.28820 -118.61565    -674.44
 34.28820 -118.61236    -712.65
 34.28820 -118.60907    -725.96
 34.28820 -118.60578    -726.81
 34.28820 -118.60249    -718.63
 34.28820 -118.59921    -698.14
 34.28820 -118.59592    -662.03
 34.28820 -118.59262    -613.25
 34.28820 -118.58933    -561.59
 34.28820 -118.58604    -518.50
 34.28820 -118.58276    -490.42
 34.28820 -118.57947    -476.46
 34.28820 -118.57618    -471.43
 34.28820 -118.57289    -470.24
 34.28820 -118.56960    -470.09
 34.28820 -118.56631    -468.88
 34.28820 -118.56303    -462.19
 34.28820 -118.55974    -440.69
 34.28820 -118.55644    -394.00
 34.28820 -118.55315    -318.36
 34.28820 -118.54987    -224.33
 34.28820 -118.54658    -132.81
 34.28820 -118.54329     -64.20
 34.28820 -118.54000     -28.78
