   -118.655    34.1933
   -118.655    34.1961
   -118.655    34.1977
   -118.652    34.1991
   -118.650    34.1984
   -118.648    34.1971
   -118.644    34.1973
   -118.642    34.1977
   -118.639    34.1965
   -118.637    34.1969
   -118.635    34.1990
   -118.634    34.1987
   -118.632    34.1979
   -118.631    34.1989
   -118.631    34.1997
   -118.631    34.2017
   -118.634    34.2026
   -118.636    34.2042
   -118.638    34.2059
   -118.637    34.2071
   -118.638    34.2082
   -118.639    34.2084
   -118.640    34.2082
   -118.642    34.2079
   -118.644    34.2087
   -118.644    34.2104
   -118.644    34.2134
   -118.642    34.2161
   -118.642    34.2173
   -118.644    34.2182
   -118.645    34.2192
   -118.647    34.2200
   -118.647    34.2213
   -118.645    34.2217
   -118.643    34.2219
   -118.642    34.2237
   -118.641    34.2242
   -118.639    34.2242
   -118.637    34.2231
   -118.636    34.2199
   -118.634    34.2180
   -118.632    34.2175
   -118.629    34.2179
   -118.628    34.2216
   -118.628    34.2236
   -118.627    34.2242
   -118.626    34.2233
   -118.625    34.2225
   -118.623    34.2230
   -118.621    34.2257
   -118.619    34.2277
   -118.618    34.2290
   -118.616    34.2290
   -118.617    34.2273
   -118.616    34.2263
   -118.615    34.2255
   -118.615    34.2236
   -118.611    34.2242
   -118.608    34.2260
   -118.604    34.2272
   -118.603    34.2279
   -118.602    34.2269
   -118.600    34.2279
   -118.599    34.2307
   -118.600    34.2326
   -118.602    34.2341
   -118.604    34.2356
   -118.606    34.2384
   -118.607    34.2411
   -118.613    34.2418
   -118.616    34.2402
   -118.617    34.2395
   -118.618    34.2403
   -118.618    34.2447
   -118.618    34.2469
   -118.619    34.2503
   -118.620    34.2524
   -118.618    34.2531
   -118.616    34.2543
   -118.614    34.2561
   -118.614    34.2579
   -118.614    34.2594
   -118.614    34.2609
   -118.612    34.2616
   -118.609    34.2625
   -118.608    34.2648
   -118.607    34.2674
   -118.607    34.2695
   -118.606    34.2707
   -118.604    34.2717
   -118.603    34.2710
   -118.602    34.2699
   -118.600    34.2693
   -118.599    34.2697
   -118.598    34.2710
   -118.597    34.2722
   -118.595    34.2725
   -118.594    34.2727
   -118.593    34.2721
   -118.591    34.2717
   -118.590    34.2731
   -118.590    34.2750
   -118.588    34.2743
   -118.586    34.2728
   -118.585    34.2727
   -118.584    34.2735
   -118.583    34.2745
   -118.581    34.2756
   -118.580    34.2774
   -118.580    34.2790
   -118.582    34.2807
   -118.583    34.2827
   -118.581    34.2837
   -118.580    34.2828
   -118.578    34.2816
   -118.576    34.2806
   -118.574    34.2812
   -118.571    34.2820
   -118.568    34.2834
   -118.567    34.2840
   -118.567    34.2858
   -118.567    34.2866
   -118.563    34.2872
   -118.560    34.2874
   -118.557    34.2873
   -118.557    34.2859
   -118.554    34.2834
   -118.551    34.2813
   -118.548    34.2789
   -118.545    34.2770
   -118.542    34.2762
   -118.540    34.2770
   -118.538    34.2763
   -118.534    34.2759
   -118.530    34.2762
   -118.528    34.2766
   -118.527    34.2788
   -118.525    34.2804
   -118.524    34.2812
   -118.522    34.2793
   -118.519    34.2800
   -118.517    34.2808
   -118.515    34.2807
   -118.515    34.2814
   -118.513    34.2810
   -118.511    34.2810
   -118.512    34.2829
   -118.513    34.2848
   -118.511    34.2848
   -118.510    34.2849
   -118.509    34.2859
   -118.505    34.2854
   -118.500    34.2847
   -118.498    34.2843
   -118.497    34.2833
   -118.495    34.2833
   -118.493    34.2841
   -118.490    34.2833
   -118.488    34.2827
   -118.484    34.2816
   -118.481    34.2812
   -118.478    34.2809
   -118.477    34.2802
   -118.474    34.2786
   -118.469    34.2784
   -118.465    34.2784
   -118.462    34.2788
   -118.461    34.2801
   -118.461    34.2812
   -118.458    34.2814
   -118.456    34.2828
   -118.456    34.2850
   -118.455    34.2872
   -118.455    34.2901
   -118.454    34.2917
   -118.453    34.2935
   -118.456    34.2945
   -118.457    34.2950
   -118.456    34.2959
   -118.444    34.2979
   -118.435    34.2995
   -118.425    34.3008
   -118.414    34.3006
   -118.408    34.3006
   -118.408    34.2983
   -118.406    34.2981
   -118.405    34.2969
   -118.407    34.2959
   -118.408    34.2935
   -118.409    34.2916
   -118.409    34.2887
   -118.408    34.2867
   -118.404    34.2865
   -118.402    34.2861
   -118.396    34.2857
   -118.389    34.2864
   -118.384    34.2863
   -118.380    34.2863
   -118.383    34.2826
   -118.386    34.2795
   -118.387    34.2791
   -118.389    34.2788
   -118.391    34.2775
   -118.391    34.2767
   -118.390    34.2759
   -118.391    34.2744
   -118.393    34.2727
   -118.396    34.2712
   -118.398    34.2717
   -118.401    34.2729
   -118.402    34.2712
   -118.403    34.2711
   -118.404    34.2720
   -118.407    34.2711
   -118.409    34.2702
   -118.407    34.2687
   -118.409    34.2649
   -118.410    34.2618
   -118.406    34.2601
   -118.401    34.2617
   -118.399    34.2662
   -118.391    34.2657
   -118.383    34.2651
   -118.377    34.2651
   -118.373    34.2651
   -118.370    34.2651
   -118.371    34.2607
   -118.372    34.2568
   -118.371    34.2540
   -118.370    34.2537
   -118.367    34.2560
   -118.364    34.2575
   -118.363    34.2564
   -118.365    34.2541
   -118.365    34.2529
   -118.363    34.2535
   -118.363    34.2522
   -118.360    34.2518
   -118.357    34.2527
   -118.355    34.2517
   -118.352    34.2514
   -118.349    34.2526
   -118.347    34.2512
   -118.348    34.2484
   -118.353    34.2472
   -118.359    34.2463
   -118.363    34.2455
   -118.367    34.2455
   -118.369    34.2437
   -118.368    34.2424
   -118.365    34.2412
   -118.364    34.2389
   -118.360    34.2381
   -118.356    34.2366
   -118.353    34.2366
   -118.350    34.2365
   -118.346    34.2369
   -118.342    34.2369
   -118.337    34.2372
   -118.333    34.2374
   -118.330    34.2377
   -118.329    34.2369
   -118.332    34.2345
   -118.335    34.2329
   -118.339    34.2321
   -118.342    34.2322
   -118.345    34.2327
   -118.348    34.2315
   -118.352    34.2315
   -118.354    34.2315
   -118.356    34.2302
   -118.357    34.2281
   -118.354    34.2250
   -118.350    34.2209
   -118.345    34.2178
   -118.342    34.2162
   -118.341    34.2150
   -118.338    34.2149
   -118.336    34.2158
   -118.333    34.2148
   -118.330    34.2135
   -118.327    34.2120
   -118.325    34.2116
   -118.323    34.2104
   -118.320    34.2089
   -118.320    34.2072
   -118.318    34.2051
   -118.312    34.2031
   -118.309    34.2015
   -118.305    34.2005
   -118.303    34.2029
   -118.300    34.2017
   -118.301    34.1997
   -118.301    34.1982
   -118.298    34.1973
   -118.295    34.1959
   -118.292    34.1931
   -118.288    34.1918
   -118.285    34.1900
   -118.282    34.1893
   -118.280    34.1885
   -118.277    34.1866
   -118.274    34.1849
   -118.274    34.1837
   -118.272    34.1821
   -118.270    34.1798
   -118.267    34.1780
   -118.263    34.1765
   -118.262    34.1746
   -118.255    34.1721
   -118.250    34.1706
   -118.247    34.1685
   -118.243    34.1672
   -118.240    34.1668
   -118.236    34.1659
   -118.233    34.1650
   -118.235    34.1606
   -118.236    34.1577
   -118.236    34.1552
   -118.234    34.1533
   -118.232    34.1528
   -118.230    34.1542
   -118.227    34.1562
   -118.225    34.1557
   -118.224    34.1535
   -118.228    34.1526
   -118.230    34.1501
   -118.227    34.1483
   -118.223    34.1466
   -118.220    34.1458
   -118.219    34.1439
   -118.222    34.1413
   -118.226    34.1399
   -118.230    34.1370
   -118.231    34.1348
   -118.233    34.1323
   -118.234    34.1343
   -118.237    34.1344
   -118.239    34.1329
   -118.240    34.1303
   -118.244    34.1310
   -118.249    34.1317
   -118.251    34.1309
   -118.252    34.1279
   -118.251    34.1250
   -118.250    34.1249
   -118.250    34.1232
   -118.246    34.1230
   -118.242    34.1226
   -118.240    34.1213
   -118.240    34.1189
   -118.246    34.1173
   -118.254    34.1160
   -118.260    34.1155
   -118.265    34.1144
   -118.269    34.1173
   -118.271    34.1221
   -118.272    34.1274
   -118.275    34.1312
   -118.276    34.1327
   -118.281    34.1320
   -118.284    34.1313
   -118.286    34.1363
   -118.286    34.1413
   -118.282    34.1431
   -118.281    34.1466
   -118.280    34.1498
   -118.284    34.1517
   -118.288    34.1521
   -118.295    34.1534
   -118.301    34.1541
   -118.308    34.1543
   -118.311    34.1533
   -118.313    34.1509
   -118.315    34.1494
   -118.319    34.1502
   -118.322    34.1507
   -118.323    34.1504
   -118.323    34.1477
   -118.328    34.1453
   -118.335    34.1438
   -118.340    34.1418
   -118.342    34.1419
   -118.344    34.1406
   -118.348    34.1417
   -118.352    34.1429
   -118.355    34.1408
   -118.357    34.1390
   -118.359    34.1389
   -118.362    34.1391
   -118.366    34.1404
   -118.371    34.1425
   -118.374    34.1411
   -118.378    34.1400
   -118.383    34.1410
   -118.388    34.1425
   -118.391    34.1425
   -118.391    34.1402
   -118.390    34.1383
   -118.390    34.1370
   -118.393    34.1384
   -118.395    34.1386
   -118.397    34.1406
   -118.400    34.1421
   -118.404    34.1434
   -118.407    34.1445
   -118.409    34.1428
   -118.411    34.1412
   -118.412    34.1421
   -118.413    34.1429
   -118.415    34.1428
   -118.415    34.1413
   -118.415    34.1401
   -118.417    34.1415
   -118.419    34.1424
   -118.421    34.1419
   -118.423    34.1428
   -118.424    34.1427
   -118.426    34.1439
   -118.428    34.1449
   -118.429    34.1454
   -118.431    34.1452
   -118.432    34.1466
   -118.434    34.1466
   -118.436    34.1448
   -118.438    34.1435
   -118.439    34.1448
   -118.441    34.1448
   -118.443    34.1448
   -118.444    34.1462
   -118.445    34.1475
   -118.447    34.1471
   -118.448    34.1458
   -118.450    34.1459
   -118.452    34.1477
   -118.455    34.1480
   -118.458    34.1480
   -118.459    34.1500
   -118.461    34.1481
   -118.464    34.1470
   -118.464    34.1491
   -118.465    34.1507
   -118.467    34.1508
   -118.468    34.1520
   -118.472    34.1522
   -118.478    34.1526
   -118.480    34.1534
   -118.482    34.1537
   -118.482    34.1556
   -118.484    34.1561
   -118.487    34.1547
   -118.488    34.1541
   -118.490    34.1513
   -118.491    34.1512
   -118.491    34.1522
   -118.492    34.1535
   -118.493    34.1552
   -118.493    34.1581
   -118.493    34.1604
   -118.494    34.1617
   -118.496    34.1606
   -118.497    34.1578
   -118.499    34.1577
   -118.502    34.1579
   -118.504    34.1585
   -118.505    34.1571
   -118.505    34.1559
   -118.508    34.1561
   -118.509    34.1552
   -118.510    34.1535
   -118.512    34.1529
   -118.512    34.1553
   -118.512    34.1576
   -118.516    34.1573
   -118.519    34.1567
   -118.522    34.1564
   -118.524    34.1572
   -118.524    34.1587
   -118.526    34.1587
   -118.529    34.1572
   -118.530    34.1559
   -118.531    34.1534
   -118.533    34.1513
   -118.532    34.1537
   -118.533    34.1546
   -118.531    34.1578
   -118.530    34.1606
   -118.529    34.1628
   -118.527    34.1638
   -118.526    34.1657
   -118.527    34.1659
   -118.530    34.1652
   -118.532    34.1636
   -118.533    34.1621
   -118.535    34.1621
   -118.537    34.1633
   -118.539    34.1633
   -118.540    34.1629
   -118.543    34.1632
   -118.545    34.1627
   -118.546    34.1599
   -118.548    34.1575
   -118.548    34.1560
   -118.550    34.1551
   -118.550    34.1576
   -118.550    34.1608
   -118.548    34.1643
   -118.548    34.1672
   -118.549    34.1675
   -118.550    34.1658
   -118.551    34.1654
   -118.553    34.1652
   -118.554    34.1638
   -118.556    34.1632
   -118.557    34.1654
   -118.556    34.1694
   -118.556    34.1718
   -118.558    34.1727
   -118.559    34.1711
   -118.560    34.1664
   -118.560    34.1626
   -118.561    34.1575
   -118.563    34.1565
   -118.563    34.1600
   -118.562    34.1626
   -118.563    34.1648
   -118.564    34.1682
   -118.564    34.1709
   -118.565    34.1723
   -118.566    34.1694
   -118.567    34.1669
   -118.568    34.1633
   -118.569    34.1644
   -118.568    34.1709
   -118.569    34.1741
   -118.569    34.1764
   -118.566    34.1787
   -118.563    34.1816
   -118.562    34.1828
   -118.565    34.1823
   -118.567    34.1823
   -118.568    34.1813
   -118.570    34.1821
   -118.572    34.1821
   -118.572    34.1834
   -118.571    34.1866
   -118.571    34.1890
   -118.573    34.1890
   -118.575    34.1874
   -118.577    34.1862
   -118.579    34.1881
   -118.579    34.1918
   -118.582    34.1916
   -118.582    34.1884
   -118.582    34.1860
   -118.585    34.1843
   -118.587    34.1825
   -118.588    34.1797
   -118.586    34.1785
   -118.586    34.1758
   -118.584    34.1746
   -118.581    34.1738
   -118.581    34.1715
   -118.582    34.1697
   -118.584    34.1683
   -118.585    34.1673
   -118.584    34.1660
   -118.582    34.1660
   -118.580    34.1653
   -118.580    34.1640
   -118.578    34.1630
   -118.576    34.1612
   -118.576    34.1583
   -118.574    34.1565
   -118.574    34.1536
   -118.575    34.1531
   -118.577    34.1476
   -118.578    34.1512
   -118.579    34.1516
   -118.581    34.1570
   -118.584    34.1575
   -118.586    34.1599
   -118.588    34.1590
   -118.588    34.1566
   -118.587    34.1540
   -118.588    34.1524
   -118.591    34.1561
   -118.593    34.1603
   -118.593    34.1668
   -118.594    34.1687
   -118.595    34.1687
   -118.596    34.1663
   -118.597    34.1649
   -118.597    34.1649
   -118.598    34.1676
   -118.600    34.1685
   -118.602    34.1655
   -118.601    34.1619
   -118.601    34.1603
   -118.600    34.1599
   -118.601    34.1567
   -118.600    34.1553
   -118.600    34.1533
   -118.602    34.1548
   -118.605    34.1533
   -118.605    34.1571
   -118.606    34.1618
   -118.606    34.1679
   -118.607    34.1705
   -118.605    34.1753
   -118.604    34.1794
   -118.604    34.1809
   -118.606    34.1803
   -118.608    34.1819
   -118.611    34.1806
   -118.610    34.1787
   -118.611    34.1775
   -118.610    34.1744
   -118.609    34.1721
   -118.611    34.1687
   -118.613    34.1664
   -118.617    34.1641
   -118.619    34.1633
   -118.620    34.1610
   -118.617    34.1607
   -118.616    34.1597
   -118.620    34.1590
   -118.621    34.1586
   -118.623    34.1548
   -118.619    34.1536
   -118.617    34.1529
   -118.614    34.1520
   -118.613    34.1514
   -118.617    34.1507
   -118.621    34.1487
   -118.624    34.1462
   -118.627    34.1434
   -118.628    34.1441
   -118.630    34.1478
   -118.632    34.1510
   -118.635    34.1511
   -118.637    34.1519
   -118.638    34.1546
   -118.638    34.1552
   -118.643    34.1543
   -118.647    34.1541
   -118.648    34.1557
   -118.648    34.1571
   -118.644    34.1571
   -118.643    34.1572
   -118.644    34.1594
   -118.647    34.1597
   -118.648    34.1608
   -118.648    34.1619
   -118.648    34.1634
   -118.650    34.1664
   -118.649    34.1669
   -118.645    34.1642
   -118.642    34.1614
   -118.640    34.1601
   -118.636    34.1631
   -118.634    34.1660
   -118.633    34.1674
   -118.637    34.1701
   -118.640    34.1724
   -118.641    34.1752
   -118.640    34.1779
   -118.636    34.1785
   -118.632    34.1788
   -118.629    34.1792
   -118.629    34.1808
   -118.631    34.1813
   -118.632    34.1842
   -118.635    34.1842
   -118.637    34.1829
   -118.642    34.1822
   -118.646    34.1812
   -118.649    34.1812
   -118.650    34.1825
   -118.650    34.1849
   -118.651    34.1862
   -118.653    34.1867
   -118.654    34.1867
   -118.655    34.1886
   -118.655    34.1918
   -118.655    34.1931
