   -119.098    34.2173
   -119.102    34.2194
   -119.105    34.2237
   -119.106    34.2278
   -119.103    34.2325
   -119.098    34.2358
   -119.095    34.2368
   -119.095    34.2388
   -119.096    34.2410
   -119.098    34.2424
   -119.096    34.2453
   -119.096    34.2486
   -119.097    34.2506
   -119.101    34.2511
   -119.105    34.2511
   -119.108    34.2531
   -119.108    34.2558
   -119.106    34.2590
   -119.107    34.2625
   -119.109    34.2655
   -119.111    34.2641
   -119.113    34.2666
   -119.113    34.2707
   -119.116    34.2739
   -119.118    34.2784
   -119.113    34.2792
   -119.111    34.2795
   -119.104    34.2808
   -119.096    34.2821
   -119.087    34.2847
   -119.080    34.2880
   -119.073    34.2916
   -119.065    34.2953
   -119.060    34.2971
   -119.053    34.2981
   -119.048    34.2983
   -119.039    34.3019
   -119.030    34.3056
   -119.023    34.3072
   -119.018    34.3080
   -119.015    34.3115
   -119.010    34.3116
   -119.006    34.3122
   -119.001    34.3140
   -118.994    34.3138
   -118.987    34.3119
   -118.983    34.3110
   -118.978    34.3118
   -118.971    34.3145
   -118.964    34.3172
   -118.961    34.3190
   -118.960    34.3222
   -118.958    34.3231
   -118.956    34.3233
   -118.954    34.3244
   -118.952    34.3249
   -118.949    34.3251
   -118.946    34.3267
   -118.944    34.3295
   -118.942    34.3312
   -118.941    34.3302
   -118.941    34.3280
   -118.941    34.3250
   -118.939    34.3240
   -118.938    34.3235
   -118.935    34.3244
   -118.933    34.3248
   -118.930    34.3240
   -118.927    34.3240
   -118.924    34.3250
   -118.921    34.3271
   -118.918    34.3295
   -118.915    34.3308
   -118.909    34.3326
   -118.902    34.3320
   -118.897    34.3307
   -118.893    34.3297
   -118.887    34.3288
   -118.879    34.3288
   -118.875    34.3291
   -118.872    34.3315
   -118.869    34.3315
   -118.867    34.3302
   -118.866    34.3253
   -118.867    34.3202
   -118.867    34.3159
   -118.865    34.3079
   -118.862    34.3003
   -118.860    34.2942
   -118.862    34.2870
   -118.870    34.2807
   -118.875    34.2776
   -118.880    34.2763
   -118.883    34.2764
   -118.893    34.2755
   -118.901    34.2745
   -118.903    34.2735
   -118.906    34.2691
   -118.909    34.2671
   -118.913    34.2670
   -118.918    34.2680
   -118.921    34.2691
   -118.929    34.2684
   -118.939    34.2671
   -118.948    34.2649
   -118.959    34.2629
   -118.965    34.2617
   -118.970    34.2627
   -118.974    34.2627
   -118.979    34.2615
   -118.984    34.2613
   -118.988    34.2590
   -118.989    34.2567
   -118.995    34.2549
   -119.002    34.2538
   -119.006    34.2523
   -119.011    34.2502
   -119.015    34.2480
   -119.020    34.2470
   -119.030    34.2446
   -119.044    34.2419
   -119.051    34.2384
   -119.057    34.2342
   -119.062    34.2297
   -119.069    34.2253
   -119.073    34.2231
   -119.078    34.2220
   -119.083    34.2198
   -119.089    34.2185
   -119.094    34.2173
