   -117.847    34.0991
   -117.834    34.0847
   -117.824    34.0727
   -117.812    34.0581
   -117.795    34.0456
   -117.775    34.0323
   -117.755    34.0235
   -117.735    34.0162
   -117.721    34.0096
   -117.703    33.9978
   -117.686    33.9829
   -117.670    33.9683
   -117.654    33.9529
   -117.634    33.9298
   -117.618    33.9152
   -117.602    33.8990
   -117.592    33.8888
   -117.583    33.8813
   -117.572    33.8738
   -117.562    33.8644
   -117.553    33.8568
   -117.542    33.8471
   -117.534    33.8380
   -117.526    33.8280
   -117.526    33.8197
   -117.538    33.8133
   -117.558    33.8205
   -117.578    33.8288
   -117.592    33.8358
   -117.613    33.8456
   -117.634    33.8549
   -117.651    33.8631
   -117.670    33.8691
   -117.686    33.8731
   -117.699    33.8810
   -117.716    33.8797
   -117.725    33.8687
   -117.727    33.8676
   -117.734    33.8705
   -117.749    33.8786
   -117.774    33.8916
   -117.802    33.9064
   -117.831    33.9225
   -117.853    33.9336
   -117.853    33.9482
   -117.854    33.9698
   -117.856    33.9948
   -117.856    34.0224
   -117.854    34.0466
   -117.851    34.0722
   -117.850    34.0966
