   -118.783    34.0995
   -118.784    34.1123
   -118.782    34.1323
   -118.781    34.1530
   -118.781    34.1705
   -118.780    34.1802
   -118.780    34.1841
   -118.774    34.1862
   -118.770    34.1906
   -118.766    34.1935
   -118.762    34.1947
   -118.756    34.1930
   -118.749    34.1919
   -118.740    34.1950
   -118.736    34.1963
   -118.731    34.1947
   -118.726    34.1963
   -118.720    34.1979
   -118.715    34.1973
   -118.711    34.1954
   -118.708    34.1973
   -118.706    34.2008
   -118.705    34.2052
   -118.698    34.2043
   -118.690    34.2039
   -118.677    34.2095
   -118.668    34.2163
   -118.660    34.2225
   -118.649    34.2295
   -118.639    34.2369
   -118.637    34.2391
   -118.629    34.2401
   -118.625    34.2411
   -118.623    34.2476
   -118.619    34.2537
   -118.617    34.2600
   -118.613    34.2666
   -118.610    34.2704
   -118.603    34.2730
   -118.596    34.2754
   -118.588    34.2772
   -118.583    34.2792
   -118.585    34.2821
   -118.587    34.2836
   -118.585    34.2853
   -118.581    34.2840
   -118.576    34.2829
   -118.573    34.2831
   -118.571    34.2863
   -118.569    34.2877
   -118.568    34.2908
   -118.562    34.2911
   -118.555    34.2921
   -118.550    34.2936
   -118.548    34.2963
   -118.551    34.3008
   -118.558    34.3064
   -118.567    34.3121
   -118.572    34.3149
   -118.574    34.3176
   -118.574    34.3193
   -118.562    34.3181
   -118.547    34.3147
   -118.532    34.3130
   -118.524    34.3132
   -118.516    34.3206
   -118.507    34.3303
   -118.500    34.3411
   -118.502    34.3469
   -118.502    34.3544
   -118.499    34.3613
   -118.495    34.3693
   -118.492    34.3752
   -118.489    34.3802
   -118.481    34.3787
   -118.469    34.3775
   -118.459    34.3757
   -118.450    34.3716
   -118.444    34.3680
   -118.442    34.3660
   -118.440    34.3547
   -118.438    34.3395
   -118.438    34.3261
   -118.439    34.3141
   -118.443    34.3001
   -118.447    34.2873
   -118.452    34.2731
   -118.462    34.2564
   -118.470    34.2379
   -118.474    34.2202
   -118.478    34.1986
   -118.480    34.1822
   -118.481    34.1680
   -118.481    34.1563
   -118.481    34.1516
   -118.492    34.1490
   -118.505    34.1473
   -118.516    34.1481
   -118.519    34.1469
   -118.522    34.1484
   -118.528    34.1470
   -118.530    34.1464
   -118.528    34.1445
   -118.531    34.1416
   -118.536    34.1382
   -118.540    34.1341
   -118.541    34.1306
   -118.540    34.1288
   -118.539    34.1271
   -118.544    34.1235
   -118.548    34.1193
   -118.550    34.1165
   -118.550    34.1130
   -118.551    34.1104
   -118.553    34.1098
   -118.554    34.1095
   -118.555    34.1071
   -118.557    34.1025
   -118.562    34.1008
   -118.572    34.1008
   -118.593    34.1013
   -118.618    34.1014
   -118.648    34.1010
   -118.678    34.1001
   -118.716    34.1001
   -118.748    34.1001
   -118.766    34.1007
   -118.783    34.1000
