   -118.571    33.9725
   -118.571    33.9853
   -118.571    34.0012
   -118.571    34.0198
   -118.571    34.0375
   -118.571    34.0501
   -118.572    34.0577
   -118.552    34.0589
   -118.526    34.0597
   -118.503    34.0590
   -118.492    34.0602
   -118.473    34.0644
   -118.455    34.0716
   -118.436    34.0786
   -118.418    34.0858
   -118.409    34.0904
   -118.401    34.0793
   -118.394    34.0648
   -118.388    34.0537
   -118.382    34.0402
   -118.376    34.0274
   -118.370    34.0163
   -118.366    34.0072
   -118.363    34.0004
   -118.376    33.9929
   -118.389    33.9856
   -118.401    33.9791
   -118.408    33.9753
   -118.413    33.9720
   -118.422    33.9721
   -118.439    33.9723
   -118.455    33.9720
   -118.476    33.9719
   -118.494    33.9715
   -118.513    33.9715
   -118.528    33.9719
   -118.547    33.9718
   -118.562    33.9717
   -118.569    33.9712
