 34.09160 -118.57320   12222.22
 34.09160 -118.56984   12555.56
 34.09160 -118.56648   12888.89
 34.09160 -118.56313   13000.00
 34.09160 -118.55978   13000.00
 34.09160 -118.55642   13000.00
 34.09160 -118.55306   13000.00
 34.09160 -118.54971   13000.00
 34.09160 -118.54636   13000.00
 34.09160 -118.54300   13000.00
 34.09160 -118.53964   13000.00
 34.09160 -118.53629   13000.00
 34.09160 -118.53293   13000.00
 34.09160 -118.52957   13000.00
 34.09160 -118.52622   13000.00
 34.09160 -118.52287   13000.00
 34.09160 -118.51951   13000.00
 34.09160 -118.51615   13000.00
 34.09160 -118.51279   13000.00
 34.09160 -118.50945   13000.00
 34.09160 -118.50609   13000.00
 34.09160 -118.50273   13000.00
 34.09160 -118.49937   13000.00
 34.09160 -118.49602   13000.00
 34.09160 -118.49267   13000.00
 34.09160 -118.48931   13000.00
 34.09160 -118.48595   13000.00
 34.09160 -118.48260   13000.00
 34.09160 -118.47924   13000.00
 34.09160 -118.47589   13000.00
 34.09160 -118.47253   13000.00
 34.09160 -118.46918   13000.00
 34.09160 -118.46582   13000.00
 34.09160 -118.46246   13000.00
 34.09160 -118.45911   13000.00
 34.09160 -118.45576   13000.00
 34.09160 -118.45240   13000.00
 34.09160 -118.44904   13000.00
 34.09160 -118.44569   13000.00
 34.09160 -118.44233   13000.00
 34.09160 -118.43898   13000.00
 34.09160 -118.43562   13000.00
 34.09160 -118.43227   13000.00
 34.09160 -118.42891   13000.00
 34.09160 -118.42555   12666.67
 34.09160 -118.42220   12333.33
 34.09160 -118.41885   12000.00
 34.09160 -118.41549   12000.00
 34.09160 -118.41213   12000.00
 34.09160 -118.40878   12000.00
 34.09160 -118.40543   12000.00
 34.09160 -118.40207   11666.67
 34.09160 -118.39871   11333.33
 34.09160 -118.39536   11000.00
 34.09160 -118.39200   11000.00
 34.09160 -118.38864   11000.00
 34.09160 -118.38529   11000.00
 34.09160 -118.38194   10888.89
 34.09160 -118.37858   10555.56
 34.09160 -118.37522   10222.22
 34.09160 -118.37186   10000.00
 34.09160 -118.36852   10111.11
 34.09160 -118.36516   10444.44
 34.09160 -118.36180   10777.78
 34.08877 -118.57320   12111.11
 34.08877 -118.56984   12333.33
 34.08877 -118.56648   12666.67
 34.08877 -118.56313   12888.89
 34.08877 -118.55978   13000.00
 34.08877 -118.55642   13000.00
 34.08877 -118.55306   13000.00
 34.08877 -118.54971   13000.00
 34.08877 -118.54636   13000.00
 34.08877 -118.54300   13000.00
 34.08877 -118.53964   13000.00
 34.08877 -118.53629   13000.00
 34.08877 -118.53293   13000.00
 34.08877 -118.52957   13000.00
 34.08877 -118.52622   13000.00
 34.08877 -118.52287   13000.00
 34.08877 -118.51951   13000.00
 34.08877 -118.51615   13000.00
 34.08877 -118.51279   13000.00
 34.08877 -118.50945   13000.00
 34.08877 -118.50609   13000.00
 34.08877 -118.50273   13000.00
 34.08877 -118.49937   13000.00
 34.08877 -118.49602   13000.00
 34.08877 -118.49267   13000.00
 34.08877 -118.48931   13000.00
 34.08877 -118.48595   13000.00
 34.08877 -118.48260   13000.00
 34.08877 -118.47924   13000.00
 34.08877 -118.47589   13000.00
 34.08877 -118.47253   13000.00
 34.08877 -118.46918   13000.00
 34.08877 -118.46582   13000.00
 34.08877 -118.46246   13000.00
 34.08877 -118.45911   13000.00
 34.08877 -118.45576   13000.00
 34.08877 -118.45240   13000.00
 34.08877 -118.44904   13000.00
 34.08877 -118.44569   13000.00
 34.08877 -118.44233   13000.00
 34.08877 -118.43898   13000.00
 34.08877 -118.43562   13000.00
 34.08877 -118.43227   13000.00
 34.08877 -118.42891   13000.00
 34.08877 -118.42555   12666.67
 34.08877 -118.42220   12333.33
 34.08877 -118.41885   12000.00
 34.08877 -118.41549   12000.00
 34.08877 -118.41213   12000.00
 34.08877 -118.40878   12000.00
 34.08877 -118.40543   12000.00
 34.08877 -118.40207   11666.67
 34.08877 -118.39871   11333.33
 34.08877 -118.39536   11000.00
 34.08877 -118.39200   11000.00
 34.08877 -118.38864   11000.00
 34.08877 -118.38529   11000.00
 34.08877 -118.38194   10777.78
 34.08877 -118.37858   10444.44
 34.08877 -118.37522   10111.11
 34.08877 -118.37186   10111.11
 34.08877 -118.36852   10333.33
 34.08877 -118.36516   10666.67
 34.08877 -118.36180   10888.89
 34.08594 -118.57320   12000.00
 34.08594 -118.56984   12111.11
 34.08594 -118.56648   12333.33
 34.08594 -118.56313   12666.67
 34.08594 -118.55978   12888.89
 34.08594 -118.55642   13000.00
 34.08594 -118.55306   13000.00
 34.08594 -118.54971   13000.00
 34.08594 -118.54636   13000.00
 34.08594 -118.54300   13000.00
 34.08594 -118.53964   13000.00
 34.08594 -118.53629   13000.00
 34.08594 -118.53293   13000.00
 34.08594 -118.52957   13000.00
 34.08594 -118.52622   13000.00
 34.08594 -118.52287   13000.00
 34.08594 -118.51951   13000.00
 34.08594 -118.51615   13000.00
 34.08594 -118.51279   13000.00
 34.08594 -118.50945   13000.00
 34.08594 -118.50609   13000.00
 34.08594 -118.50273   13000.00
 34.08594 -118.49937   13000.00
 34.08594 -118.49602   13000.00
 34.08594 -118.49267   13000.00
 34.08594 -118.48931   13000.00
 34.08594 -118.48595   13000.00
 34.08594 -118.48260   13000.00
 34.08594 -118.47924   13000.00
 34.08594 -118.47589   13000.00
 34.08594 -118.47253   13000.00
 34.08594 -118.46918   13000.00
 34.08594 -118.46582   13000.00
 34.08594 -118.46246   13000.00
 34.08594 -118.45911   13000.00
 34.08594 -118.45576   13000.00
 34.08594 -118.45240   13000.00
 34.08594 -118.44904   13000.00
 34.08594 -118.44569   13000.00
 34.08594 -118.44233   13000.00
 34.08594 -118.43898   13000.00
 34.08594 -118.43562   13000.00
 34.08594 -118.43227   13000.00
 34.08594 -118.42891   13000.00
 34.08594 -118.42555   12666.67
 34.08594 -118.42220   12333.33
 34.08594 -118.41885   12000.00
 34.08594 -118.41549   12000.00
 34.08594 -118.41213   12000.00
 34.08594 -118.40878   12000.00
 34.08594 -118.40543   11888.89
 34.08594 -118.40207   11555.56
 34.08594 -118.39871   11222.22
 34.08594 -118.39536   11000.00
 34.08594 -118.39200   11000.00
 34.08594 -118.38864   11000.00
 34.08594 -118.38529   11000.00
 34.08594 -118.38194   10666.67
 34.08594 -118.37858   10333.33
 34.08594 -118.37522   10111.11
 34.08594 -118.37186   10333.33
 34.08594 -118.36852   10666.67
 34.08594 -118.36516   10888.89
 34.08594 -118.36180   11000.00
 34.08311 -118.57320   12000.00
 34.08311 -118.56984   12000.00
 34.08311 -118.56648   12111.11
 34.08311 -118.56313   12333.33
 34.08311 -118.55978   12666.67
 34.08311 -118.55642   12888.89
 34.08311 -118.55306   13000.00
 34.08311 -118.54971   13000.00
 34.08311 -118.54636   13000.00
 34.08311 -118.54300   13000.00
 34.08311 -118.53964   13000.00
 34.08311 -118.53629   13000.00
 34.08311 -118.53293   13000.00
 34.08311 -118.52957   13000.00
 34.08311 -118.52622   13000.00
 34.08311 -118.52287   13000.00
 34.08311 -118.51951   13000.00
 34.08311 -118.51615   13000.00
 34.08311 -118.51279   13000.00
 34.08311 -118.50945   13000.00
 34.08311 -118.50609   13000.00
 34.08311 -118.50273   13000.00
 34.08311 -118.49937   13000.00
 34.08311 -118.49602   13000.00
 34.08311 -118.49267   13000.00
 34.08311 -118.48931   13000.00
 34.08311 -118.48595   13000.00
 34.08311 -118.48260   13000.00
 34.08311 -118.47924   13000.00
 34.08311 -118.47589   13000.00
 34.08311 -118.47253   13000.00
 34.08311 -118.46918   13000.00
 34.08311 -118.46582   13000.00
 34.08311 -118.46246   13000.00
 34.08311 -118.45911   13000.00
 34.08311 -118.45576   13000.00
 34.08311 -118.45240   13000.00
 34.08311 -118.44904   13000.00
 34.08311 -118.44569   13000.00
 34.08311 -118.44233   13000.00
 34.08311 -118.43898   13000.00
 34.08311 -118.43562   13000.00
 34.08311 -118.43227   13000.00
 34.08311 -118.42891   13000.00
 34.08311 -118.42555   12666.67
 34.08311 -118.42220   12333.33
 34.08311 -118.41885   12000.00
 34.08311 -118.41549   12000.00
 34.08311 -118.41213   12000.00
 34.08311 -118.40878   12000.00
 34.08311 -118.40543   11777.78
 34.08311 -118.40207   11444.44
 34.08311 -118.39871   11111.11
 34.08311 -118.39536   11000.00
 34.08311 -118.39200   11000.00
 34.08311 -118.38864   10888.89
 34.08311 -118.38529   10777.78
 34.08311 -118.38194   10444.44
 34.08311 -118.37858   10333.33
 34.08311 -118.37522   10333.33
 34.08311 -118.37186   10666.67
 34.08311 -118.36852   10888.89
 34.08311 -118.36516   11000.00
 34.08311 -118.36180   11000.00
 34.08029 -118.57320   12000.00
 34.08029 -118.56984   12000.00
 34.08029 -118.56648   12000.00
 34.08029 -118.56313   12111.11
 34.08029 -118.55978   12333.33
 34.08029 -118.55642   12666.67
 34.08029 -118.55306   12888.89
 34.08029 -118.54971   13000.00
 34.08029 -118.54636   13000.00
 34.08029 -118.54300   13000.00
 34.08029 -118.53964   13000.00
 34.08029 -118.53629   13000.00
 34.08029 -118.53293   13000.00
 34.08029 -118.52957   13000.00
 34.08029 -118.52622   13000.00
 34.08029 -118.52287   13000.00
 34.08029 -118.51951   13000.00
 34.08029 -118.51615   13000.00
 34.08029 -118.51279   13000.00
 34.08029 -118.50945   13000.00
 34.08029 -118.50609   13000.00
 34.08029 -118.50273   13000.00
 34.08029 -118.49937   13000.00
 34.08029 -118.49602   13000.00
 34.08029 -118.49267   13000.00
 34.08029 -118.48931   13000.00
 34.08029 -118.48595   13000.00
 34.08029 -118.48260   13000.00
 34.08029 -118.47924   13000.00
 34.08029 -118.47589   13000.00
 34.08029 -118.47253   13000.00
 34.08029 -118.46918   13000.00
 34.08029 -118.46582   13000.00
 34.08029 -118.46246   13000.00
 34.08029 -118.45911   13000.00
 34.08029 -118.45576   13000.00
 34.08029 -118.45240   13000.00
 34.08029 -118.44904   13000.00
 34.08029 -118.44569   13000.00
 34.08029 -118.44233   13000.00
 34.08029 -118.43898   13000.00
 34.08029 -118.43562   13000.00
 34.08029 -118.43227   13000.00
 34.08029 -118.42891   13000.00
 34.08029 -118.42555   12666.67
 34.08029 -118.42220   12333.33
 34.08029 -118.41885   12000.00
 34.08029 -118.41549   12000.00
 34.08029 -118.41213   12000.00
 34.08029 -118.40878   12000.00
 34.08029 -118.40543   11666.67
 34.08029 -118.40207   11333.33
 34.08029 -118.39871   11000.00
 34.08029 -118.39536   11000.00
 34.08029 -118.39200   10888.89
 34.08029 -118.38864   10666.67
 34.08029 -118.38529   10444.44
 34.08029 -118.38194   10222.22
 34.08029 -118.37858   10333.33
 34.08029 -118.37522   10555.56
 34.08029 -118.37186   10888.89
 34.08029 -118.36852   11000.00
 34.08029 -118.36516   11000.00
 34.08029 -118.36180   11000.00
 34.07746 -118.57320   12000.00
 34.07746 -118.56984   12000.00
 34.07746 -118.56648   12000.00
 34.07746 -118.56313   12000.00
 34.07746 -118.55978   12111.11
 34.07746 -118.55642   12333.33
 34.07746 -118.55306   12666.67
 34.07746 -118.54971   12888.89
 34.07746 -118.54636   13000.00
 34.07746 -118.54300   13000.00
 34.07746 -118.53964   13000.00
 34.07746 -118.53629   13000.00
 34.07746 -118.53293   13000.00
 34.07746 -118.52957   13000.00
 34.07746 -118.52622   13000.00
 34.07746 -118.52287   13000.00
 34.07746 -118.51951   13000.00
 34.07746 -118.51615   13000.00
 34.07746 -118.51279   13000.00
 34.07746 -118.50945   13000.00
 34.07746 -118.50609   13000.00
 34.07746 -118.50273   13000.00
 34.07746 -118.49937   13000.00
 34.07746 -118.49602   13000.00
 34.07746 -118.49267   13000.00
 34.07746 -118.48931   13000.00
 34.07746 -118.48595   13000.00
 34.07746 -118.48260   13000.00
 34.07746 -118.47924   13000.00
 34.07746 -118.47589   13000.00
 34.07746 -118.47253   13000.00
 34.07746 -118.46918   13000.00
 34.07746 -118.46582   13000.00
 34.07746 -118.46246   13000.00
 34.07746 -118.45911   13000.00
 34.07746 -118.45576   13000.00
 34.07746 -118.45240   13000.00
 34.07746 -118.44904   13000.00
 34.07746 -118.44569   13000.00
 34.07746 -118.44233   13000.00
 34.07746 -118.43898   13000.00
 34.07746 -118.43562   13000.00
 34.07746 -118.43227   13000.00
 34.07746 -118.42891   12888.89
 34.07746 -118.42555   12555.56
 34.07746 -118.42220   12222.22
 34.07746 -118.41885   12000.00
 34.07746 -118.41549   12000.00
 34.07746 -118.41213   12000.00
 34.07746 -118.40878   11888.89
 34.07746 -118.40543   11555.56
 34.07746 -118.40207   11222.22
 34.07746 -118.39871   10888.89
 34.07746 -118.39536   10777.78
 34.07746 -118.39200   10555.56
 34.07746 -118.38864   10333.33
 34.07746 -118.38529   10111.11
 34.07746 -118.38194   10000.00
 34.07746 -118.37858   10333.33
 34.07746 -118.37522   10666.67
 34.07746 -118.37186   11000.00
 34.07746 -118.36852   11000.00
 34.07746 -118.36516   11000.00
 34.07746 -118.36180   11000.00
 34.07463 -118.57320   12000.00
 34.07463 -118.56984   12000.00
 34.07463 -118.56648   12000.00
 34.07463 -118.56313   12000.00
 34.07463 -118.55978   12000.00
 34.07463 -118.55642   12111.11
 34.07463 -118.55306   12333.33
 34.07463 -118.54971   12555.56
 34.07463 -118.54636   12777.78
 34.07463 -118.54300   12888.89
 34.07463 -118.53964   13000.00
 34.07463 -118.53629   13000.00
 34.07463 -118.53293   13000.00
 34.07463 -118.52957   13000.00
 34.07463 -118.52622   13000.00
 34.07463 -118.52287   13000.00
 34.07463 -118.51951   13000.00
 34.07463 -118.51615   13000.00
 34.07463 -118.51279   13000.00
 34.07463 -118.50945   13000.00
 34.07463 -118.50609   13000.00
 34.07463 -118.50273   13000.00
 34.07463 -118.49937   13000.00
 34.07463 -118.49602   12888.89
 34.07463 -118.49267   12777.78
 34.07463 -118.48931   12666.67
 34.07463 -118.48595   12666.67
 34.07463 -118.48260   12777.78
 34.07463 -118.47924   12888.89
 34.07463 -118.47589   13000.00
 34.07463 -118.47253   13000.00
 34.07463 -118.46918   13000.00
 34.07463 -118.46582   13000.00
 34.07463 -118.46246   13000.00
 34.07463 -118.45911   13000.00
 34.07463 -118.45576   13000.00
 34.07463 -118.45240   13000.00
 34.07463 -118.44904   13000.00
 34.07463 -118.44569   13000.00
 34.07463 -118.44233   13000.00
 34.07463 -118.43898   13000.00
 34.07463 -118.43562   13000.00
 34.07463 -118.43227   13000.00
 34.07463 -118.42891   12777.78
 34.07463 -118.42555   12444.44
 34.07463 -118.42220   12111.11
 34.07463 -118.41885   12000.00
 34.07463 -118.41549   12000.00
 34.07463 -118.41213   12000.00
 34.07463 -118.40878   11777.78
 34.07463 -118.40543   11444.44
 34.07463 -118.40207   11000.00
 34.07463 -118.39871   10666.67
 34.07463 -118.39536   10444.44
 34.07463 -118.39200   10222.22
 34.07463 -118.38864   10111.11
 34.07463 -118.38529   10000.00
 34.07463 -118.38194   10111.11
 34.07463 -118.37858   10444.44
 34.07463 -118.37522   10777.78
 34.07463 -118.37186   11000.00
 34.07463 -118.36852   11000.00
 34.07463 -118.36516   11000.00
 34.07463 -118.36180   11000.00
 34.07180 -118.57320   12000.00
 34.07180 -118.56984   12000.00
 34.07180 -118.56648   12000.00
 34.07180 -118.56313   12000.00
 34.07180 -118.55978   12000.00
 34.07180 -118.55642   12000.00
 34.07180 -118.55306   12111.11
 34.07180 -118.54971   12222.22
 34.07180 -118.54636   12555.56
 34.07180 -118.54300   12777.78
 34.07180 -118.53964   13000.00
 34.07180 -118.53629   13000.00
 34.07180 -118.53293   13000.00
 34.07180 -118.52957   13000.00
 34.07180 -118.52622   13000.00
 34.07180 -118.52287   13000.00
 34.07180 -118.51951   13000.00
 34.07180 -118.51615   13000.00
 34.07180 -118.51279   13000.00
 34.07180 -118.50945   13000.00
 34.07180 -118.50609   13000.00
 34.07180 -118.50273   13000.00
 34.07180 -118.49937   13000.00
 34.07180 -118.49602   12777.78
 34.07180 -118.49267   12555.56
 34.07180 -118.48931   12333.33
 34.07180 -118.48595   12333.33
 34.07180 -118.48260   12555.56
 34.07180 -118.47924   12777.78
 34.07180 -118.47589   13000.00
 34.07180 -118.47253   13000.00
 34.07180 -118.46918   13000.00
 34.07180 -118.46582   13000.00
 34.07180 -118.46246   13000.00
 34.07180 -118.45911   13000.00
 34.07180 -118.45576   13000.00
 34.07180 -118.45240   13000.00
 34.07180 -118.44904   13000.00
 34.07180 -118.44569   13000.00
 34.07180 -118.44233   13000.00
 34.07180 -118.43898   13000.00
 34.07180 -118.43562   13000.00
 34.07180 -118.43227   13000.00
 34.07180 -118.42891   12666.67
 34.07180 -118.42555   12333.33
 34.07180 -118.42220   12000.00
 34.07180 -118.41885   12000.00
 34.07180 -118.41549   12000.00
 34.07180 -118.41213   12000.00
 34.07180 -118.40878   11777.78
 34.07180 -118.40543   11444.44
 34.07180 -118.40207   10888.89
 34.07180 -118.39871   10444.44
 34.07180 -118.39536   10111.11
 34.07180 -118.39200   10000.00
 34.07180 -118.38864   10111.11
 34.07180 -118.38529   10222.22
 34.07180 -118.38194   10444.44
 34.07180 -118.37858   10666.67
 34.07180 -118.37522   10888.89
 34.07180 -118.37186   11000.00
 34.07180 -118.36852   11000.00
 34.07180 -118.36516   11000.00
 34.07180 -118.36180   11000.00
 34.06898 -118.57320   12000.00
 34.06898 -118.56984   12000.00
 34.06898 -118.56648   12000.00
 34.06898 -118.56313   12000.00
 34.06898 -118.55978   12000.00
 34.06898 -118.55642   12000.00
 34.06898 -118.55306   12000.00
 34.06898 -118.54971   12000.00
 34.06898 -118.54636   12333.33
 34.06898 -118.54300   12666.67
 34.06898 -118.53964   13000.00
 34.06898 -118.53629   13000.00
 34.06898 -118.53293   13000.00
 34.06898 -118.52957   13000.00
 34.06898 -118.52622   13000.00
 34.06898 -118.52287   13000.00
 34.06898 -118.51951   13000.00
 34.06898 -118.51615   13000.00
 34.06898 -118.51279   13000.00
 34.06898 -118.50945   13000.00
 34.06898 -118.50609   13000.00
 34.06898 -118.50273   13000.00
 34.06898 -118.49937   13000.00
 34.06898 -118.49602   12666.67
 34.06898 -118.49267   12333.33
 34.06898 -118.48931   12000.00
 34.06898 -118.48595   12000.00
 34.06898 -118.48260   12222.22
 34.06898 -118.47924   12555.56
 34.06898 -118.47589   12888.89
 34.06898 -118.47253   13000.00
 34.06898 -118.46918   13000.00
 34.06898 -118.46582   13000.00
 34.06898 -118.46246   13000.00
 34.06898 -118.45911   13000.00
 34.06898 -118.45576   13000.00
 34.06898 -118.45240   13000.00
 34.06898 -118.44904   13000.00
 34.06898 -118.44569   13000.00
 34.06898 -118.44233   13000.00
 34.06898 -118.43898   13000.00
 34.06898 -118.43562   12888.89
 34.06898 -118.43227   12777.78
 34.06898 -118.42891   12444.44
 34.06898 -118.42555   12222.22
 34.06898 -118.42220   12000.00
 34.06898 -118.41885   12000.00
 34.06898 -118.41549   12000.00
 34.06898 -118.41213   12000.00
 34.06898 -118.40878   11888.89
 34.06898 -118.40543   11444.44
 34.06898 -118.40207   10777.78
 34.06898 -118.39871   10222.22
 34.06898 -118.39536   10111.11
 34.06898 -118.39200   10222.22
 34.06898 -118.38864   10444.44
 34.06898 -118.38529   10555.56
 34.06898 -118.38194   10777.78
 34.06898 -118.37858   10888.89
 34.06898 -118.37522   11000.00
 34.06898 -118.37186   11000.00
 34.06898 -118.36852   11000.00
 34.06898 -118.36516   11000.00
 34.06898 -118.36180   11000.00
 34.06615 -118.57320   11777.78
 34.06615 -118.56984   11888.89
 34.06615 -118.56648   12000.00
 34.06615 -118.56313   12000.00
 34.06615 -118.55978   12000.00
 34.06615 -118.55642   12000.00
 34.06615 -118.55306   12000.00
 34.06615 -118.54971   12000.00
 34.06615 -118.54636   12222.22
 34.06615 -118.54300   12555.56
 34.06615 -118.53964   12888.89
 34.06615 -118.53629   13000.00
 34.06615 -118.53293   13000.00
 34.06615 -118.52957   13000.00
 34.06615 -118.52622   13000.00
 34.06615 -118.52287   13000.00
 34.06615 -118.51951   13000.00
 34.06615 -118.51615   13000.00
 34.06615 -118.51279   13000.00
 34.06615 -118.50945   13000.00
 34.06615 -118.50609   13000.00
 34.06615 -118.50273   13000.00
 34.06615 -118.49937   13000.00
 34.06615 -118.49602   12666.67
 34.06615 -118.49267   12333.33
 34.06615 -118.48931   12000.00
 34.06615 -118.48595   12000.00
 34.06615 -118.48260   12111.11
 34.06615 -118.47924   12333.33
 34.06615 -118.47589   12666.67
 34.06615 -118.47253   12888.89
 34.06615 -118.46918   13000.00
 34.06615 -118.46582   13000.00
 34.06615 -118.46246   13000.00
 34.06615 -118.45911   13000.00
 34.06615 -118.45576   13000.00
 34.06615 -118.45240   13000.00
 34.06615 -118.44904   13000.00
 34.06615 -118.44569   13000.00
 34.06615 -118.44233   13000.00
 34.06615 -118.43898   13000.00
 34.06615 -118.43562   12777.78
 34.06615 -118.43227   12555.56
 34.06615 -118.42891   12222.22
 34.06615 -118.42555   12111.11
 34.06615 -118.42220   12000.00
 34.06615 -118.41885   12000.00
 34.06615 -118.41549   12000.00
 34.06615 -118.41213   12000.00
 34.06615 -118.40878   12000.00
 34.06615 -118.40543   11444.44
 34.06615 -118.40207   10777.78
 34.06615 -118.39871   10222.22
 34.06615 -118.39536   10333.33
 34.06615 -118.39200   10555.56
 34.06615 -118.38864   10777.78
 34.06615 -118.38529   10888.89
 34.06615 -118.38194   11000.00
 34.06615 -118.37858   11000.00
 34.06615 -118.37522   11000.00
 34.06615 -118.37186   11000.00
 34.06615 -118.36852   11000.00
 34.06615 -118.36516   11000.00
 34.06615 -118.36180   11000.00
 34.06332 -118.57320   11444.44
 34.06332 -118.56984   11666.67
 34.06332 -118.56648   11888.89
 34.06332 -118.56313   12000.00
 34.06332 -118.55978   12000.00
 34.06332 -118.55642   12000.00
 34.06332 -118.55306   12000.00
 34.06332 -118.54971   12000.00
 34.06332 -118.54636   12111.11
 34.06332 -118.54300   12444.44
 34.06332 -118.53964   12777.78
 34.06332 -118.53629   13000.00
 34.06332 -118.53293   13000.00
 34.06332 -118.52957   13000.00
 34.06332 -118.52622   13000.00
 34.06332 -118.52287   13000.00
 34.06332 -118.51951   13000.00
 34.06332 -118.51615   13000.00
 34.06332 -118.51279   13000.00
 34.06332 -118.50945   13000.00
 34.06332 -118.50609   13000.00
 34.06332 -118.50273   13000.00
 34.06332 -118.49937   12888.89
 34.06332 -118.49602   12555.56
 34.06332 -118.49267   12222.22
 34.06332 -118.48931   12000.00
 34.06332 -118.48595   12000.00
 34.06332 -118.48260   12000.00
 34.06332 -118.47924   12111.11
 34.06332 -118.47589   12333.33
 34.06332 -118.47253   12666.67
 34.06332 -118.46918   12888.89
 34.06332 -118.46582   13000.00
 34.06332 -118.46246   13000.00
 34.06332 -118.45911   13000.00
 34.06332 -118.45576   13000.00
 34.06332 -118.45240   13000.00
 34.06332 -118.44904   13000.00
 34.06332 -118.44569   12888.89
 34.06332 -118.44233   12777.78
 34.06332 -118.43898   12666.67
 34.06332 -118.43562   12444.44
 34.06332 -118.43227   12222.22
 34.06332 -118.42891   12000.00
 34.06332 -118.42555   12000.00
 34.06332 -118.42220   12000.00
 34.06332 -118.41885   12000.00
 34.06332 -118.41549   12000.00
 34.06332 -118.41213   12000.00
 34.06332 -118.40878   12000.00
 34.06332 -118.40543   11333.33
 34.06332 -118.40207   10777.78
 34.06332 -118.39871   10333.33
 34.06332 -118.39536   10666.67
 34.06332 -118.39200   10888.89
 34.06332 -118.38864   11000.00
 34.06332 -118.38529   11000.00
 34.06332 -118.38194   11000.00
 34.06332 -118.37858   11000.00
 34.06332 -118.37522   11000.00
 34.06332 -118.37186   11000.00
 34.06332 -118.36852   11000.00
 34.06332 -118.36516   11000.00
 34.06332 -118.36180   11000.00
 34.06049 -118.57320   11111.11
 34.06049 -118.56984   11444.44
 34.06049 -118.56648   11777.78
 34.06049 -118.56313   12000.00
 34.06049 -118.55978   12000.00
 34.06049 -118.55642   12000.00
 34.06049 -118.55306   12000.00
 34.06049 -118.54971   12000.00
 34.06049 -118.54636   12000.00
 34.06049 -118.54300   12222.22
 34.06049 -118.53964   12555.56
 34.06049 -118.53629   12888.89
 34.06049 -118.53293   13000.00
 34.06049 -118.52957   13000.00
 34.06049 -118.52622   13000.00
 34.06049 -118.52287   13000.00
 34.06049 -118.51951   13000.00
 34.06049 -118.51615   13000.00
 34.06049 -118.51279   13000.00
 34.06049 -118.50945   13000.00
 34.06049 -118.50609   13000.00
 34.06049 -118.50273   13000.00
 34.06049 -118.49937   12777.78
 34.06049 -118.49602   12444.44
 34.06049 -118.49267   12111.11
 34.06049 -118.48931   12000.00
 34.06049 -118.48595   12000.00
 34.06049 -118.48260   12000.00
 34.06049 -118.47924   12000.00
 34.06049 -118.47589   12111.11
 34.06049 -118.47253   12333.33
 34.06049 -118.46918   12555.56
 34.06049 -118.46582   12666.67
 34.06049 -118.46246   12666.67
 34.06049 -118.45911   12666.67
 34.06049 -118.45576   12666.67
 34.06049 -118.45240   12666.67
 34.06049 -118.44904   12666.67
 34.06049 -118.44569   12555.56
 34.06049 -118.44233   12444.44
 34.06049 -118.43898   12333.33
 34.06049 -118.43562   12222.22
 34.06049 -118.43227   12111.11
 34.06049 -118.42891   12000.00
 34.06049 -118.42555   12000.00
 34.06049 -118.42220   12000.00
 34.06049 -118.41885   12000.00
 34.06049 -118.41549   12000.00
 34.06049 -118.41213   12000.00
 34.06049 -118.40878   12000.00
 34.06049 -118.40543   11555.56
 34.06049 -118.40207   11222.22
 34.06049 -118.39871   11000.00
 34.06049 -118.39536   11222.22
 34.06049 -118.39200   11333.33
 34.06049 -118.38864   11333.33
 34.06049 -118.38529   11333.33
 34.06049 -118.38194   11333.33
 34.06049 -118.37858   11333.33
 34.06049 -118.37522   11333.33
 34.06049 -118.37186   11333.33
 34.06049 -118.36852   11333.33
 34.06049 -118.36516   11333.33
 34.06049 -118.36180   11333.33
 34.05766 -118.57320   11000.00
 34.05766 -118.56984   11222.22
 34.05766 -118.56648   11555.56
 34.05766 -118.56313   11888.89
 34.05766 -118.55978   12000.00
 34.05766 -118.55642   12000.00
 34.05766 -118.55306   12000.00
 34.05766 -118.54971   12000.00
 34.05766 -118.54636   12000.00
 34.05766 -118.54300   12111.11
 34.05766 -118.53964   12444.44
 34.05766 -118.53629   12777.78
 34.05766 -118.53293   13000.00
 34.05766 -118.52957   13000.00
 34.05766 -118.52622   13000.00
 34.05766 -118.52287   13000.00
 34.05766 -118.51951   13000.00
 34.05766 -118.51615   13000.00
 34.05766 -118.51279   13000.00
 34.05766 -118.50945   13000.00
 34.05766 -118.50609   13000.00
 34.05766 -118.50273   12888.89
 34.05766 -118.49937   12555.56
 34.05766 -118.49602   12222.22
 34.05766 -118.49267   12000.00
 34.05766 -118.48931   12000.00
 34.05766 -118.48595   12000.00
 34.05766 -118.48260   12000.00
 34.05766 -118.47924   12000.00
 34.05766 -118.47589   12000.00
 34.05766 -118.47253   12111.11
 34.05766 -118.46918   12222.22
 34.05766 -118.46582   12333.33
 34.05766 -118.46246   12333.33
 34.05766 -118.45911   12333.33
 34.05766 -118.45576   12333.33
 34.05766 -118.45240   12333.33
 34.05766 -118.44904   12333.33
 34.05766 -118.44569   12222.22
 34.05766 -118.44233   12111.11
 34.05766 -118.43898   12000.00
 34.05766 -118.43562   12000.00
 34.05766 -118.43227   12000.00
 34.05766 -118.42891   12000.00
 34.05766 -118.42555   12000.00
 34.05766 -118.42220   12000.00
 34.05766 -118.41885   12000.00
 34.05766 -118.41549   12000.00
 34.05766 -118.41213   12000.00
 34.05766 -118.40878   12000.00
 34.05766 -118.40543   11777.78
 34.05766 -118.40207   11666.67
 34.05766 -118.39871   11555.56
 34.05766 -118.39536   11666.67
 34.05766 -118.39200   11666.67
 34.05766 -118.38864   11666.67
 34.05766 -118.38529   11666.67
 34.05766 -118.38194   11666.67
 34.05766 -118.37858   11666.67
 34.05766 -118.37522   11666.67
 34.05766 -118.37186   11666.67
 34.05766 -118.36852   11666.67
 34.05766 -118.36516   11666.67
 34.05766 -118.36180   11666.67
 34.05484 -118.57320   11000.00
 34.05484 -118.56984   11111.11
 34.05484 -118.56648   11333.33
 34.05484 -118.56313   11666.67
 34.05484 -118.55978   11888.89
 34.05484 -118.55642   12000.00
 34.05484 -118.55306   12000.00
 34.05484 -118.54971   12000.00
 34.05484 -118.54636   12000.00
 34.05484 -118.54300   12000.00
 34.05484 -118.53964   12222.22
 34.05484 -118.53629   12555.56
 34.05484 -118.53293   12888.89
 34.05484 -118.52957   13000.00
 34.05484 -118.52622   13000.00
 34.05484 -118.52287   13000.00
 34.05484 -118.51951   13000.00
 34.05484 -118.51615   13000.00
 34.05484 -118.51279   13000.00
 34.05484 -118.50945   13000.00
 34.05484 -118.50609   13000.00
 34.05484 -118.50273   12777.78
 34.05484 -118.49937   12444.44
 34.05484 -118.49602   12111.11
 34.05484 -118.49267   12000.00
 34.05484 -118.48931   12000.00
 34.05484 -118.48595   12000.00
 34.05484 -118.48260   12000.00
 34.05484 -118.47924   12000.00
 34.05484 -118.47589   12000.00
 34.05484 -118.47253   12000.00
 34.05484 -118.46918   12000.00
 34.05484 -118.46582   12000.00
 34.05484 -118.46246   12000.00
 34.05484 -118.45911   12000.00
 34.05484 -118.45576   12000.00
 34.05484 -118.45240   12000.00
 34.05484 -118.44904   12000.00
 34.05484 -118.44569   12000.00
 34.05484 -118.44233   12000.00
 34.05484 -118.43898   12000.00
 34.05484 -118.43562   12000.00
 34.05484 -118.43227   12000.00
 34.05484 -118.42891   12000.00
 34.05484 -118.42555   12000.00
 34.05484 -118.42220   12000.00
 34.05484 -118.41885   12000.00
 34.05484 -118.41549   12000.00
 34.05484 -118.41213   12000.00
 34.05484 -118.40878   12000.00
 34.05484 -118.40543   12000.00
 34.05484 -118.40207   12000.00
 34.05484 -118.39871   12000.00
 34.05484 -118.39536   12000.00
 34.05484 -118.39200   12000.00
 34.05484 -118.38864   12000.00
 34.05484 -118.38529   12000.00
 34.05484 -118.38194   12000.00
 34.05484 -118.37858   12000.00
 34.05484 -118.37522   12000.00
 34.05484 -118.37186   12000.00
 34.05484 -118.36852   12000.00
 34.05484 -118.36516   12000.00
 34.05484 -118.36180   12000.00
 34.05201 -118.57320   11000.00
 34.05201 -118.56984   11000.00
 34.05201 -118.56648   11111.11
 34.05201 -118.56313   11333.33
 34.05201 -118.55978   11555.56
 34.05201 -118.55642   11777.78
 34.05201 -118.55306   11888.89
 34.05201 -118.54971   12000.00
 34.05201 -118.54636   12000.00
 34.05201 -118.54300   12000.00
 34.05201 -118.53964   12111.11
 34.05201 -118.53629   12333.33
 34.05201 -118.53293   12555.56
 34.05201 -118.52957   12666.67
 34.05201 -118.52622   12666.67
 34.05201 -118.52287   12666.67
 34.05201 -118.51951   12777.78
 34.05201 -118.51615   12777.78
 34.05201 -118.51279   12777.78
 34.05201 -118.50945   12666.67
 34.05201 -118.50609   12666.67
 34.05201 -118.50273   12444.44
 34.05201 -118.49937   12222.22
 34.05201 -118.49602   12000.00
 34.05201 -118.49267   12000.00
 34.05201 -118.48931   12000.00
 34.05201 -118.48595   12000.00
 34.05201 -118.48260   12000.00
 34.05201 -118.47924   12000.00
 34.05201 -118.47589   12000.00
 34.05201 -118.47253   12000.00
 34.05201 -118.46918   12000.00
 34.05201 -118.46582   12000.00
 34.05201 -118.46246   12000.00
 34.05201 -118.45911   12000.00
 34.05201 -118.45576   12000.00
 34.05201 -118.45240   12000.00
 34.05201 -118.44904   12000.00
 34.05201 -118.44569   12000.00
 34.05201 -118.44233   12000.00
 34.05201 -118.43898   12000.00
 34.05201 -118.43562   12000.00
 34.05201 -118.43227   12000.00
 34.05201 -118.42891   12000.00
 34.05201 -118.42555   12000.00
 34.05201 -118.42220   12000.00
 34.05201 -118.41885   12000.00
 34.05201 -118.41549   12000.00
 34.05201 -118.41213   12000.00
 34.05201 -118.40878   12000.00
 34.05201 -118.40543   12000.00
 34.05201 -118.40207   12000.00
 34.05201 -118.39871   12000.00
 34.05201 -118.39536   12000.00
 34.05201 -118.39200   12000.00
 34.05201 -118.38864   12000.00
 34.05201 -118.38529   12000.00
 34.05201 -118.38194   12000.00
 34.05201 -118.37858   12000.00
 34.05201 -118.37522   12000.00
 34.05201 -118.37186   12000.00
 34.05201 -118.36852   12000.00
 34.05201 -118.36516   12000.00
 34.05201 -118.36180   12000.00
 34.04918 -118.57320   11000.00
 34.04918 -118.56984   11000.00
 34.04918 -118.56648   11000.00
 34.04918 -118.56313   11111.11
 34.04918 -118.55978   11222.22
 34.04918 -118.55642   11555.56
 34.04918 -118.55306   11666.67
 34.04918 -118.54971   11777.78
 34.04918 -118.54636   11777.78
 34.04918 -118.54300   11888.89
 34.04918 -118.53964   12000.00
 34.04918 -118.53629   12111.11
 34.04918 -118.53293   12222.22
 34.04918 -118.52957   12333.33
 34.04918 -118.52622   12333.33
 34.04918 -118.52287   12333.33
 34.04918 -118.51951   12444.44
 34.04918 -118.51615   12444.44
 34.04918 -118.51279   12444.44
 34.04918 -118.50945   12333.33
 34.04918 -118.50609   12333.33
 34.04918 -118.50273   12222.22
 34.04918 -118.49937   12111.11
 34.04918 -118.49602   12000.00
 34.04918 -118.49267   12000.00
 34.04918 -118.48931   12000.00
 34.04918 -118.48595   12000.00
 34.04918 -118.48260   12000.00
 34.04918 -118.47924   12000.00
 34.04918 -118.47589   12000.00
 34.04918 -118.47253   12000.00
 34.04918 -118.46918   12000.00
 34.04918 -118.46582   12000.00
 34.04918 -118.46246   12000.00
 34.04918 -118.45911   12000.00
 34.04918 -118.45576   12000.00
 34.04918 -118.45240   12000.00
 34.04918 -118.44904   12000.00
 34.04918 -118.44569   12000.00
 34.04918 -118.44233   12000.00
 34.04918 -118.43898   12000.00
 34.04918 -118.43562   12000.00
 34.04918 -118.43227   12000.00
 34.04918 -118.42891   12000.00
 34.04918 -118.42555   12000.00
 34.04918 -118.42220   12000.00
 34.04918 -118.41885   12000.00
 34.04918 -118.41549   12000.00
 34.04918 -118.41213   12000.00
 34.04918 -118.40878   12000.00
 34.04918 -118.40543   12000.00
 34.04918 -118.40207   12000.00
 34.04918 -118.39871   12000.00
 34.04918 -118.39536   12000.00
 34.04918 -118.39200   12000.00
 34.04918 -118.38864   12000.00
 34.04918 -118.38529   12000.00
 34.04918 -118.38194   12000.00
 34.04918 -118.37858   12000.00
 34.04918 -118.37522   12000.00
 34.04918 -118.37186   12000.00
 34.04918 -118.36852   12000.00
 34.04918 -118.36516   12000.00
 34.04918 -118.36180   12000.00
 34.04635 -118.57320   11000.00
 34.04635 -118.56984   11000.00
 34.04635 -118.56648   11000.00
 34.04635 -118.56313   11000.00
 34.04635 -118.55978   11000.00
 34.04635 -118.55642   11222.22
 34.04635 -118.55306   11333.33
 34.04635 -118.54971   11444.44
 34.04635 -118.54636   11444.44
 34.04635 -118.54300   11555.56
 34.04635 -118.53964   11666.67
 34.04635 -118.53629   11777.78
 34.04635 -118.53293   11888.89
 34.04635 -118.52957   12000.00
 34.04635 -118.52622   12000.00
 34.04635 -118.52287   12000.00
 34.04635 -118.51951   12111.11
 34.04635 -118.51615   12111.11
 34.04635 -118.51279   12111.11
 34.04635 -118.50945   12000.00
 34.04635 -118.50609   12000.00
 34.04635 -118.50273   12000.00
 34.04635 -118.49937   12000.00
 34.04635 -118.49602   12000.00
 34.04635 -118.49267   12000.00
 34.04635 -118.48931   12000.00
 34.04635 -118.48595   12000.00
 34.04635 -118.48260   12000.00
 34.04635 -118.47924   12000.00
 34.04635 -118.47589   12000.00
 34.04635 -118.47253   12000.00
 34.04635 -118.46918   12000.00
 34.04635 -118.46582   12000.00
 34.04635 -118.46246   12000.00
 34.04635 -118.45911   12000.00
 34.04635 -118.45576   12000.00
 34.04635 -118.45240   12000.00
 34.04635 -118.44904   12000.00
 34.04635 -118.44569   12000.00
 34.04635 -118.44233   12000.00
 34.04635 -118.43898   12000.00
 34.04635 -118.43562   12000.00
 34.04635 -118.43227   12000.00
 34.04635 -118.42891   12000.00
 34.04635 -118.42555   12000.00
 34.04635 -118.42220   12000.00
 34.04635 -118.41885   12000.00
 34.04635 -118.41549   12000.00
 34.04635 -118.41213   12000.00
 34.04635 -118.40878   12000.00
 34.04635 -118.40543   12000.00
 34.04635 -118.40207   12000.00
 34.04635 -118.39871   12000.00
 34.04635 -118.39536   12000.00
 34.04635 -118.39200   12000.00
 34.04635 -118.38864   12000.00
 34.04635 -118.38529   12000.00
 34.04635 -118.38194   12000.00
 34.04635 -118.37858   12000.00
 34.04635 -118.37522   12000.00
 34.04635 -118.37186   12000.00
 34.04635 -118.36852   12000.00
 34.04635 -118.36516   12000.00
 34.04635 -118.36180   12000.00
 34.04353 -118.57320   11000.00
 34.04353 -118.56984   11000.00
 34.04353 -118.56648   11000.00
 34.04353 -118.56313   11000.00
 34.04353 -118.55978   11000.00
 34.04353 -118.55642   11111.11
 34.04353 -118.55306   11111.11
 34.04353 -118.54971   11111.11
 34.04353 -118.54636   11111.11
 34.04353 -118.54300   11222.22
 34.04353 -118.53964   11333.33
 34.04353 -118.53629   11555.56
 34.04353 -118.53293   11777.78
 34.04353 -118.52957   11888.89
 34.04353 -118.52622   11777.78
 34.04353 -118.52287   11666.67
 34.04353 -118.51951   11666.67
 34.04353 -118.51615   11777.78
 34.04353 -118.51279   11888.89
 34.04353 -118.50945   12000.00
 34.04353 -118.50609   12000.00
 34.04353 -118.50273   12000.00
 34.04353 -118.49937   12000.00
 34.04353 -118.49602   12000.00
 34.04353 -118.49267   12000.00
 34.04353 -118.48931   12000.00
 34.04353 -118.48595   12000.00
 34.04353 -118.48260   12000.00
 34.04353 -118.47924   12000.00
 34.04353 -118.47589   12000.00
 34.04353 -118.47253   12000.00
 34.04353 -118.46918   12000.00
 34.04353 -118.46582   12000.00
 34.04353 -118.46246   12000.00
 34.04353 -118.45911   12000.00
 34.04353 -118.45576   12000.00
 34.04353 -118.45240   12000.00
 34.04353 -118.44904   12000.00
 34.04353 -118.44569   12000.00
 34.04353 -118.44233   12000.00
 34.04353 -118.43898   12000.00
 34.04353 -118.43562   12000.00
 34.04353 -118.43227   12000.00
 34.04353 -118.42891   12000.00
 34.04353 -118.42555   12000.00
 34.04353 -118.42220   12000.00
 34.04353 -118.41885   12000.00
 34.04353 -118.41549   12000.00
 34.04353 -118.41213   12000.00
 34.04353 -118.40878   12000.00
 34.04353 -118.40543   12000.00
 34.04353 -118.40207   12000.00
 34.04353 -118.39871   12000.00
 34.04353 -118.39536   12000.00
 34.04353 -118.39200   12000.00
 34.04353 -118.38864   12000.00
 34.04353 -118.38529   12000.00
 34.04353 -118.38194   12000.00
 34.04353 -118.37858   12000.00
 34.04353 -118.37522   12000.00
 34.04353 -118.37186   12000.00
 34.04353 -118.36852   12000.00
 34.04353 -118.36516   12000.00
 34.04353 -118.36180   12000.00
 34.04070 -118.57320   11000.00
 34.04070 -118.56984   11000.00
 34.04070 -118.56648   11000.00
 34.04070 -118.56313   11000.00
 34.04070 -118.55978   11000.00
 34.04070 -118.55642   11000.00
 34.04070 -118.55306   11000.00
 34.04070 -118.54971   11000.00
 34.04070 -118.54636   11000.00
 34.04070 -118.54300   11000.00
 34.04070 -118.53964   11000.00
 34.04070 -118.53629   11222.22
 34.04070 -118.53293   11444.44
 34.04070 -118.52957   11555.56
 34.04070 -118.52622   11444.44
 34.04070 -118.52287   11333.33
 34.04070 -118.51951   11333.33
 34.04070 -118.51615   11444.44
 34.04070 -118.51279   11555.56
 34.04070 -118.50945   11666.67
 34.04070 -118.50609   11777.78
 34.04070 -118.50273   11888.89
 34.04070 -118.49937   12000.00
 34.04070 -118.49602   12000.00
 34.04070 -118.49267   12000.00
 34.04070 -118.48931   12000.00
 34.04070 -118.48595   12000.00
 34.04070 -118.48260   12000.00
 34.04070 -118.47924   12000.00
 34.04070 -118.47589   12000.00
 34.04070 -118.47253   12000.00
 34.04070 -118.46918   12000.00
 34.04070 -118.46582   12000.00
 34.04070 -118.46246   12000.00
 34.04070 -118.45911   12000.00
 34.04070 -118.45576   12000.00
 34.04070 -118.45240   12000.00
 34.04070 -118.44904   12000.00
 34.04070 -118.44569   12000.00
 34.04070 -118.44233   12000.00
 34.04070 -118.43898   12000.00
 34.04070 -118.43562   12000.00
 34.04070 -118.43227   12000.00
 34.04070 -118.42891   12000.00
 34.04070 -118.42555   12000.00
 34.04070 -118.42220   12000.00
 34.04070 -118.41885   12000.00
 34.04070 -118.41549   12000.00
 34.04070 -118.41213   12000.00
 34.04070 -118.40878   12000.00
 34.04070 -118.40543   12000.00
 34.04070 -118.40207   12000.00
 34.04070 -118.39871   12000.00
 34.04070 -118.39536   12000.00
 34.04070 -118.39200   12000.00
 34.04070 -118.38864   12000.00
 34.04070 -118.38529   12000.00
 34.04070 -118.38194   12000.00
 34.04070 -118.37858   12000.00
 34.04070 -118.37522   12000.00
 34.04070 -118.37186   12000.00
 34.04070 -118.36852   12000.00
 34.04070 -118.36516   12000.00
 34.04070 -118.36180   12000.00
 34.03787 -118.57320   11000.00
 34.03787 -118.56984   11000.00
 34.03787 -118.56648   11000.00
 34.03787 -118.56313   11000.00
 34.03787 -118.55978   11000.00
 34.03787 -118.55642   11000.00
 34.03787 -118.55306   11000.00
 34.03787 -118.54971   11000.00
 34.03787 -118.54636   11000.00
 34.03787 -118.54300   11000.00
 34.03787 -118.53964   11000.00
 34.03787 -118.53629   11111.11
 34.03787 -118.53293   11222.22
 34.03787 -118.52957   11222.22
 34.03787 -118.52622   11111.11
 34.03787 -118.52287   11000.00
 34.03787 -118.51951   11000.00
 34.03787 -118.51615   11111.11
 34.03787 -118.51279   11222.22
 34.03787 -118.50945   11333.33
 34.03787 -118.50609   11555.56
 34.03787 -118.50273   11777.78
 34.03787 -118.49937   12000.00
 34.03787 -118.49602   12000.00
 34.03787 -118.49267   12000.00
 34.03787 -118.48931   12000.00
 34.03787 -118.48595   12000.00
 34.03787 -118.48260   12000.00
 34.03787 -118.47924   12000.00
 34.03787 -118.47589   12000.00
 34.03787 -118.47253   12000.00
 34.03787 -118.46918   12000.00
 34.03787 -118.46582   12000.00
 34.03787 -118.46246   12000.00
 34.03787 -118.45911   12000.00
 34.03787 -118.45576   12000.00
 34.03787 -118.45240   12000.00
 34.03787 -118.44904   12000.00
 34.03787 -118.44569   12000.00
 34.03787 -118.44233   12000.00
 34.03787 -118.43898   12000.00
 34.03787 -118.43562   12000.00
 34.03787 -118.43227   12000.00
 34.03787 -118.42891   12000.00
 34.03787 -118.42555   12000.00
 34.03787 -118.42220   12000.00
 34.03787 -118.41885   12000.00
 34.03787 -118.41549   12000.00
 34.03787 -118.41213   12000.00
 34.03787 -118.40878   12000.00
 34.03787 -118.40543   12000.00
 34.03787 -118.40207   12000.00
 34.03787 -118.39871   12000.00
 34.03787 -118.39536   12000.00
 34.03787 -118.39200   12000.00
 34.03787 -118.38864   12000.00
 34.03787 -118.38529   12000.00
 34.03787 -118.38194   12000.00
 34.03787 -118.37858   12000.00
 34.03787 -118.37522   12000.00
 34.03787 -118.37186   12000.00
 34.03787 -118.36852   12000.00
 34.03787 -118.36516   12000.00
 34.03787 -118.36180   12000.00
 34.03504 -118.57320   11000.00
 34.03504 -118.56984   11000.00
 34.03504 -118.56648   11000.00
 34.03504 -118.56313   10888.89
 34.03504 -118.55978   10888.89
 34.03504 -118.55642   10888.89
 34.03504 -118.55306   11000.00
 34.03504 -118.54971   11000.00
 34.03504 -118.54636   11000.00
 34.03504 -118.54300   11000.00
 34.03504 -118.53964   11000.00
 34.03504 -118.53629   11000.00
 34.03504 -118.53293   11000.00
 34.03504 -118.52957   11000.00
 34.03504 -118.52622   11000.00
 34.03504 -118.52287   11000.00
 34.03504 -118.51951   11000.00
 34.03504 -118.51615   11000.00
 34.03504 -118.51279   11000.00
 34.03504 -118.50945   11000.00
 34.03504 -118.50609   11333.33
 34.03504 -118.50273   11666.67
 34.03504 -118.49937   12000.00
 34.03504 -118.49602   12000.00
 34.03504 -118.49267   12000.00
 34.03504 -118.48931   12000.00
 34.03504 -118.48595   12000.00
 34.03504 -118.48260   12000.00
 34.03504 -118.47924   12000.00
 34.03504 -118.47589   12000.00
 34.03504 -118.47253   12000.00
 34.03504 -118.46918   12000.00
 34.03504 -118.46582   12000.00
 34.03504 -118.46246   12000.00
 34.03504 -118.45911   12000.00
 34.03504 -118.45576   12000.00
 34.03504 -118.45240   12000.00
 34.03504 -118.44904   12000.00
 34.03504 -118.44569   12000.00
 34.03504 -118.44233   12000.00
 34.03504 -118.43898   12000.00
 34.03504 -118.43562   12000.00
 34.03504 -118.43227   12000.00
 34.03504 -118.42891   12000.00
 34.03504 -118.42555   12000.00
 34.03504 -118.42220   12000.00
 34.03504 -118.41885   12000.00
 34.03504 -118.41549   12000.00
 34.03504 -118.41213   12000.00
 34.03504 -118.40878   12000.00
 34.03504 -118.40543   12000.00
 34.03504 -118.40207   12000.00
 34.03504 -118.39871   12000.00
 34.03504 -118.39536   12000.00
 34.03504 -118.39200   12000.00
 34.03504 -118.38864   12000.00
 34.03504 -118.38529   12000.00
 34.03504 -118.38194   12000.00
 34.03504 -118.37858   12000.00
 34.03504 -118.37522   12000.00
 34.03504 -118.37186   12000.00
 34.03504 -118.36852   12000.00
 34.03504 -118.36516   12000.00
 34.03504 -118.36180   12000.00
 34.03222 -118.57320   10666.67
 34.03222 -118.56984   10666.67
 34.03222 -118.56648   10666.67
 34.03222 -118.56313   10555.56
 34.03222 -118.55978   10555.56
 34.03222 -118.55642   10555.56
 34.03222 -118.55306   10666.67
 34.03222 -118.54971   10666.67
 34.03222 -118.54636   10666.67
 34.03222 -118.54300   10666.67
 34.03222 -118.53964   10777.78
 34.03222 -118.53629   10888.89
 34.03222 -118.53293   11000.00
 34.03222 -118.52957   11000.00
 34.03222 -118.52622   10888.89
 34.03222 -118.52287   10888.89
 34.03222 -118.51951   10888.89
 34.03222 -118.51615   11000.00
 34.03222 -118.51279   11000.00
 34.03222 -118.50945   11000.00
 34.03222 -118.50609   11333.33
 34.03222 -118.50273   11666.67
 34.03222 -118.49937   12000.00
 34.03222 -118.49602   12000.00
 34.03222 -118.49267   12000.00
 34.03222 -118.48931   12000.00
 34.03222 -118.48595   12000.00
 34.03222 -118.48260   12000.00
 34.03222 -118.47924   12000.00
 34.03222 -118.47589   12000.00
 34.03222 -118.47253   12000.00
 34.03222 -118.46918   12000.00
 34.03222 -118.46582   12000.00
 34.03222 -118.46246   12000.00
 34.03222 -118.45911   12000.00
 34.03222 -118.45576   12000.00
 34.03222 -118.45240   12000.00
 34.03222 -118.44904   12000.00
 34.03222 -118.44569   12000.00
 34.03222 -118.44233   12000.00
 34.03222 -118.43898   12000.00
 34.03222 -118.43562   12000.00
 34.03222 -118.43227   12000.00
 34.03222 -118.42891   12000.00
 34.03222 -118.42555   12000.00
 34.03222 -118.42220   12000.00
 34.03222 -118.41885   12000.00
 34.03222 -118.41549   12000.00
 34.03222 -118.41213   12000.00
 34.03222 -118.40878   12000.00
 34.03222 -118.40543   12000.00
 34.03222 -118.40207   12000.00
 34.03222 -118.39871   12000.00
 34.03222 -118.39536   12000.00
 34.03222 -118.39200   12000.00
 34.03222 -118.38864   12000.00
 34.03222 -118.38529   12000.00
 34.03222 -118.38194   12000.00
 34.03222 -118.37858   12000.00
 34.03222 -118.37522   12000.00
 34.03222 -118.37186   12000.00
 34.03222 -118.36852   12000.00
 34.03222 -118.36516   12000.00
 34.03222 -118.36180   12000.00
 34.02938 -118.57320   10333.33
 34.02938 -118.56984   10333.33
 34.02938 -118.56648   10333.33
 34.02938 -118.56313   10222.22
 34.02938 -118.55978   10222.22
 34.02938 -118.55642   10222.22
 34.02938 -118.55306   10333.33
 34.02938 -118.54971   10333.33
 34.02938 -118.54636   10333.33
 34.02938 -118.54300   10333.33
 34.02938 -118.53964   10444.44
 34.02938 -118.53629   10555.56
 34.02938 -118.53293   10666.67
 34.02938 -118.52957   10666.67
 34.02938 -118.52622   10555.56
 34.02938 -118.52287   10555.56
 34.02938 -118.51951   10666.67
 34.02938 -118.51615   10888.89
 34.02938 -118.51279   11000.00
 34.02938 -118.50945   11000.00
 34.02938 -118.50609   11222.22
 34.02938 -118.50273   11444.44
 34.02938 -118.49937   11666.67
 34.02938 -118.49602   11666.67
 34.02938 -118.49267   11777.78
 34.02938 -118.48931   11888.89
 34.02938 -118.48595   12000.00
 34.02938 -118.48260   12000.00
 34.02938 -118.47924   12000.00
 34.02938 -118.47589   12000.00
 34.02938 -118.47253   12000.00
 34.02938 -118.46918   12000.00
 34.02938 -118.46582   12000.00
 34.02938 -118.46246   12000.00
 34.02938 -118.45911   12000.00
 34.02938 -118.45576   12000.00
 34.02938 -118.45240   12000.00
 34.02938 -118.44904   12000.00
 34.02938 -118.44569   12000.00
 34.02938 -118.44233   12000.00
 34.02938 -118.43898   12000.00
 34.02938 -118.43562   12000.00
 34.02938 -118.43227   12000.00
 34.02938 -118.42891   12000.00
 34.02938 -118.42555   12000.00
 34.02938 -118.42220   12000.00
 34.02938 -118.41885   12000.00
 34.02938 -118.41549   12000.00
 34.02938 -118.41213   12000.00
 34.02938 -118.40878   12000.00
 34.02938 -118.40543   12000.00
 34.02938 -118.40207   12000.00
 34.02938 -118.39871   12000.00
 34.02938 -118.39536   12000.00
 34.02938 -118.39200   12000.00
 34.02938 -118.38864   12000.00
 34.02938 -118.38529   12000.00
 34.02938 -118.38194   12000.00
 34.02938 -118.37858   12000.00
 34.02938 -118.37522   12000.00
 34.02938 -118.37186   12000.00
 34.02938 -118.36852   12000.00
 34.02938 -118.36516   12000.00
 34.02938 -118.36180   12000.00
 34.02656 -118.57320   10000.00
 34.02656 -118.56984   10000.00
 34.02656 -118.56648   10000.00
 34.02656 -118.56313   10000.00
 34.02656 -118.55978   10000.00
 34.02656 -118.55642   10000.00
 34.02656 -118.55306   10000.00
 34.02656 -118.54971   10000.00
 34.02656 -118.54636   10000.00
 34.02656 -118.54300   10000.00
 34.02656 -118.53964   10111.11
 34.02656 -118.53629   10222.22
 34.02656 -118.53293   10333.33
 34.02656 -118.52957   10333.33
 34.02656 -118.52622   10222.22
 34.02656 -118.52287   10222.22
 34.02656 -118.51951   10444.44
 34.02656 -118.51615   10777.78
 34.02656 -118.51279   11000.00
 34.02656 -118.50945   11000.00
 34.02656 -118.50609   11111.11
 34.02656 -118.50273   11222.22
 34.02656 -118.49937   11333.33
 34.02656 -118.49602   11222.22
 34.02656 -118.49267   11444.44
 34.02656 -118.48931   11666.67
 34.02656 -118.48595   12000.00
 34.02656 -118.48260   12000.00
 34.02656 -118.47924   12000.00
 34.02656 -118.47589   12000.00
 34.02656 -118.47253   12000.00
 34.02656 -118.46918   12000.00
 34.02656 -118.46582   12000.00
 34.02656 -118.46246   12000.00
 34.02656 -118.45911   12000.00
 34.02656 -118.45576   12000.00
 34.02656 -118.45240   12000.00
 34.02656 -118.44904   12000.00
 34.02656 -118.44569   12000.00
 34.02656 -118.44233   12000.00
 34.02656 -118.43898   12000.00
 34.02656 -118.43562   12000.00
 34.02656 -118.43227   12000.00
 34.02656 -118.42891   12000.00
 34.02656 -118.42555   12000.00
 34.02656 -118.42220   12000.00
 34.02656 -118.41885   12000.00
 34.02656 -118.41549   12000.00
 34.02656 -118.41213   12000.00
 34.02656 -118.40878   12000.00
 34.02656 -118.40543   12000.00
 34.02656 -118.40207   12000.00
 34.02656 -118.39871   12000.00
 34.02656 -118.39536   12000.00
 34.02656 -118.39200   12000.00
 34.02656 -118.38864   12000.00
 34.02656 -118.38529   12000.00
 34.02656 -118.38194   12000.00
 34.02656 -118.37858   12000.00
 34.02656 -118.37522   12000.00
 34.02656 -118.37186   12000.00
 34.02656 -118.36852   12000.00
 34.02656 -118.36516   12000.00
 34.02656 -118.36180   12000.00
 34.02373 -118.57320    9666.67
 34.02373 -118.56984    9666.67
 34.02373 -118.56648    9666.67
 34.02373 -118.56313    9666.67
 34.02373 -118.55978    9666.67
 34.02373 -118.55642    9777.78
 34.02373 -118.55306    9777.78
 34.02373 -118.54971    9777.78
 34.02373 -118.54636    9777.78
 34.02373 -118.54300    9888.89
 34.02373 -118.53964   10000.00
 34.02373 -118.53629   10000.00
 34.02373 -118.53293   10000.00
 34.02373 -118.52957   10000.00
 34.02373 -118.52622   10000.00
 34.02373 -118.52287   10000.00
 34.02373 -118.51951   10222.22
 34.02373 -118.51615   10555.56
 34.02373 -118.51279   10888.89
 34.02373 -118.50945   10888.89
 34.02373 -118.50609   10777.78
 34.02373 -118.50273   10777.78
 34.02373 -118.49937   10777.78
 34.02373 -118.49602   10666.67
 34.02373 -118.49267   10888.89
 34.02373 -118.48931   11222.22
 34.02373 -118.48595   11666.67
 34.02373 -118.48260   11777.78
 34.02373 -118.47924   11888.89
 34.02373 -118.47589   11888.89
 34.02373 -118.47253   11777.78
 34.02373 -118.46918   11777.78
 34.02373 -118.46582   11888.89
 34.02373 -118.46246   11888.89
 34.02373 -118.45911   11888.89
 34.02373 -118.45576   11888.89
 34.02373 -118.45240   12000.00
 34.02373 -118.44904   11888.89
 34.02373 -118.44569   11888.89
 34.02373 -118.44233   11888.89
 34.02373 -118.43898   12000.00
 34.02373 -118.43562   12000.00
 34.02373 -118.43227   12000.00
 34.02373 -118.42891   12000.00
 34.02373 -118.42555   12000.00
 34.02373 -118.42220   12000.00
 34.02373 -118.41885   12000.00
 34.02373 -118.41549   12000.00
 34.02373 -118.41213   12000.00
 34.02373 -118.40878   12000.00
 34.02373 -118.40543   12000.00
 34.02373 -118.40207   12000.00
 34.02373 -118.39871   12000.00
 34.02373 -118.39536   12000.00
 34.02373 -118.39200   12000.00
 34.02373 -118.38864   12000.00
 34.02373 -118.38529   12000.00
 34.02373 -118.38194   12000.00
 34.02373 -118.37858   12000.00
 34.02373 -118.37522   12000.00
 34.02373 -118.37186   12000.00
 34.02373 -118.36852   12000.00
 34.02373 -118.36516   12000.00
 34.02373 -118.36180   12000.00
 34.02090 -118.57320    9333.33
 34.02090 -118.56984    9333.33
 34.02090 -118.56648    9333.33
 34.02090 -118.56313    9333.33
 34.02090 -118.55978    9333.33
 34.02090 -118.55642    9444.44
 34.02090 -118.55306    9444.44
 34.02090 -118.54971    9444.44
 34.02090 -118.54636    9444.44
 34.02090 -118.54300    9666.67
 34.02090 -118.53964    9888.89
 34.02090 -118.53629   10000.00
 34.02090 -118.53293   10000.00
 34.02090 -118.52957   10000.00
 34.02090 -118.52622   10000.00
 34.02090 -118.52287   10000.00
 34.02090 -118.51951   10111.11
 34.02090 -118.51615   10444.44
 34.02090 -118.51279   10666.67
 34.02090 -118.50945   10666.67
 34.02090 -118.50609   10444.44
 34.02090 -118.50273   10555.56
 34.02090 -118.49937   10555.56
 34.02090 -118.49602   10444.44
 34.02090 -118.49267   10444.44
 34.02090 -118.48931   10777.78
 34.02090 -118.48595   11222.22
 34.02090 -118.48260   11555.56
 34.02090 -118.47924   11666.67
 34.02090 -118.47589   11666.67
 34.02090 -118.47253   11444.44
 34.02090 -118.46918   11555.56
 34.02090 -118.46582   11666.67
 34.02090 -118.46246   11666.67
 34.02090 -118.45911   11555.56
 34.02090 -118.45576   11666.67
 34.02090 -118.45240   11888.89
 34.02090 -118.44904   11777.78
 34.02090 -118.44569   11777.78
 34.02090 -118.44233   11777.78
 34.02090 -118.43898   12000.00
 34.02090 -118.43562   11888.89
 34.02090 -118.43227   11888.89
 34.02090 -118.42891   11888.89
 34.02090 -118.42555   12000.00
 34.02090 -118.42220   12000.00
 34.02090 -118.41885   12000.00
 34.02090 -118.41549   12000.00
 34.02090 -118.41213   12000.00
 34.02090 -118.40878   12000.00
 34.02090 -118.40543   12000.00
 34.02090 -118.40207   12000.00
 34.02090 -118.39871   12000.00
 34.02090 -118.39536   12000.00
 34.02090 -118.39200   12000.00
 34.02090 -118.38864   12000.00
 34.02090 -118.38529   12000.00
 34.02090 -118.38194   12000.00
 34.02090 -118.37858   12000.00
 34.02090 -118.37522   12000.00
 34.02090 -118.37186   12000.00
 34.02090 -118.36852   12000.00
 34.02090 -118.36516   12000.00
 34.02090 -118.36180   12000.00
 34.01807 -118.57320    9000.00
 34.01807 -118.56984    9000.00
 34.01807 -118.56648    9000.00
 34.01807 -118.56313    9000.00
 34.01807 -118.55978    9000.00
 34.01807 -118.55642    9111.11
 34.01807 -118.55306    9111.11
 34.01807 -118.54971    9111.11
 34.01807 -118.54636    9111.11
 34.01807 -118.54300    9222.22
 34.01807 -118.53964    9444.44
 34.01807 -118.53629    9555.56
 34.01807 -118.53293    9666.67
 34.01807 -118.52957    9555.56
 34.01807 -118.52622    9555.56
 34.01807 -118.52287    9555.56
 34.01807 -118.51951    9666.67
 34.01807 -118.51615    9777.78
 34.01807 -118.51279   10000.00
 34.01807 -118.50945   10111.11
 34.01807 -118.50609   10000.00
 34.01807 -118.50273   10000.00
 34.01807 -118.49937   10000.00
 34.01807 -118.49602   10111.11
 34.01807 -118.49267   10111.11
 34.01807 -118.48931   10444.44
 34.01807 -118.48595   10777.78
 34.01807 -118.48260   11111.11
 34.01807 -118.47924   11111.11
 34.01807 -118.47589   11000.00
 34.01807 -118.47253   10777.78
 34.01807 -118.46918   10777.78
 34.01807 -118.46582   11000.00
 34.01807 -118.46246   11111.11
 34.01807 -118.45911   11222.22
 34.01807 -118.45576   11444.44
 34.01807 -118.45240   11666.67
 34.01807 -118.44904   11555.56
 34.01807 -118.44569   11444.44
 34.01807 -118.44233   11555.56
 34.01807 -118.43898   11888.89
 34.01807 -118.43562   11777.78
 34.01807 -118.43227   11666.67
 34.01807 -118.42891   11555.56
 34.01807 -118.42555   11777.78
 34.01807 -118.42220   11888.89
 34.01807 -118.41885   12000.00
 34.01807 -118.41549   12000.00
 34.01807 -118.41213   12000.00
 34.01807 -118.40878   12000.00
 34.01807 -118.40543   12000.00
 34.01807 -118.40207   12000.00
 34.01807 -118.39871   12000.00
 34.01807 -118.39536   12000.00
 34.01807 -118.39200   12000.00
 34.01807 -118.38864   12000.00
 34.01807 -118.38529   12000.00
 34.01807 -118.38194   12000.00
 34.01807 -118.37858   12000.00
 34.01807 -118.37522   12000.00
 34.01807 -118.37186   12000.00
 34.01807 -118.36852   12000.00
 34.01807 -118.36516   12000.00
 34.01807 -118.36180   12000.00
 34.01525 -118.57320    9000.00
 34.01525 -118.56984    9000.00
 34.01525 -118.56648    9000.00
 34.01525 -118.56313    9000.00
 34.01525 -118.55978    8888.89
 34.01525 -118.55642    8777.78
 34.01525 -118.55306    8666.67
 34.01525 -118.54971    8777.78
 34.01525 -118.54636    8777.78
 34.01525 -118.54300    8777.78
 34.01525 -118.53964    8888.89
 34.01525 -118.53629    9111.11
 34.01525 -118.53293    9222.22
 34.01525 -118.52957    9000.00
 34.01525 -118.52622    9000.00
 34.01525 -118.52287    9111.11
 34.01525 -118.51951    9222.22
 34.01525 -118.51615    9111.11
 34.01525 -118.51279    9333.33
 34.01525 -118.50945    9555.56
 34.01525 -118.50609    9666.67
 34.01525 -118.50273    9555.56
 34.01525 -118.49937    9666.67
 34.01525 -118.49602    9888.89
 34.01525 -118.49267    9888.89
 34.01525 -118.48931   10000.00
 34.01525 -118.48595   10111.11
 34.01525 -118.48260   10444.44
 34.01525 -118.47924   10444.44
 34.01525 -118.47589   10444.44
 34.01525 -118.47253   10222.22
 34.01525 -118.46918   10111.11
 34.01525 -118.46582   10222.22
 34.01525 -118.46246   10444.44
 34.01525 -118.45911   10666.67
 34.01525 -118.45576   10777.78
 34.01525 -118.45240   11000.00
 34.01525 -118.44904   11111.11
 34.01525 -118.44569   11222.22
 34.01525 -118.44233   11222.22
 34.01525 -118.43898   11333.33
 34.01525 -118.43562   11222.22
 34.01525 -118.43227   11222.22
 34.01525 -118.42891   11222.22
 34.01525 -118.42555   11444.44
 34.01525 -118.42220   11555.56
 34.01525 -118.41885   11666.67
 34.01525 -118.41549   11777.78
 34.01525 -118.41213   11888.89
 34.01525 -118.40878   12000.00
 34.01525 -118.40543   12000.00
 34.01525 -118.40207   12000.00
 34.01525 -118.39871   12000.00
 34.01525 -118.39536   12000.00
 34.01525 -118.39200   12000.00
 34.01525 -118.38864   12000.00
 34.01525 -118.38529   12000.00
 34.01525 -118.38194   12000.00
 34.01525 -118.37858   12000.00
 34.01525 -118.37522   12000.00
 34.01525 -118.37186   12000.00
 34.01525 -118.36852   12000.00
 34.01525 -118.36516   12000.00
 34.01525 -118.36180   12000.00
 34.01242 -118.57320    8333.33
 34.01242 -118.56984    8333.33
 34.01242 -118.56648    8333.33
 34.01242 -118.56313    8444.44
 34.01242 -118.55978    8444.44
 34.01242 -118.55642    8444.44
 34.01242 -118.55306    8333.33
 34.01242 -118.54971    8333.33
 34.01242 -118.54636    8333.33
 34.01242 -118.54300    8222.22
 34.01242 -118.53964    8333.33
 34.01242 -118.53629    8333.33
 34.01242 -118.53293    8444.44
 34.01242 -118.52957    8222.22
 34.01242 -118.52622    8333.33
 34.01242 -118.52287    8444.44
 34.01242 -118.51951    8555.56
 34.01242 -118.51615    8333.33
 34.01242 -118.51279    8555.56
 34.01242 -118.50945    8777.78
 34.01242 -118.50609    9000.00
 34.01242 -118.50273    8777.78
 34.01242 -118.49937    8888.89
 34.01242 -118.49602    9111.11
 34.01242 -118.49267    9222.22
 34.01242 -118.48931    9333.33
 34.01242 -118.48595    9444.44
 34.01242 -118.48260    9666.67
 34.01242 -118.47924    9777.78
 34.01242 -118.47589    9777.78
 34.01242 -118.47253    9666.67
 34.01242 -118.46918    9333.33
 34.01242 -118.46582    9555.56
 34.01242 -118.46246    9888.89
 34.01242 -118.45911   10333.33
 34.01242 -118.45576   10222.22
 34.01242 -118.45240   10333.33
 34.01242 -118.44904   10444.44
 34.01242 -118.44569   10666.67
 34.01242 -118.44233   10666.67
 34.01242 -118.43898   10666.67
 34.01242 -118.43562   10666.67
 34.01242 -118.43227   10777.78
 34.01242 -118.42891   10888.89
 34.01242 -118.42555   11111.11
 34.01242 -118.42220   11222.22
 34.01242 -118.41885   11333.33
 34.01242 -118.41549   11444.44
 34.01242 -118.41213   11666.67
 34.01242 -118.40878   11888.89
 34.01242 -118.40543   12000.00
 34.01242 -118.40207   12000.00
 34.01242 -118.39871   12000.00
 34.01242 -118.39536   12000.00
 34.01242 -118.39200   12000.00
 34.01242 -118.38864   12000.00
 34.01242 -118.38529   12000.00
 34.01242 -118.38194   12000.00
 34.01242 -118.37858   12000.00
 34.01242 -118.37522   12000.00
 34.01242 -118.37186   12000.00
 34.01242 -118.36852   12000.00
 34.01242 -118.36516   12000.00
 34.01242 -118.36180   12000.00
 34.00959 -118.57320    7666.67
 34.00959 -118.56984    7666.67
 34.00959 -118.56648    7666.67
 34.00959 -118.56313    7777.78
 34.00959 -118.55978    7888.89
 34.00959 -118.55642    8000.00
 34.00959 -118.55306    7888.89
 34.00959 -118.54971    7777.78
 34.00959 -118.54636    7777.78
 34.00959 -118.54300    7888.89
 34.00959 -118.53964    8111.11
 34.00959 -118.53629    8000.00
 34.00959 -118.53293    8000.00
 34.00959 -118.52957    7888.89
 34.00959 -118.52622    8111.11
 34.00959 -118.52287    8222.22
 34.00959 -118.51951    8222.22
 34.00959 -118.51615    8111.11
 34.00959 -118.51279    8222.22
 34.00959 -118.50945    8333.33
 34.00959 -118.50609    8444.44
 34.00959 -118.50273    8333.33
 34.00959 -118.49937    8333.33
 34.00959 -118.49602    8444.44
 34.00959 -118.49267    8444.44
 34.00959 -118.48931    8666.67
 34.00959 -118.48595    8777.78
 34.00959 -118.48260    9111.11
 34.00959 -118.47924    9333.33
 34.00959 -118.47589    9444.44
 34.00959 -118.47253    9333.33
 34.00959 -118.46918    9111.11
 34.00959 -118.46582    9333.33
 34.00959 -118.46246    9666.67
 34.00959 -118.45911    9888.89
 34.00959 -118.45576    9555.56
 34.00959 -118.45240    9555.56
 34.00959 -118.44904    9777.78
 34.00959 -118.44569   10222.22
 34.00959 -118.44233   10222.22
 34.00959 -118.43898   10111.11
 34.00959 -118.43562   10111.11
 34.00959 -118.43227   10444.44
 34.00959 -118.42891   10777.78
 34.00959 -118.42555   11000.00
 34.00959 -118.42220   11000.00
 34.00959 -118.41885   11000.00
 34.00959 -118.41549   11111.11
 34.00959 -118.41213   11444.44
 34.00959 -118.40878   11666.67
 34.00959 -118.40543   11777.78
 34.00959 -118.40207   11777.78
 34.00959 -118.39871   11888.89
 34.00959 -118.39536   12000.00
 34.00959 -118.39200   12000.00
 34.00959 -118.38864   12000.00
 34.00959 -118.38529   12000.00
 34.00959 -118.38194   12000.00
 34.00959 -118.37858   12000.00
 34.00959 -118.37522   12000.00
 34.00959 -118.37186   12000.00
 34.00959 -118.36852   12000.00
 34.00959 -118.36516   12000.00
 34.00959 -118.36180   12000.00
 34.00676 -118.57320    7000.00
 34.00676 -118.56984    7000.00
 34.00676 -118.56648    7000.00
 34.00676 -118.56313    7111.11
 34.00676 -118.55978    7444.44
 34.00676 -118.55642    7777.78
 34.00676 -118.55306    7777.78
 34.00676 -118.54971    7444.44
 34.00676 -118.54636    7333.33
 34.00676 -118.54300    7555.56
 34.00676 -118.53964    7777.78
 34.00676 -118.53629    7555.56
 34.00676 -118.53293    7444.44
 34.00676 -118.52957    7555.56
 34.00676 -118.52622    7888.89
 34.00676 -118.52287    7888.89
 34.00676 -118.51951    7777.78
 34.00676 -118.51615    7666.67
 34.00676 -118.51279    7666.67
 34.00676 -118.50945    7777.78
 34.00676 -118.50609    7777.78
 34.00676 -118.50273    7777.78
 34.00676 -118.49937    7555.56
 34.00676 -118.49602    7666.67
 34.00676 -118.49267    7777.78
 34.00676 -118.48931    8222.22
 34.00676 -118.48595    8555.56
 34.00676 -118.48260    8666.67
 34.00676 -118.47924    8777.78
 34.00676 -118.47589    8666.67
 34.00676 -118.47253    8777.78
 34.00676 -118.46918    8666.67
 34.00676 -118.46582    8888.89
 34.00676 -118.46246    9222.22
 34.00676 -118.45911    9444.44
 34.00676 -118.45576    9333.33
 34.00676 -118.45240    9222.22
 34.00676 -118.44904    9444.44
 34.00676 -118.44569    9666.67
 34.00676 -118.44233    9777.78
 34.00676 -118.43898    9777.78
 34.00676 -118.43562    9888.89
 34.00676 -118.43227   10222.22
 34.00676 -118.42891   10444.44
 34.00676 -118.42555   10666.67
 34.00676 -118.42220   10777.78
 34.00676 -118.41885   10888.89
 34.00676 -118.41549   11000.00
 34.00676 -118.41213   11222.22
 34.00676 -118.40878   11333.33
 34.00676 -118.40543   11444.44
 34.00676 -118.40207   11555.56
 34.00676 -118.39871   11777.78
 34.00676 -118.39536   12000.00
 34.00676 -118.39200   12000.00
 34.00676 -118.38864   12000.00
 34.00676 -118.38529   12000.00
 34.00676 -118.38194   12000.00
 34.00676 -118.37858   12000.00
 34.00676 -118.37522   12000.00
 34.00676 -118.37186   12000.00
 34.00676 -118.36852   12000.00
 34.00676 -118.36516   12000.00
 34.00676 -118.36180   12000.00
 34.00394 -118.57320    7000.00
 34.00394 -118.56984    7000.00
 34.00394 -118.56648    7000.00
 34.00394 -118.56313    7000.00
 34.00394 -118.55978    7333.33
 34.00394 -118.55642    7555.56
 34.00394 -118.55306    7555.56
 34.00394 -118.54971    7222.22
 34.00394 -118.54636    7111.11
 34.00394 -118.54300    7333.33
 34.00394 -118.53964    7444.44
 34.00394 -118.53629    7333.33
 34.00394 -118.53293    7222.22
 34.00394 -118.52957    7222.22
 34.00394 -118.52622    7333.33
 34.00394 -118.52287    7333.33
 34.00394 -118.51951    7333.33
 34.00394 -118.51615    7333.33
 34.00394 -118.51279    7333.33
 34.00394 -118.50945    7444.44
 34.00394 -118.50609    7444.44
 34.00394 -118.50273    7444.44
 34.00394 -118.49937    7222.22
 34.00394 -118.49602    7444.44
 34.00394 -118.49267    7555.56
 34.00394 -118.48931    7888.89
 34.00394 -118.48595    8000.00
 34.00394 -118.48260    8000.00
 34.00394 -118.47924    8000.00
 34.00394 -118.47589    8000.00
 34.00394 -118.47253    8222.22
 34.00394 -118.46918    8333.33
 34.00394 -118.46582    8444.44
 34.00394 -118.46246    8666.67
 34.00394 -118.45911    8777.78
 34.00394 -118.45576    8777.78
 34.00394 -118.45240    8666.67
 34.00394 -118.44904    9000.00
 34.00394 -118.44569    9222.22
 34.00394 -118.44233    9444.44
 34.00394 -118.43898    9444.44
 34.00394 -118.43562    9555.56
 34.00394 -118.43227    9888.89
 34.00394 -118.42891   10111.11
 34.00394 -118.42555   10333.33
 34.00394 -118.42220   10555.56
 34.00394 -118.41885   10777.78
 34.00394 -118.41549   11000.00
 34.00394 -118.41213   11111.11
 34.00394 -118.40878   11111.11
 34.00394 -118.40543   11111.11
 34.00394 -118.40207   11333.33
 34.00394 -118.39871   11666.67
 34.00394 -118.39536   12000.00
 34.00394 -118.39200   12000.00
 34.00394 -118.38864   12000.00
 34.00394 -118.38529   12000.00
 34.00394 -118.38194   12000.00
 34.00394 -118.37858   12000.00
 34.00394 -118.37522   12000.00
 34.00394 -118.37186   12000.00
 34.00394 -118.36852   12000.00
 34.00394 -118.36516   12000.00
 34.00394 -118.36180   12000.00
 34.00111 -118.57320    7000.00
 34.00111 -118.56984    7000.00
 34.00111 -118.56648    7000.00
 34.00111 -118.56313    7000.00
 34.00111 -118.55978    7111.11
 34.00111 -118.55642    7222.22
 34.00111 -118.55306    7222.22
 34.00111 -118.54971    7111.11
 34.00111 -118.54636    7000.00
 34.00111 -118.54300    7111.11
 34.00111 -118.53964    7111.11
 34.00111 -118.53629    7111.11
 34.00111 -118.53293    7000.00
 34.00111 -118.52957    6888.89
 34.00111 -118.52622    6777.78
 34.00111 -118.52287    6666.67
 34.00111 -118.51951    6777.78
 34.00111 -118.51615    6888.89
 34.00111 -118.51279    7000.00
 34.00111 -118.50945    7111.11
 34.00111 -118.50609    7111.11
 34.00111 -118.50273    7111.11
 34.00111 -118.49937    7000.00
 34.00111 -118.49602    7222.22
 34.00111 -118.49267    7333.33
 34.00111 -118.48931    7444.44
 34.00111 -118.48595    7444.44
 34.00111 -118.48260    7333.33
 34.00111 -118.47924    7333.33
 34.00111 -118.47589    7444.44
 34.00111 -118.47253    7777.78
 34.00111 -118.46918    8000.00
 34.00111 -118.46582    8000.00
 34.00111 -118.46246    8111.11
 34.00111 -118.45911    8222.22
 34.00111 -118.45576    8333.33
 34.00111 -118.45240    8333.33
 34.00111 -118.44904    8666.67
 34.00111 -118.44569    8888.89
 34.00111 -118.44233    9111.11
 34.00111 -118.43898    9111.11
 34.00111 -118.43562    9222.22
 34.00111 -118.43227    9555.56
 34.00111 -118.42891    9777.78
 34.00111 -118.42555   10000.00
 34.00111 -118.42220   10222.22
 34.00111 -118.41885   10444.44
 34.00111 -118.41549   10777.78
 34.00111 -118.41213   10888.89
 34.00111 -118.40878   11000.00
 34.00111 -118.40543   11000.00
 34.00111 -118.40207   11222.22
 34.00111 -118.39871   11444.44
 34.00111 -118.39536   11777.78
 34.00111 -118.39200   11888.89
 34.00111 -118.38864   12000.00
 34.00111 -118.38529   12000.00
 34.00111 -118.38194   12000.00
 34.00111 -118.37858   12000.00
 34.00111 -118.37522   12000.00
 34.00111 -118.37186   12000.00
 34.00111 -118.36852   12000.00
 34.00111 -118.36516   12000.00
 34.00111 -118.36180   12000.00
 33.99828 -118.57320    6666.67
 33.99828 -118.56984    6666.67
 33.99828 -118.56648    6666.67
 33.99828 -118.56313    6666.67
 33.99828 -118.55978    6666.67
 33.99828 -118.55642    6666.67
 33.99828 -118.55306    6777.78
 33.99828 -118.54971    6888.89
 33.99828 -118.54636    7000.00
 33.99828 -118.54300    7000.00
 33.99828 -118.53964    7000.00
 33.99828 -118.53629    7000.00
 33.99828 -118.53293    6888.89
 33.99828 -118.52957    6555.56
 33.99828 -118.52622    6222.22
 33.99828 -118.52287    6111.11
 33.99828 -118.51951    6333.33
 33.99828 -118.51615    6555.56
 33.99828 -118.51279    6666.67
 33.99828 -118.50945    6666.67
 33.99828 -118.50609    6777.78
 33.99828 -118.50273    6888.89
 33.99828 -118.49937    7000.00
 33.99828 -118.49602    7111.11
 33.99828 -118.49267    7111.11
 33.99828 -118.48931    7111.11
 33.99828 -118.48595    7000.00
 33.99828 -118.48260    7000.00
 33.99828 -118.47924    7000.00
 33.99828 -118.47589    7333.33
 33.99828 -118.47253    7666.67
 33.99828 -118.46918    8000.00
 33.99828 -118.46582    8000.00
 33.99828 -118.46246    8000.00
 33.99828 -118.45911    8000.00
 33.99828 -118.45576    8000.00
 33.99828 -118.45240    8000.00
 33.99828 -118.44904    8222.22
 33.99828 -118.44569    8555.56
 33.99828 -118.44233    8888.89
 33.99828 -118.43898    9000.00
 33.99828 -118.43562    9000.00
 33.99828 -118.43227    9222.22
 33.99828 -118.42891    9555.56
 33.99828 -118.42555    9888.89
 33.99828 -118.42220   10111.11
 33.99828 -118.41885   10222.22
 33.99828 -118.41549   10444.44
 33.99828 -118.41213   10666.67
 33.99828 -118.40878   10888.89
 33.99828 -118.40543   11000.00
 33.99828 -118.40207   11111.11
 33.99828 -118.39871   11222.22
 33.99828 -118.39536   11555.56
 33.99828 -118.39200   11777.78
 33.99828 -118.38864   12000.00
 33.99828 -118.38529   12000.00
 33.99828 -118.38194   12000.00
 33.99828 -118.37858   12000.00
 33.99828 -118.37522   12000.00
 33.99828 -118.37186   12000.00
 33.99828 -118.36852   12000.00
 33.99828 -118.36516   12000.00
 33.99828 -118.36180   12000.00
 33.99545 -118.57320    6333.33
 33.99545 -118.56984    6333.33
 33.99545 -118.56648    6333.33
 33.99545 -118.56313    6333.33
 33.99545 -118.55978    6222.22
 33.99545 -118.55642    6222.22
 33.99545 -118.55306    6333.33
 33.99545 -118.54971    6555.56
 33.99545 -118.54636    6666.67
 33.99545 -118.54300    6666.67
 33.99545 -118.53964    6666.67
 33.99545 -118.53629    6666.67
 33.99545 -118.53293    6555.56
 33.99545 -118.52957    6333.33
 33.99545 -118.52622    6111.11
 33.99545 -118.52287    6000.00
 33.99545 -118.51951    6111.11
 33.99545 -118.51615    6222.22
 33.99545 -118.51279    6333.33
 33.99545 -118.50945    6333.33
 33.99545 -118.50609    6444.44
 33.99545 -118.50273    6555.56
 33.99545 -118.49937    6666.67
 33.99545 -118.49602    6666.67
 33.99545 -118.49267    6777.78
 33.99545 -118.48931    6888.89
 33.99545 -118.48595    7000.00
 33.99545 -118.48260    7000.00
 33.99545 -118.47924    7000.00
 33.99545 -118.47589    7222.22
 33.99545 -118.47253    7444.44
 33.99545 -118.46918    7666.67
 33.99545 -118.46582    7666.67
 33.99545 -118.46246    7777.78
 33.99545 -118.45911    7888.89
 33.99545 -118.45576    8000.00
 33.99545 -118.45240    8000.00
 33.99545 -118.44904    8111.11
 33.99545 -118.44569    8333.33
 33.99545 -118.44233    8555.56
 33.99545 -118.43898    8777.78
 33.99545 -118.43562    8888.89
 33.99545 -118.43227    9111.11
 33.99545 -118.42891    9333.33
 33.99545 -118.42555    9666.67
 33.99545 -118.42220    9888.89
 33.99545 -118.41885   10000.00
 33.99545 -118.41549   10111.11
 33.99545 -118.41213   10333.33
 33.99545 -118.40878   10666.67
 33.99545 -118.40543   10888.89
 33.99545 -118.40207   11000.00
 33.99545 -118.39871   11000.00
 33.99545 -118.39536   11222.22
 33.99545 -118.39200   11444.44
 33.99545 -118.38864   11777.78
 33.99545 -118.38529   11888.89
 33.99545 -118.38194   12000.00
 33.99545 -118.37858   12000.00
 33.99545 -118.37522   12000.00
 33.99545 -118.37186   12000.00
 33.99545 -118.36852   12000.00
 33.99545 -118.36516   12000.00
 33.99545 -118.36180   12000.00
 33.99262 -118.57320    6000.00
 33.99262 -118.56984    6000.00
 33.99262 -118.56648    6000.00
 33.99262 -118.56313    6000.00
 33.99262 -118.55978    6000.00
 33.99262 -118.55642    6000.00
 33.99262 -118.55306    6111.11
 33.99262 -118.54971    6222.22
 33.99262 -118.54636    6333.33
 33.99262 -118.54300    6333.33
 33.99262 -118.53964    6333.33
 33.99262 -118.53629    6333.33
 33.99262 -118.53293    6222.22
 33.99262 -118.52957    6111.11
 33.99262 -118.52622    6000.00
 33.99262 -118.52287    6000.00
 33.99262 -118.51951    6000.00
 33.99262 -118.51615    6000.00
 33.99262 -118.51279    6000.00
 33.99262 -118.50945    6000.00
 33.99262 -118.50609    6111.11
 33.99262 -118.50273    6222.22
 33.99262 -118.49937    6333.33
 33.99262 -118.49602    6333.33
 33.99262 -118.49267    6444.44
 33.99262 -118.48931    6555.56
 33.99262 -118.48595    6777.78
 33.99262 -118.48260    6888.89
 33.99262 -118.47924    7000.00
 33.99262 -118.47589    7111.11
 33.99262 -118.47253    7222.22
 33.99262 -118.46918    7333.33
 33.99262 -118.46582    7333.33
 33.99262 -118.46246    7444.44
 33.99262 -118.45911    7666.67
 33.99262 -118.45576    7888.89
 33.99262 -118.45240    8000.00
 33.99262 -118.44904    8000.00
 33.99262 -118.44569    8111.11
 33.99262 -118.44233    8222.22
 33.99262 -118.43898    8555.56
 33.99262 -118.43562    8777.78
 33.99262 -118.43227    9000.00
 33.99262 -118.42891    9111.11
 33.99262 -118.42555    9333.33
 33.99262 -118.42220    9666.67
 33.99262 -118.41885    9888.89
 33.99262 -118.41549   10000.00
 33.99262 -118.41213   10111.11
 33.99262 -118.40878   10333.33
 33.99262 -118.40543   10666.67
 33.99262 -118.40207   10888.89
 33.99262 -118.39871   11000.00
 33.99262 -118.39536   11111.11
 33.99262 -118.39200   11222.22
 33.99262 -118.38864   11444.44
 33.99262 -118.38529   11666.67
 33.99262 -118.38194   11888.89
 33.99262 -118.37858   12000.00
 33.99262 -118.37522   12000.00
 33.99262 -118.37186   12000.00
 33.99262 -118.36852   12000.00
 33.99262 -118.36516   12000.00
 33.99262 -118.36180   12000.00
 33.98980 -118.57320    6000.00
 33.98980 -118.56984    6000.00
 33.98980 -118.56648    6000.00
 33.98980 -118.56313    6000.00
 33.98980 -118.55978    6000.00
 33.98980 -118.55642    6000.00
 33.98980 -118.55306    6000.00
 33.98980 -118.54971    6000.00
 33.98980 -118.54636    6000.00
 33.98980 -118.54300    6000.00
 33.98980 -118.53964    6000.00
 33.98980 -118.53629    6000.00
 33.98980 -118.53293    6000.00
 33.98980 -118.52957    6000.00
 33.98980 -118.52622    6000.00
 33.98980 -118.52287    6000.00
 33.98980 -118.51951    6000.00
 33.98980 -118.51615    6000.00
 33.98980 -118.51279    6000.00
 33.98980 -118.50945    6000.00
 33.98980 -118.50609    6000.00
 33.98980 -118.50273    6000.00
 33.98980 -118.49937    6000.00
 33.98980 -118.49602    6000.00
 33.98980 -118.49267    6111.11
 33.98980 -118.48931    6222.22
 33.98980 -118.48595    6444.44
 33.98980 -118.48260    6666.67
 33.98980 -118.47924    6888.89
 33.98980 -118.47589    7000.00
 33.98980 -118.47253    7000.00
 33.98980 -118.46918    7000.00
 33.98980 -118.46582    7000.00
 33.98980 -118.46246    7111.11
 33.98980 -118.45911    7444.44
 33.98980 -118.45576    7777.78
 33.98980 -118.45240    8000.00
 33.98980 -118.44904    8000.00
 33.98980 -118.44569    8000.00
 33.98980 -118.44233    8000.00
 33.98980 -118.43898    8222.22
 33.98980 -118.43562    8555.56
 33.98980 -118.43227    8888.89
 33.98980 -118.42891    9000.00
 33.98980 -118.42555    9111.11
 33.98980 -118.42220    9444.44
 33.98980 -118.41885    9777.78
 33.98980 -118.41549   10000.00
 33.98980 -118.41213   10000.00
 33.98980 -118.40878   10111.11
 33.98980 -118.40543   10444.44
 33.98980 -118.40207   10777.78
 33.98980 -118.39871   11000.00
 33.98980 -118.39536   11000.00
 33.98980 -118.39200   11000.00
 33.98980 -118.38864   11111.11
 33.98980 -118.38529   11444.44
 33.98980 -118.38194   11777.78
 33.98980 -118.37858   12000.00
 33.98980 -118.37522   12000.00
 33.98980 -118.37186   12000.00
 33.98980 -118.36852   12000.00
 33.98980 -118.36516   12000.00
 33.98980 -118.36180   12000.00
 33.98697 -118.57320    6000.00
 33.98697 -118.56984    6000.00
 33.98697 -118.56648    6000.00
 33.98697 -118.56313    6000.00
 33.98697 -118.55978    6000.00
 33.98697 -118.55642    6000.00
 33.98697 -118.55306    6000.00
 33.98697 -118.54971    6000.00
 33.98697 -118.54636    6000.00
 33.98697 -118.54300    6000.00
 33.98697 -118.53964    6000.00
 33.98697 -118.53629    6000.00
 33.98697 -118.53293    6000.00
 33.98697 -118.52957    6000.00
 33.98697 -118.52622    6000.00
 33.98697 -118.52287    6000.00
 33.98697 -118.51951    6000.00
 33.98697 -118.51615    6000.00
 33.98697 -118.51279    6000.00
 33.98697 -118.50945    6000.00
 33.98697 -118.50609    6000.00
 33.98697 -118.50273    6000.00
 33.98697 -118.49937    6000.00
 33.98697 -118.49602    6000.00
 33.98697 -118.49267    6000.00
 33.98697 -118.48931    6000.00
 33.98697 -118.48595    6111.11
 33.98697 -118.48260    6333.33
 33.98697 -118.47924    6555.56
 33.98697 -118.47589    6777.78
 33.98697 -118.47253    6888.89
 33.98697 -118.46918    7000.00
 33.98697 -118.46582    7000.00
 33.98697 -118.46246    7000.00
 33.98697 -118.45911    7222.22
 33.98697 -118.45576    7444.44
 33.98697 -118.45240    7666.67
 33.98697 -118.44904    7777.78
 33.98697 -118.44569    7888.89
 33.98697 -118.44233    8000.00
 33.98697 -118.43898    8111.11
 33.98697 -118.43562    8333.33
 33.98697 -118.43227    8666.67
 33.98697 -118.42891    8888.89
 33.98697 -118.42555    9000.00
 33.98697 -118.42220    9222.22
 33.98697 -118.41885    9555.56
 33.98697 -118.41549    9888.89
 33.98697 -118.41213   10000.00
 33.98697 -118.40878   10000.00
 33.98697 -118.40543   10222.22
 33.98697 -118.40207   10444.44
 33.98697 -118.39871   10777.78
 33.98697 -118.39536   10888.89
 33.98697 -118.39200   11000.00
 33.98697 -118.38864   11000.00
 33.98697 -118.38529   11333.33
 33.98697 -118.38194   11666.67
 33.98697 -118.37858   12000.00
 33.98697 -118.37522   12000.00
 33.98697 -118.37186   12000.00
 33.98697 -118.36852   12000.00
 33.98697 -118.36516   12000.00
 33.98697 -118.36180   12000.00
 33.98414 -118.57320    6000.00
 33.98414 -118.56984    6000.00
 33.98414 -118.56648    6000.00
 33.98414 -118.56313    6000.00
 33.98414 -118.55978    6000.00
 33.98414 -118.55642    6000.00
 33.98414 -118.55306    6000.00
 33.98414 -118.54971    6000.00
 33.98414 -118.54636    6000.00
 33.98414 -118.54300    6000.00
 33.98414 -118.53964    6000.00
 33.98414 -118.53629    6000.00
 33.98414 -118.53293    6000.00
 33.98414 -118.52957    6000.00
 33.98414 -118.52622    6000.00
 33.98414 -118.52287    6000.00
 33.98414 -118.51951    6000.00
 33.98414 -118.51615    6000.00
 33.98414 -118.51279    6000.00
 33.98414 -118.50945    6000.00
 33.98414 -118.50609    6000.00
 33.98414 -118.50273    6000.00
 33.98414 -118.49937    6000.00
 33.98414 -118.49602    6000.00
 33.98414 -118.49267    6000.00
 33.98414 -118.48931    6000.00
 33.98414 -118.48595    6000.00
 33.98414 -118.48260    6111.11
 33.98414 -118.47924    6222.22
 33.98414 -118.47589    6444.44
 33.98414 -118.47253    6666.67
 33.98414 -118.46918    6888.89
 33.98414 -118.46582    7000.00
 33.98414 -118.46246    7000.00
 33.98414 -118.45911    7111.11
 33.98414 -118.45576    7222.22
 33.98414 -118.45240    7333.33
 33.98414 -118.44904    7444.44
 33.98414 -118.44569    7666.67
 33.98414 -118.44233    7888.89
 33.98414 -118.43898    8000.00
 33.98414 -118.43562    8111.11
 33.98414 -118.43227    8333.33
 33.98414 -118.42891    8666.67
 33.98414 -118.42555    8888.89
 33.98414 -118.42220    9111.11
 33.98414 -118.41885    9333.33
 33.98414 -118.41549    9666.67
 33.98414 -118.41213    9888.89
 33.98414 -118.40878   10000.00
 33.98414 -118.40543   10111.11
 33.98414 -118.40207   10222.22
 33.98414 -118.39871   10555.56
 33.98414 -118.39536   10777.78
 33.98414 -118.39200   11000.00
 33.98414 -118.38864   11000.00
 33.98414 -118.38529   11222.22
 33.98414 -118.38194   11555.56
 33.98414 -118.37858   11888.89
 33.98414 -118.37522   12000.00
 33.98414 -118.37186   12000.00
 33.98414 -118.36852   12000.00
 33.98414 -118.36516   12000.00
 33.98414 -118.36180   12000.00
 33.98131 -118.57320    6000.00
 33.98131 -118.56984    6000.00
 33.98131 -118.56648    6000.00
 33.98131 -118.56313    6000.00
 33.98131 -118.55978    6000.00
 33.98131 -118.55642    6000.00
 33.98131 -118.55306    6000.00
 33.98131 -118.54971    6000.00
 33.98131 -118.54636    6000.00
 33.98131 -118.54300    6000.00
 33.98131 -118.53964    6000.00
 33.98131 -118.53629    6000.00
 33.98131 -118.53293    6000.00
 33.98131 -118.52957    6000.00
 33.98131 -118.52622    6000.00
 33.98131 -118.52287    6000.00
 33.98131 -118.51951    6000.00
 33.98131 -118.51615    6000.00
 33.98131 -118.51279    6000.00
 33.98131 -118.50945    6000.00
 33.98131 -118.50609    6000.00
 33.98131 -118.50273    6000.00
 33.98131 -118.49937    6000.00
 33.98131 -118.49602    6000.00
 33.98131 -118.49267    6000.00
 33.98131 -118.48931    6000.00
 33.98131 -118.48595    6000.00
 33.98131 -118.48260    6000.00
 33.98131 -118.47924    6000.00
 33.98131 -118.47589    6111.11
 33.98131 -118.47253    6333.33
 33.98131 -118.46918    6666.67
 33.98131 -118.46582    6888.89
 33.98131 -118.46246    7000.00
 33.98131 -118.45911    7000.00
 33.98131 -118.45576    7000.00
 33.98131 -118.45240    7000.00
 33.98131 -118.44904    7111.11
 33.98131 -118.44569    7333.33
 33.98131 -118.44233    7666.67
 33.98131 -118.43898    7888.89
 33.98131 -118.43562    8000.00
 33.98131 -118.43227    8111.11
 33.98131 -118.42891    8444.44
 33.98131 -118.42555    8777.78
 33.98131 -118.42220    9000.00
 33.98131 -118.41885    9111.11
 33.98131 -118.41549    9333.33
 33.98131 -118.41213    9666.67
 33.98131 -118.40878    9888.89
 33.98131 -118.40543   10000.00
 33.98131 -118.40207   10000.00
 33.98131 -118.39871   10222.22
 33.98131 -118.39536   10555.56
 33.98131 -118.39200   10888.89
 33.98131 -118.38864   11000.00
 33.98131 -118.38529   11111.11
 33.98131 -118.38194   11444.44
 33.98131 -118.37858   11777.78
 33.98131 -118.37522   12000.00
 33.98131 -118.37186   12000.00
 33.98131 -118.36852   12000.00
 33.98131 -118.36516   12000.00
 33.98131 -118.36180   12000.00
 33.97849 -118.57320    6000.00
 33.97849 -118.56984    6000.00
 33.97849 -118.56648    6000.00
 33.97849 -118.56313    6000.00
 33.97849 -118.55978    6000.00
 33.97849 -118.55642    6000.00
 33.97849 -118.55306    6000.00
 33.97849 -118.54971    6000.00
 33.97849 -118.54636    6000.00
 33.97849 -118.54300    6000.00
 33.97849 -118.53964    6000.00
 33.97849 -118.53629    6000.00
 33.97849 -118.53293    6000.00
 33.97849 -118.52957    6000.00
 33.97849 -118.52622    6000.00
 33.97849 -118.52287    6000.00
 33.97849 -118.51951    6000.00
 33.97849 -118.51615    6000.00
 33.97849 -118.51279    6000.00
 33.97849 -118.50945    6000.00
 33.97849 -118.50609    6000.00
 33.97849 -118.50273    6000.00
 33.97849 -118.49937    6000.00
 33.97849 -118.49602    6000.00
 33.97849 -118.49267    6000.00
 33.97849 -118.48931    6000.00
 33.97849 -118.48595    6000.00
 33.97849 -118.48260    6000.00
 33.97849 -118.47924    6000.00
 33.97849 -118.47589    6000.00
 33.97849 -118.47253    6111.11
 33.97849 -118.46918    6444.44
 33.97849 -118.46582    6777.78
 33.97849 -118.46246    7000.00
 33.97849 -118.45911    7000.00
 33.97849 -118.45576    7000.00
 33.97849 -118.45240    7000.00
 33.97849 -118.44904    7000.00
 33.97849 -118.44569    7111.11
 33.97849 -118.44233    7333.33
 33.97849 -118.43898    7666.67
 33.97849 -118.43562    7888.89
 33.97849 -118.43227    8000.00
 33.97849 -118.42891    8222.22
 33.97849 -118.42555    8444.44
 33.97849 -118.42220    8777.78
 33.97849 -118.41885    8888.89
 33.97849 -118.41549    9111.11
 33.97849 -118.41213    9444.44
 33.97849 -118.40878    9777.78
 33.97849 -118.40543   10000.00
 33.97849 -118.40207   10000.00
 33.97849 -118.39871   10111.11
 33.97849 -118.39536   10333.33
 33.97849 -118.39200   10666.67
 33.97849 -118.38864   10888.89
 33.97849 -118.38529   11000.00
 33.97849 -118.38194   11333.33
 33.97849 -118.37858   11666.67
 33.97849 -118.37522   12000.00
 33.97849 -118.37186   12000.00
 33.97849 -118.36852   12000.00
 33.97849 -118.36516   12000.00
 33.97849 -118.36180   12000.00
 33.97566 -118.57320    6000.00
 33.97566 -118.56984    6000.00
 33.97566 -118.56648    6000.00
 33.97566 -118.56313    6000.00
 33.97566 -118.55978    6000.00
 33.97566 -118.55642    6000.00
 33.97566 -118.55306    6000.00
 33.97566 -118.54971    6000.00
 33.97566 -118.54636    6000.00
 33.97566 -118.54300    6000.00
 33.97566 -118.53964    6000.00
 33.97566 -118.53629    6000.00
 33.97566 -118.53293    6000.00
 33.97566 -118.52957    6000.00
 33.97566 -118.52622    6000.00
 33.97566 -118.52287    6000.00
 33.97566 -118.51951    6000.00
 33.97566 -118.51615    6000.00
 33.97566 -118.51279    6000.00
 33.97566 -118.50945    6000.00
 33.97566 -118.50609    6000.00
 33.97566 -118.50273    6000.00
 33.97566 -118.49937    6000.00
 33.97566 -118.49602    6000.00
 33.97566 -118.49267    6000.00
 33.97566 -118.48931    6000.00
 33.97566 -118.48595    6000.00
 33.97566 -118.48260    6000.00
 33.97566 -118.47924    6000.00
 33.97566 -118.47589    6000.00
 33.97566 -118.47253    6000.00
 33.97566 -118.46918    6222.22
 33.97566 -118.46582    6555.56
 33.97566 -118.46246    6888.89
 33.97566 -118.45911    7000.00
 33.97566 -118.45576    7000.00
 33.97566 -118.45240    7000.00
 33.97566 -118.44904    7000.00
 33.97566 -118.44569    7000.00
 33.97566 -118.44233    7111.11
 33.97566 -118.43898    7444.44
 33.97566 -118.43562    7777.78
 33.97566 -118.43227    8000.00
 33.97566 -118.42891    8111.11
 33.97566 -118.42555    8222.22
 33.97566 -118.42220    8555.56
 33.97566 -118.41885    8777.78
 33.97566 -118.41549    9000.00
 33.97566 -118.41213    9333.33
 33.97566 -118.40878    9666.67
 33.97566 -118.40543   10000.00
 33.97566 -118.40207   10000.00
 33.97566 -118.39871   10000.00
 33.97566 -118.39536   10111.11
 33.97566 -118.39200   10444.44
 33.97566 -118.38864   10777.78
 33.97566 -118.38529   11000.00
 33.97566 -118.38194   11222.22
 33.97566 -118.37858   11444.44
 33.97566 -118.37522   11666.67
 33.97566 -118.37186   11777.78
 33.97566 -118.36852   11888.89
 33.97566 -118.36516   12000.00
 33.97566 -118.36180   12000.00
 33.97283 -118.57320    6000.00
 33.97283 -118.56984    6000.00
 33.97283 -118.56648    6000.00
 33.97283 -118.56313    6000.00
 33.97283 -118.55978    6000.00
 33.97283 -118.55642    6000.00
 33.97283 -118.55306    6000.00
 33.97283 -118.54971    6000.00
 33.97283 -118.54636    6000.00
 33.97283 -118.54300    6000.00
 33.97283 -118.53964    6000.00
 33.97283 -118.53629    6000.00
 33.97283 -118.53293    6000.00
 33.97283 -118.52957    6000.00
 33.97283 -118.52622    6000.00
 33.97283 -118.52287    6000.00
 33.97283 -118.51951    6000.00
 33.97283 -118.51615    6000.00
 33.97283 -118.51279    6000.00
 33.97283 -118.50945    6000.00
 33.97283 -118.50609    6000.00
 33.97283 -118.50273    6000.00
 33.97283 -118.49937    6000.00
 33.97283 -118.49602    6000.00
 33.97283 -118.49267    6000.00
 33.97283 -118.48931    6000.00
 33.97283 -118.48595    6000.00
 33.97283 -118.48260    6000.00
 33.97283 -118.47924    6000.00
 33.97283 -118.47589    6000.00
 33.97283 -118.47253    6000.00
 33.97283 -118.46918    6111.11
 33.97283 -118.46582    6444.44
 33.97283 -118.46246    6777.78
 33.97283 -118.45911    7000.00
 33.97283 -118.45576    7000.00
 33.97283 -118.45240    7000.00
 33.97283 -118.44904    7000.00
 33.97283 -118.44569    7000.00
 33.97283 -118.44233    7000.00
 33.97283 -118.43898    7333.33
 33.97283 -118.43562    7666.67
 33.97283 -118.43227    8000.00
 33.97283 -118.42891    8000.00
 33.97283 -118.42555    8000.00
 33.97283 -118.42220    8222.22
 33.97283 -118.41885    8555.56
 33.97283 -118.41549    8888.89
 33.97283 -118.41213    9333.33
 33.97283 -118.40878    9666.67
 33.97283 -118.40543   10000.00
 33.97283 -118.40207   10000.00
 33.97283 -118.39871   10000.00
 33.97283 -118.39536   10000.00
 33.97283 -118.39200   10222.22
 33.97283 -118.38864   10555.56
 33.97283 -118.38529   10888.89
 33.97283 -118.38194   11111.11
 33.97283 -118.37858   11222.22
 33.97283 -118.37522   11333.33
 33.97283 -118.37186   11444.44
 33.97283 -118.36852   11666.67
 33.97283 -118.36516   11888.89
 33.97283 -118.36180   12000.00
 33.97000 -118.57320    6000.00
 33.97000 -118.56984    6000.00
 33.97000 -118.56648    6000.00
 33.97000 -118.56313    6000.00
 33.97000 -118.55978    6000.00
 33.97000 -118.55642    6000.00
 33.97000 -118.55306    6000.00
 33.97000 -118.54971    6000.00
 33.97000 -118.54636    6000.00
 33.97000 -118.54300    6000.00
 33.97000 -118.53964    6000.00
 33.97000 -118.53629    6000.00
 33.97000 -118.53293    6000.00
 33.97000 -118.52957    6000.00
 33.97000 -118.52622    6000.00
 33.97000 -118.52287    6000.00
 33.97000 -118.51951    6000.00
 33.97000 -118.51615    6000.00
 33.97000 -118.51279    6000.00
 33.97000 -118.50945    6000.00
 33.97000 -118.50609    6000.00
 33.97000 -118.50273    6000.00
 33.97000 -118.49937    6000.00
 33.97000 -118.49602    6000.00
 33.97000 -118.49267    6000.00
 33.97000 -118.48931    6000.00
 33.97000 -118.48595    6000.00
 33.97000 -118.48260    6000.00
 33.97000 -118.47924    6000.00
 33.97000 -118.47589    6000.00
 33.97000 -118.47253    6000.00
 33.97000 -118.46918    6000.00
 33.97000 -118.46582    6333.33
 33.97000 -118.46246    6666.67
 33.97000 -118.45911    7000.00
 33.97000 -118.45576    7000.00
 33.97000 -118.45240    7000.00
 33.97000 -118.44904    7000.00
 33.97000 -118.44569    7000.00
 33.97000 -118.44233    7000.00
 33.97000 -118.43898    7333.33
 33.97000 -118.43562    7666.67
 33.97000 -118.43227    8000.00
 33.97000 -118.42891    8000.00
 33.97000 -118.42555    8000.00
 33.97000 -118.42220    8111.11
 33.97000 -118.41885    8444.44
 33.97000 -118.41549    8777.78
 33.97000 -118.41213    9333.33
 33.97000 -118.40878    9666.67
 33.97000 -118.40543   10000.00
 33.97000 -118.40207   10000.00
 33.97000 -118.39871   10000.00
 33.97000 -118.39536   10000.00
 33.97000 -118.39200   10111.11
 33.97000 -118.38864   10444.44
 33.97000 -118.38529   10777.78
 33.97000 -118.38194   11000.00
 33.97000 -118.37858   11000.00
 33.97000 -118.37522   11000.00
 33.97000 -118.37186   11111.11
 33.97000 -118.36852   11444.44
 33.97000 -118.36516   11777.78
 33.97000 -118.36180   12000.00
