 34.09000 -118.58000   12500.00
 34.09000 -118.57673   12500.00
 34.09000 -118.57345   12500.00
 34.09000 -118.57018   12500.00
 34.09000 -118.56689   13055.56
 34.09000 -118.56362   13888.89
 34.09000 -118.56035   14722.22
 34.09000 -118.55707   15000.00
 34.09000 -118.55379   15000.00
 34.09000 -118.55052   15000.00
 34.09000 -118.54724   15000.00
 34.09000 -118.54397   15000.00
 34.09000 -118.54069   15000.00
 34.09000 -118.53741   15000.00
 34.09000 -118.53414   15000.00
 34.09000 -118.53086   15000.00
 34.09000 -118.52759   15000.00
 34.09000 -118.52431   15000.00
 34.09000 -118.52103   15000.00
 34.09000 -118.51776   15000.00
 34.09000 -118.51448   15000.00
 34.09000 -118.51121   14166.67
 34.09000 -118.50793   13333.33
 34.09000 -118.50465   12500.00
 34.09000 -118.50138   13055.56
 34.09000 -118.49811   13888.89
 34.09000 -118.49483   14722.22
 34.09000 -118.49155   15000.00
 34.09000 -118.48827   15000.00
 34.09000 -118.48500   15000.00
 34.09000 -118.48173   15000.00
 34.09000 -118.47845   15000.00
 34.09000 -118.47517   15000.00
 34.09000 -118.47189   15000.00
 34.09000 -118.46862   15000.00
 34.09000 -118.46535   15000.00
 34.09000 -118.46207   15000.00
 34.09000 -118.45879   15000.00
 34.09000 -118.45552   15000.00
 34.09000 -118.45224   15000.00
 34.09000 -118.44897   15000.00
 34.09000 -118.44569   14444.44
 34.09000 -118.44241   13888.89
 34.09000 -118.43914   13055.56
 34.09000 -118.43586   12777.78
 34.09000 -118.43259   12500.00
 34.09000 -118.42931   12500.00
 34.09000 -118.42603   12500.00
 34.09000 -118.42276   12500.00
 34.09000 -118.41948   12500.00
 34.09000 -118.41621   12500.00
 34.09000 -118.41293   12500.00
 34.09000 -118.40965   12500.00
 34.09000 -118.40638   12500.00
 34.09000 -118.40311   12500.00
 34.09000 -118.39983   12500.00
 34.09000 -118.39655   11944.44
 34.09000 -118.39327   10277.78
 34.09000 -118.39000    8611.11
 34.08718 -118.58000   12500.00
 34.08718 -118.57673   12500.00
 34.08718 -118.57345   12500.00
 34.08718 -118.57018   12500.00
 34.08718 -118.56689   12777.78
 34.08718 -118.56362   13333.33
 34.08718 -118.56035   14166.67
 34.08718 -118.55707   14722.22
 34.08718 -118.55379   15000.00
 34.08718 -118.55052   15000.00
 34.08718 -118.54724   15000.00
 34.08718 -118.54397   15000.00
 34.08718 -118.54069   15000.00
 34.08718 -118.53741   15000.00
 34.08718 -118.53414   15000.00
 34.08718 -118.53086   15000.00
 34.08718 -118.52759   15000.00
 34.08718 -118.52431   15000.00
 34.08718 -118.52103   15000.00
 34.08718 -118.51776   15000.00
 34.08718 -118.51448   15000.00
 34.08718 -118.51121   14166.67
 34.08718 -118.50793   13333.33
 34.08718 -118.50465   12500.00
 34.08718 -118.50138   12777.78
 34.08718 -118.49811   13333.33
 34.08718 -118.49483   14166.67
 34.08718 -118.49155   14722.22
 34.08718 -118.48827   15000.00
 34.08718 -118.48500   15000.00
 34.08718 -118.48173   15000.00
 34.08718 -118.47845   15000.00
 34.08718 -118.47517   15000.00
 34.08718 -118.47189   15000.00
 34.08718 -118.46862   15000.00
 34.08718 -118.46535   15000.00
 34.08718 -118.46207   15000.00
 34.08718 -118.45879   15000.00
 34.08718 -118.45552   15000.00
 34.08718 -118.45224   15000.00
 34.08718 -118.44897   15000.00
 34.08718 -118.44569   14722.22
 34.08718 -118.44241   14444.44
 34.08718 -118.43914   13611.11
 34.08718 -118.43586   13055.56
 34.08718 -118.43259   12500.00
 34.08718 -118.42931   12500.00
 34.08718 -118.42603   12500.00
 34.08718 -118.42276   12500.00
 34.08718 -118.41948   12500.00
 34.08718 -118.41621   12500.00
 34.08718 -118.41293   12500.00
 34.08718 -118.40965   12500.00
 34.08718 -118.40638   12500.00
 34.08718 -118.40311   11944.44
 34.08718 -118.39983   11388.89
 34.08718 -118.39655   10277.78
 34.08718 -118.39327    9166.67
 34.08718 -118.39000    8055.56
 34.08436 -118.58000   12500.00
 34.08436 -118.57673   12500.00
 34.08436 -118.57345   12500.00
 34.08436 -118.57018   12500.00
 34.08436 -118.56689   12500.00
 34.08436 -118.56362   12777.78
 34.08436 -118.56035   13333.33
 34.08436 -118.55707   14166.67
 34.08436 -118.55379   14722.22
 34.08436 -118.55052   15000.00
 34.08436 -118.54724   15000.00
 34.08436 -118.54397   15000.00
 34.08436 -118.54069   15000.00
 34.08436 -118.53741   15000.00
 34.08436 -118.53414   15000.00
 34.08436 -118.53086   15000.00
 34.08436 -118.52759   15000.00
 34.08436 -118.52431   15000.00
 34.08436 -118.52103   15000.00
 34.08436 -118.51776   15000.00
 34.08436 -118.51448   15000.00
 34.08436 -118.51121   14166.67
 34.08436 -118.50793   13333.33
 34.08436 -118.50465   12500.00
 34.08436 -118.50138   12500.00
 34.08436 -118.49811   12777.78
 34.08436 -118.49483   13333.33
 34.08436 -118.49155   14166.67
 34.08436 -118.48827   14722.22
 34.08436 -118.48500   15000.00
 34.08436 -118.48173   15000.00
 34.08436 -118.47845   15000.00
 34.08436 -118.47517   15000.00
 34.08436 -118.47189   15000.00
 34.08436 -118.46862   15000.00
 34.08436 -118.46535   15000.00
 34.08436 -118.46207   15000.00
 34.08436 -118.45879   15000.00
 34.08436 -118.45552   15000.00
 34.08436 -118.45224   15000.00
 34.08436 -118.44897   15000.00
 34.08436 -118.44569   15000.00
 34.08436 -118.44241   15000.00
 34.08436 -118.43914   14166.67
 34.08436 -118.43586   13333.33
 34.08436 -118.43259   12500.00
 34.08436 -118.42931   12500.00
 34.08436 -118.42603   12500.00
 34.08436 -118.42276   12500.00
 34.08436 -118.41948   12500.00
 34.08436 -118.41621   12222.22
 34.08436 -118.41293   11944.44
 34.08436 -118.40965   11666.67
 34.08436 -118.40638   11388.89
 34.08436 -118.40311   10555.56
 34.08436 -118.39983    9722.22
 34.08436 -118.39655    8611.11
 34.08436 -118.39327    8055.56
 34.08436 -118.39000    7500.00
 34.08155 -118.58000   12500.00
 34.08155 -118.57673   12500.00
 34.08155 -118.57345   12500.00
 34.08155 -118.57018   12500.00
 34.08155 -118.56689   12500.00
 34.08155 -118.56362   12500.00
 34.08155 -118.56035   12777.78
 34.08155 -118.55707   13333.33
 34.08155 -118.55379   14166.67
 34.08155 -118.55052   14722.22
 34.08155 -118.54724   15000.00
 34.08155 -118.54397   15000.00
 34.08155 -118.54069   15000.00
 34.08155 -118.53741   15000.00
 34.08155 -118.53414   15000.00
 34.08155 -118.53086   15000.00
 34.08155 -118.52759   15000.00
 34.08155 -118.52431   15000.00
 34.08155 -118.52103   15000.00
 34.08155 -118.51776   15000.00
 34.08155 -118.51448   15000.00
 34.08155 -118.51121   14166.67
 34.08155 -118.50793   13333.33
 34.08155 -118.50465   12500.00
 34.08155 -118.50138   12500.00
 34.08155 -118.49811   12500.00
 34.08155 -118.49483   12777.78
 34.08155 -118.49155   13333.33
 34.08155 -118.48827   14166.67
 34.08155 -118.48500   14722.22
 34.08155 -118.48173   15000.00
 34.08155 -118.47845   15000.00
 34.08155 -118.47517   15000.00
 34.08155 -118.47189   15000.00
 34.08155 -118.46862   15000.00
 34.08155 -118.46535   15000.00
 34.08155 -118.46207   15000.00
 34.08155 -118.45879   15000.00
 34.08155 -118.45552   15000.00
 34.08155 -118.45224   15000.00
 34.08155 -118.44897   15000.00
 34.08155 -118.44569   15000.00
 34.08155 -118.44241   15000.00
 34.08155 -118.43914   14166.67
 34.08155 -118.43586   13333.33
 34.08155 -118.43259   12500.00
 34.08155 -118.42931   12500.00
 34.08155 -118.42603   12500.00
 34.08155 -118.42276   12500.00
 34.08155 -118.41948   12500.00
 34.08155 -118.41621   11944.44
 34.08155 -118.41293   11111.11
 34.08155 -118.40965   10277.78
 34.08155 -118.40638    9722.22
 34.08155 -118.40311    8888.89
 34.08155 -118.39983    8055.56
 34.08155 -118.39655    7500.00
 34.08155 -118.39327    7500.00
 34.08155 -118.39000    7500.00
 34.07873 -118.58000   12500.00
 34.07873 -118.57673   12500.00
 34.07873 -118.57345   12500.00
 34.07873 -118.57018   12500.00
 34.07873 -118.56689   12500.00
 34.07873 -118.56362   12500.00
 34.07873 -118.56035   12500.00
 34.07873 -118.55707   12777.78
 34.07873 -118.55379   13333.33
 34.07873 -118.55052   14166.67
 34.07873 -118.54724   14722.22
 34.07873 -118.54397   15000.00
 34.07873 -118.54069   15000.00
 34.07873 -118.53741   15000.00
 34.07873 -118.53414   15000.00
 34.07873 -118.53086   15000.00
 34.07873 -118.52759   15000.00
 34.07873 -118.52431   15000.00
 34.07873 -118.52103   15000.00
 34.07873 -118.51776   15000.00
 34.07873 -118.51448   15000.00
 34.07873 -118.51121   14166.67
 34.07873 -118.50793   13333.33
 34.07873 -118.50465   12500.00
 34.07873 -118.50138   12500.00
 34.07873 -118.49811   12500.00
 34.07873 -118.49483   12500.00
 34.07873 -118.49155   12777.78
 34.07873 -118.48827   13333.33
 34.07873 -118.48500   14166.67
 34.07873 -118.48173   14722.22
 34.07873 -118.47845   15000.00
 34.07873 -118.47517   15000.00
 34.07873 -118.47189   15000.00
 34.07873 -118.46862   15000.00
 34.07873 -118.46535   15000.00
 34.07873 -118.46207   15000.00
 34.07873 -118.45879   15000.00
 34.07873 -118.45552   15000.00
 34.07873 -118.45224   15000.00
 34.07873 -118.44897   15000.00
 34.07873 -118.44569   15000.00
 34.07873 -118.44241   15000.00
 34.07873 -118.43914   14166.67
 34.07873 -118.43586   13333.33
 34.07873 -118.43259   12500.00
 34.07873 -118.42931   12500.00
 34.07873 -118.42603   12222.22
 34.07873 -118.42276   11944.44
 34.07873 -118.41948   11666.67
 34.07873 -118.41621   11111.11
 34.07873 -118.41293   10000.00
 34.07873 -118.40965    8592.89
 34.07873 -118.40638    7463.56
 34.07873 -118.40311    6889.78
 34.07873 -118.39983    6612.00
 34.07873 -118.39655    6612.00
 34.07873 -118.39327    6612.00
 34.07873 -118.39000    6612.00
 34.07591 -118.58000   12500.00
 34.07591 -118.57673   12500.00
 34.07591 -118.57345   12500.00
 34.07591 -118.57018   12500.00
 34.07591 -118.56689   12500.00
 34.07591 -118.56362   12500.00
 34.07591 -118.56035   12500.00
 34.07591 -118.55707   12500.00
 34.07591 -118.55379   12777.78
 34.07591 -118.55052   13611.11
 34.07591 -118.54724   14444.44
 34.07591 -118.54397   15000.00
 34.07591 -118.54069   15000.00
 34.07591 -118.53741   15000.00
 34.07591 -118.53414   15000.00
 34.07591 -118.53086   15000.00
 34.07591 -118.52759   15000.00
 34.07591 -118.52431   15000.00
 34.07591 -118.52103   15000.00
 34.07591 -118.51776   15000.00
 34.07591 -118.51448   15000.00
 34.07591 -118.51121   14444.44
 34.07591 -118.50793   13611.11
 34.07591 -118.50465   12777.78
 34.07591 -118.50138   12500.00
 34.07591 -118.49811   12500.00
 34.07591 -118.49483   12500.00
 34.07591 -118.49155   12500.00
 34.07591 -118.48827   12777.78
 34.07591 -118.48500   13333.33
 34.07591 -118.48173   13888.89
 34.07591 -118.47845   14444.44
 34.07591 -118.47517   14722.22
 34.07591 -118.47189   15000.00
 34.07591 -118.46862   15000.00
 34.07591 -118.46535   15000.00
 34.07591 -118.46207   15000.00
 34.07591 -118.45879   15000.00
 34.07591 -118.45552   15000.00
 34.07591 -118.45224   15000.00
 34.07591 -118.44897   15000.00
 34.07591 -118.44569   15000.00
 34.07591 -118.44241   15000.00
 34.07591 -118.43914   14166.67
 34.07591 -118.43586   13333.33
 34.07591 -118.43259   12500.00
 34.07591 -118.42931   12222.22
 34.07591 -118.42603   11666.67
 34.07591 -118.42276   10555.56
 34.07591 -118.41948   10000.00
 34.07591 -118.41621    9166.67
 34.07591 -118.41293    8315.11
 34.07591 -118.40965    6889.78
 34.07591 -118.40638    6020.00
 34.07591 -118.40311    5724.00
 34.07591 -118.39983    5724.00
 34.07591 -118.39655    5724.00
 34.07591 -118.39327    5724.00
 34.07591 -118.39000    5724.00
 34.07309 -118.58000   12500.00
 34.07309 -118.57673   12500.00
 34.07309 -118.57345   12500.00
 34.07309 -118.57018   12500.00
 34.07309 -118.56689   12500.00
 34.07309 -118.56362   12500.00
 34.07309 -118.56035   12500.00
 34.07309 -118.55707   12500.00
 34.07309 -118.55379   12500.00
 34.07309 -118.55052   13055.56
 34.07309 -118.54724   13888.89
 34.07309 -118.54397   14722.22
 34.07309 -118.54069   15000.00
 34.07309 -118.53741   15000.00
 34.07309 -118.53414   15000.00
 34.07309 -118.53086   15000.00
 34.07309 -118.52759   15000.00
 34.07309 -118.52431   15000.00
 34.07309 -118.52103   15000.00
 34.07309 -118.51776   15000.00
 34.07309 -118.51448   15000.00
 34.07309 -118.51121   14722.22
 34.07309 -118.50793   13888.89
 34.07309 -118.50465   13055.56
 34.07309 -118.50138   12500.00
 34.07309 -118.49811   12500.00
 34.07309 -118.49483   12500.00
 34.07309 -118.49155   12500.00
 34.07309 -118.48827   12500.00
 34.07309 -118.48500   12777.78
 34.07309 -118.48173   13055.56
 34.07309 -118.47845   13611.11
 34.07309 -118.47517   14166.67
 34.07309 -118.47189   14722.22
 34.07309 -118.46862   15000.00
 34.07309 -118.46535   15000.00
 34.07309 -118.46207   15000.00
 34.07309 -118.45879   15000.00
 34.07309 -118.45552   15000.00
 34.07309 -118.45224   15000.00
 34.07309 -118.44897   15000.00
 34.07309 -118.44569   15000.00
 34.07309 -118.44241   15000.00
 34.07309 -118.43914   14166.67
 34.07309 -118.43586   13333.33
 34.07309 -118.43259   12222.22
 34.07309 -118.42931   11666.67
 34.07309 -118.42603   10833.33
 34.07309 -118.42276    9166.67
 34.07309 -118.41948    8037.33
 34.07309 -118.41621    6926.22
 34.07309 -118.41293    6612.00
 34.07309 -118.40965    5742.22
 34.07309 -118.40638    5132.00
 34.07309 -118.40311    4836.00
 34.07309 -118.39983    4836.00
 34.07309 -118.39655    4836.00
 34.07309 -118.39327    4836.00
 34.07309 -118.39000    4836.00
 34.07027 -118.58000   12500.00
 34.07027 -118.57673   12500.00
 34.07027 -118.57345   12500.00
 34.07027 -118.57018   12500.00
 34.07027 -118.56689   12500.00
 34.07027 -118.56362   12500.00
 34.07027 -118.56035   12500.00
 34.07027 -118.55707   12500.00
 34.07027 -118.55379   12500.00
 34.07027 -118.55052   12777.78
 34.07027 -118.54724   13333.33
 34.07027 -118.54397   13888.89
 34.07027 -118.54069   14444.44
 34.07027 -118.53741   14722.22
 34.07027 -118.53414   15000.00
 34.07027 -118.53086   15000.00
 34.07027 -118.52759   15000.00
 34.07027 -118.52431   15000.00
 34.07027 -118.52103   15000.00
 34.07027 -118.51776   15000.00
 34.07027 -118.51448   15000.00
 34.07027 -118.51121   14722.22
 34.07027 -118.50793   13888.89
 34.07027 -118.50465   13055.56
 34.07027 -118.50138   12500.00
 34.07027 -118.49811   12500.00
 34.07027 -118.49483   12500.00
 34.07027 -118.49155   12500.00
 34.07027 -118.48827   12500.00
 34.07027 -118.48500   12500.00
 34.07027 -118.48173   12500.00
 34.07027 -118.47845   12777.78
 34.07027 -118.47517   13611.11
 34.07027 -118.47189   14444.44
 34.07027 -118.46862   15000.00
 34.07027 -118.46535   15000.00
 34.07027 -118.46207   15000.00
 34.07027 -118.45879   15000.00
 34.07027 -118.45552   15000.00
 34.07027 -118.45224   15000.00
 34.07027 -118.44897   15000.00
 34.07027 -118.44569   15000.00
 34.07027 -118.44241   14722.22
 34.07027 -118.43914   13888.89
 34.07027 -118.43586   13055.56
 34.07027 -118.43259   11944.44
 34.07027 -118.42931   11111.11
 34.07027 -118.42603    9704.00
 34.07027 -118.42276    7741.33
 34.07027 -118.41948    6316.00
 34.07027 -118.41621    5204.89
 34.07027 -118.41293    5168.44
 34.07027 -118.40965    4872.44
 34.07027 -118.40638    4836.00
 34.07027 -118.40311    4836.00
 34.07027 -118.39983    4836.00
 34.07027 -118.39655    4836.00
 34.07027 -118.39327    4836.00
 34.07027 -118.39000    4836.00
 34.06746 -118.58000   12500.00
 34.06746 -118.57673   12500.00
 34.06746 -118.57345   12500.00
 34.06746 -118.57018   12500.00
 34.06746 -118.56689   12500.00
 34.06746 -118.56362   12500.00
 34.06746 -118.56035   12500.00
 34.06746 -118.55707   12500.00
 34.06746 -118.55379   12500.00
 34.06746 -118.55052   12500.00
 34.06746 -118.54724   12777.78
 34.06746 -118.54397   13055.56
 34.06746 -118.54069   13888.89
 34.06746 -118.53741   14444.44
 34.06746 -118.53414   15000.00
 34.06746 -118.53086   15000.00
 34.06746 -118.52759   15000.00
 34.06746 -118.52431   15000.00
 34.06746 -118.52103   15000.00
 34.06746 -118.51776   15000.00
 34.06746 -118.51448   15000.00
 34.06746 -118.51121   14444.44
 34.06746 -118.50793   13611.11
 34.06746 -118.50465   12777.78
 34.06746 -118.50138   12500.00
 34.06746 -118.49811   12500.00
 34.06746 -118.49483   12500.00
 34.06746 -118.49155   12500.00
 34.06746 -118.48827   12500.00
 34.06746 -118.48500   12500.00
 34.06746 -118.48173   12500.00
 34.06746 -118.47845   12500.00
 34.06746 -118.47517   13055.56
 34.06746 -118.47189   13888.89
 34.06746 -118.46862   14722.22
 34.06746 -118.46535   15000.00
 34.06746 -118.46207   15000.00
 34.06746 -118.45879   15000.00
 34.06746 -118.45552   15000.00
 34.06746 -118.45224   15000.00
 34.06746 -118.44897   15000.00
 34.06746 -118.44569   14722.22
 34.06746 -118.44241   14166.67
 34.06746 -118.43914   13333.33
 34.06746 -118.43586   12500.00
 34.06746 -118.43259   11388.89
 34.06746 -118.42931   10000.00
 34.06746 -118.42603    8296.89
 34.06746 -118.42276    6593.78
 34.06746 -118.41948    5428.00
 34.06746 -118.41621    4872.44
 34.06746 -118.41293    4854.22
 34.06746 -118.40965    4854.22
 34.06746 -118.40638    4836.00
 34.06746 -118.40311    4836.00
 34.06746 -118.39983    4836.00
 34.06746 -118.39655    4836.00
 34.06746 -118.39327    4836.00
 34.06746 -118.39000    4836.00
 34.06464 -118.58000   12500.00
 34.06464 -118.57673   12500.00
 34.06464 -118.57345   12500.00
 34.06464 -118.57018   12500.00
 34.06464 -118.56689   12500.00
 34.06464 -118.56362   12500.00
 34.06464 -118.56035   12500.00
 34.06464 -118.55707   12500.00
 34.06464 -118.55379   12500.00
 34.06464 -118.55052   12500.00
 34.06464 -118.54724   12500.00
 34.06464 -118.54397   12500.00
 34.06464 -118.54069   13055.56
 34.06464 -118.53741   13888.89
 34.06464 -118.53414   14722.22
 34.06464 -118.53086   15000.00
 34.06464 -118.52759   15000.00
 34.06464 -118.52431   15000.00
 34.06464 -118.52103   15000.00
 34.06464 -118.51776   15000.00
 34.06464 -118.51448   14722.22
 34.06464 -118.51121   13888.89
 34.06464 -118.50793   13055.56
 34.06464 -118.50465   12500.00
 34.06464 -118.50138   12500.00
 34.06464 -118.49811   12500.00
 34.06464 -118.49483   12500.00
 34.06464 -118.49155   12500.00
 34.06464 -118.48827   12500.00
 34.06464 -118.48500   12500.00
 34.06464 -118.48173   12500.00
 34.06464 -118.47845   12500.00
 34.06464 -118.47517   12777.78
 34.06464 -118.47189   13611.11
 34.06464 -118.46862   14444.44
 34.06464 -118.46535   14722.22
 34.06464 -118.46207   14722.22
 34.06464 -118.45879   14722.22
 34.06464 -118.45552   14722.22
 34.06464 -118.45224   14444.44
 34.06464 -118.44897   14166.67
 34.06464 -118.44569   13888.89
 34.06464 -118.44241   13333.33
 34.06464 -118.43914   12500.00
 34.06464 -118.43586   11666.67
 34.06464 -118.43259   10555.56
 34.06464 -118.42931    8888.89
 34.06464 -118.42603    6889.78
 34.06464 -118.42276    5446.22
 34.06464 -118.41948    4836.00
 34.06464 -118.41621    4836.00
 34.06464 -118.41293    4836.00
 34.06464 -118.40965    4836.00
 34.06464 -118.40638    4836.00
 34.06464 -118.40311    4836.00
 34.06464 -118.39983    4836.00
 34.06464 -118.39655    4836.00
 34.06464 -118.39327    4836.00
 34.06464 -118.39000    4836.00
 34.06182 -118.58000   12500.00
 34.06182 -118.57673   12500.00
 34.06182 -118.57345   12500.00
 34.06182 -118.57018   12500.00
 34.06182 -118.56689   12500.00
 34.06182 -118.56362   12500.00
 34.06182 -118.56035   12500.00
 34.06182 -118.55707   12500.00
 34.06182 -118.55379   12500.00
 34.06182 -118.55052   12500.00
 34.06182 -118.54724   12500.00
 34.06182 -118.54397   12500.00
 34.06182 -118.54069   12777.78
 34.06182 -118.53741   13333.33
 34.06182 -118.53414   14166.67
 34.06182 -118.53086   14722.22
 34.06182 -118.52759   15000.00
 34.06182 -118.52431   15000.00
 34.06182 -118.52103   15000.00
 34.06182 -118.51776   15000.00
 34.06182 -118.51448   14444.44
 34.06182 -118.51121   13611.11
 34.06182 -118.50793   12777.78
 34.06182 -118.50465   12500.00
 34.06182 -118.50138   12500.00
 34.06182 -118.49811   12500.00
 34.06182 -118.49483   12500.00
 34.06182 -118.49155   12500.00
 34.06182 -118.48827   12500.00
 34.06182 -118.48500   12222.22
 34.06182 -118.48173   12222.22
 34.06182 -118.47845   12222.22
 34.06182 -118.47517   12500.00
 34.06182 -118.47189   12777.78
 34.06182 -118.46862   13333.33
 34.06182 -118.46535   13611.11
 34.06182 -118.46207   13888.89
 34.06182 -118.45879   14166.67
 34.06182 -118.45552   14166.67
 34.06182 -118.45224   13888.89
 34.06182 -118.44897   13333.33
 34.06182 -118.44569   12777.78
 34.06182 -118.44241   12222.22
 34.06182 -118.43914   11388.89
 34.06182 -118.43586   10833.33
 34.06182 -118.43259    9722.22
 34.06182 -118.42931    7759.56
 34.06182 -118.42603    6038.22
 34.06182 -118.42276    4872.44
 34.06182 -118.41948    4836.00
 34.06182 -118.41621    4836.00
 34.06182 -118.41293    4836.00
 34.06182 -118.40965    4836.00
 34.06182 -118.40638    4836.00
 34.06182 -118.40311    4836.00
 34.06182 -118.39983    4836.00
 34.06182 -118.39655    4836.00
 34.06182 -118.39327    4836.00
 34.06182 -118.39000    4836.00
 34.05900 -118.58000   11944.44
 34.05900 -118.57673   12222.22
 34.05900 -118.57345   12500.00
 34.05900 -118.57018   12500.00
 34.05900 -118.56689   12500.00
 34.05900 -118.56362   12500.00
 34.05900 -118.56035   12500.00
 34.05900 -118.55707   12500.00
 34.05900 -118.55379   12500.00
 34.05900 -118.55052   12500.00
 34.05900 -118.54724   12500.00
 34.05900 -118.54397   12500.00
 34.05900 -118.54069   12500.00
 34.05900 -118.53741   12777.78
 34.05900 -118.53414   13611.11
 34.05900 -118.53086   14444.44
 34.05900 -118.52759   15000.00
 34.05900 -118.52431   15000.00
 34.05900 -118.52103   15000.00
 34.05900 -118.51776   15000.00
 34.05900 -118.51448   14166.67
 34.05900 -118.51121   13333.33
 34.05900 -118.50793   12500.00
 34.05900 -118.50465   12500.00
 34.05900 -118.50138   12500.00
 34.05900 -118.49811   12500.00
 34.05900 -118.49483   12500.00
 34.05900 -118.49155   12500.00
 34.05900 -118.48827   12500.00
 34.05900 -118.48500   11944.44
 34.05900 -118.48173   11944.44
 34.05900 -118.47845   11944.44
 34.05900 -118.47517   12222.22
 34.05900 -118.47189   11944.44
 34.05900 -118.46862   12222.22
 34.05900 -118.46535   12500.00
 34.05900 -118.46207   13055.56
 34.05900 -118.45879   12777.78
 34.05900 -118.45552   12500.00
 34.05900 -118.45224   11944.44
 34.05900 -118.44897   11666.67
 34.05900 -118.44569   11388.89
 34.05900 -118.44241   11111.11
 34.05900 -118.43914   10000.00
 34.05900 -118.43586    9166.67
 34.05900 -118.43259    7777.78
 34.05900 -118.42931    6630.22
 34.05900 -118.42603    5464.44
 34.05900 -118.42276    4854.22
 34.05900 -118.41948    4836.00
 34.05900 -118.41621    4836.00
 34.05900 -118.41293    4836.00
 34.05900 -118.40965    4836.00
 34.05900 -118.40638    4836.00
 34.05900 -118.40311    4836.00
 34.05900 -118.39983    4836.00
 34.05900 -118.39655    4836.00
 34.05900 -118.39327    4836.00
 34.05900 -118.39000    4836.00
 34.05618 -118.58000   11111.11
 34.05618 -118.57673   11388.89
 34.05618 -118.57345   11944.44
 34.05618 -118.57018   12222.22
 34.05618 -118.56689   12500.00
 34.05618 -118.56362   12500.00
 34.05618 -118.56035   12500.00
 34.05618 -118.55707   12500.00
 34.05618 -118.55379   12500.00
 34.05618 -118.55052   12500.00
 34.05618 -118.54724   12500.00
 34.05618 -118.54397   12500.00
 34.05618 -118.54069   12500.00
 34.05618 -118.53741   12500.00
 34.05618 -118.53414   13055.56
 34.05618 -118.53086   13888.89
 34.05618 -118.52759   14722.22
 34.05618 -118.52431   15000.00
 34.05618 -118.52103   15000.00
 34.05618 -118.51776   14722.22
 34.05618 -118.51448   13888.89
 34.05618 -118.51121   13055.56
 34.05618 -118.50793   12222.22
 34.05618 -118.50465   12222.22
 34.05618 -118.50138   12222.22
 34.05618 -118.49811   12222.22
 34.05618 -118.49483   11944.44
 34.05618 -118.49155   11944.44
 34.05618 -118.48827   11944.44
 34.05618 -118.48500   11388.89
 34.05618 -118.48173   11111.11
 34.05618 -118.47845   11111.11
 34.05618 -118.47517   11388.89
 34.05618 -118.47189   10833.33
 34.05618 -118.46862   10833.33
 34.05618 -118.46535   11111.11
 34.05618 -118.46207   11388.89
 34.05618 -118.45879   10833.33
 34.05618 -118.45552   10555.56
 34.05618 -118.45224   10555.56
 34.05618 -118.44897   10833.33
 34.05618 -118.44569   10555.56
 34.05618 -118.44241   10277.78
 34.05618 -118.43914    8888.89
 34.05618 -118.43586    7777.78
 34.05618 -118.43259    6388.89
 34.05618 -118.42931    5796.89
 34.05618 -118.42603    5186.67
 34.05618 -118.42276    4854.22
 34.05618 -118.41948    4836.00
 34.05618 -118.41621    4836.00
 34.05618 -118.41293    4836.00
 34.05618 -118.40965    4836.00
 34.05618 -118.40638    4836.00
 34.05618 -118.40311    4836.00
 34.05618 -118.39983    4836.00
 34.05618 -118.39655    4836.00
 34.05618 -118.39327    4836.00
 34.05618 -118.39000    4836.00
 34.05336 -118.58000   10277.78
 34.05336 -118.57673   10555.56
 34.05336 -118.57345   11111.11
 34.05336 -118.57018   11388.89
 34.05336 -118.56689   11944.44
 34.05336 -118.56362   12222.22
 34.05336 -118.56035   12222.22
 34.05336 -118.55707   11944.44
 34.05336 -118.55379   11944.44
 34.05336 -118.55052   12222.22
 34.05336 -118.54724   12500.00
 34.05336 -118.54397   12222.22
 34.05336 -118.54069   12222.22
 34.05336 -118.53741   12222.22
 34.05336 -118.53414   12777.78
 34.05336 -118.53086   13333.33
 34.05336 -118.52759   13888.89
 34.05336 -118.52431   14166.67
 34.05336 -118.52103   14444.44
 34.05336 -118.51776   14166.67
 34.05336 -118.51448   13611.11
 34.05336 -118.51121   12500.00
 34.05336 -118.50793   11666.67
 34.05336 -118.50465   11666.67
 34.05336 -118.50138   11666.67
 34.05336 -118.49811   11666.67
 34.05336 -118.49483   11111.11
 34.05336 -118.49155   11111.11
 34.05336 -118.48827   11111.11
 34.05336 -118.48500   10833.33
 34.05336 -118.48173   10555.56
 34.05336 -118.47845   10555.56
 34.05336 -118.47517   10555.56
 34.05336 -118.47189   10000.00
 34.05336 -118.46862    9722.22
 34.05336 -118.46535   10000.00
 34.05336 -118.46207   10000.00
 34.05336 -118.45879    9166.67
 34.05336 -118.45552    8611.11
 34.05336 -118.45224    8611.11
 34.05336 -118.44897    9166.67
 34.05336 -118.44569    9166.67
 34.05336 -118.44241    9166.67
 34.05336 -118.43914    7777.78
 34.05336 -118.43586    6388.89
 34.05336 -118.43259    5000.00
 34.05336 -118.42931    4981.78
 34.05336 -118.42603    4927.11
 34.05336 -118.42276    4872.44
 34.05336 -118.41948    4836.00
 34.05336 -118.41621    4836.00
 34.05336 -118.41293    4836.00
 34.05336 -118.40965    4836.00
 34.05336 -118.40638    4836.00
 34.05336 -118.40311    4836.00
 34.05336 -118.39983    4836.00
 34.05336 -118.39655    4836.00
 34.05336 -118.39327    4836.00
 34.05336 -118.39000    4836.00
 34.05054 -118.58000   10000.00
 34.05054 -118.57673   10000.00
 34.05054 -118.57345   10277.78
 34.05054 -118.57018   10555.56
 34.05054 -118.56689   11388.89
 34.05054 -118.56362   11944.44
 34.05054 -118.56035   11944.44
 34.05054 -118.55707   11388.89
 34.05054 -118.55379   11111.11
 34.05054 -118.55052   11666.67
 34.05054 -118.54724   11944.44
 34.05054 -118.54397   11666.67
 34.05054 -118.54069   11388.89
 34.05054 -118.53741   11388.89
 34.05054 -118.53414   11944.44
 34.05054 -118.53086   12500.00
 34.05054 -118.52759   13055.56
 34.05054 -118.52431   13055.56
 34.05054 -118.52103   13055.56
 34.05054 -118.51776   12222.22
 34.05054 -118.51448   11944.44
 34.05054 -118.51121   11111.11
 34.05054 -118.50793   10833.33
 34.05054 -118.50465   10555.56
 34.05054 -118.50138   10277.78
 34.05054 -118.49811   10000.00
 34.05054 -118.49483    9444.44
 34.05054 -118.49155    9166.67
 34.05054 -118.48827    9166.67
 34.05054 -118.48500    9166.67
 34.05054 -118.48173    9166.67
 34.05054 -118.47845    8888.89
 34.05054 -118.47517    8611.11
 34.05054 -118.47189    8333.33
 34.05054 -118.46862    8333.33
 34.05054 -118.46535    8333.33
 34.05054 -118.46207    7777.78
 34.05054 -118.45879    7222.22
 34.05054 -118.45552    7222.22
 34.05054 -118.45224    7777.78
 34.05054 -118.44897    8055.56
 34.05054 -118.44569    7777.78
 34.05054 -118.44241    7499.44
 34.05054 -118.43914    6666.11
 34.05054 -118.43586    5832.78
 34.05054 -118.43259    5000.00
 34.05054 -118.42931    5000.00
 34.05054 -118.42603    4963.56
 34.05054 -118.42276    4908.89
 34.05054 -118.41948    4854.22
 34.05054 -118.41621    4836.00
 34.05054 -118.41293    4836.00
 34.05054 -118.40965    4836.00
 34.05054 -118.40638    4836.00
 34.05054 -118.40311    4836.00
 34.05054 -118.39983    4836.00
 34.05054 -118.39655    4836.00
 34.05054 -118.39327    4836.00
 34.05054 -118.39000    4836.00
 34.04773 -118.58000   10000.00
 34.04773 -118.57673   10000.00
 34.04773 -118.57345   10000.00
 34.04773 -118.57018   10000.00
 34.04773 -118.56689   10277.78
 34.04773 -118.56362   10555.56
 34.04773 -118.56035   10555.56
 34.04773 -118.55707   10277.78
 34.04773 -118.55379   10277.78
 34.04773 -118.55052   10555.56
 34.04773 -118.54724   10833.33
 34.04773 -118.54397   10555.56
 34.04773 -118.54069   10555.56
 34.04773 -118.53741   10555.56
 34.04773 -118.53414   10833.33
 34.04773 -118.53086   10833.33
 34.04773 -118.52759   11111.11
 34.04773 -118.52431   11111.11
 34.04773 -118.52103   11388.89
 34.04773 -118.51776   10555.56
 34.04773 -118.51448   10555.56
 34.04773 -118.51121   10000.00
 34.04773 -118.50793   10000.00
 34.04773 -118.50465    9444.44
 34.04773 -118.50138    8888.89
 34.04773 -118.49811    8611.11
 34.04773 -118.49483    8333.33
 34.04773 -118.49155    7777.78
 34.04773 -118.48827    7500.00
 34.04773 -118.48500    7500.00
 34.04773 -118.48173    7611.33
 34.04773 -118.47845    7167.11
 34.04773 -118.47517    6611.56
 34.04773 -118.47189    6778.00
 34.04773 -118.46862    6778.00
 34.04773 -118.46535    6778.00
 34.04773 -118.46207    6222.44
 34.04773 -118.45879    5944.67
 34.04773 -118.45552    5778.22
 34.04773 -118.45224    6056.00
 34.04773 -118.44897    6222.44
 34.04773 -118.44569    6111.11
 34.04773 -118.44241    5832.22
 34.04773 -118.43914    5554.44
 34.04773 -118.43586    5276.67
 34.04773 -118.43259    5000.00
 34.04773 -118.42931    5000.00
 34.04773 -118.42603    4981.78
 34.04773 -118.42276    4945.33
 34.04773 -118.41948    4908.89
 34.04773 -118.41621    4872.44
 34.04773 -118.41293    4854.22
 34.04773 -118.40965    4836.00
 34.04773 -118.40638    4836.00
 34.04773 -118.40311    4836.00
 34.04773 -118.39983    4836.00
 34.04773 -118.39655    4836.00
 34.04773 -118.39327    4836.00
 34.04773 -118.39000    4836.00
 34.04491 -118.58000   10000.00
 34.04491 -118.57673   10000.00
 34.04491 -118.57345    9722.22
 34.04491 -118.57018    9444.44
 34.04491 -118.56689    9166.67
 34.04491 -118.56362    9166.67
 34.04491 -118.56035    9444.44
 34.04491 -118.55707    9444.44
 34.04491 -118.55379    9444.44
 34.04491 -118.55052    9166.67
 34.04491 -118.54724    9444.44
 34.04491 -118.54397    9722.22
 34.04491 -118.54069   10000.00
 34.04491 -118.53741   10000.00
 34.04491 -118.53414    9722.22
 34.04491 -118.53086    9444.44
 34.04491 -118.52759    9444.44
 34.04491 -118.52431    9722.22
 34.04491 -118.52103    9722.22
 34.04491 -118.51776    8888.89
 34.04491 -118.51448    8611.11
 34.04491 -118.51121    8611.11
 34.04491 -118.50793    8888.89
 34.04491 -118.50465    8333.33
 34.04491 -118.50138    7777.78
 34.04491 -118.49811    7500.00
 34.04491 -118.49483    7500.00
 34.04491 -118.49155    6666.67
 34.04491 -118.48827    6111.11
 34.04491 -118.48500    5833.33
 34.04491 -118.48173    5778.22
 34.04491 -118.47845    5167.56
 34.04491 -118.47517    4445.56
 34.04491 -118.47189    4889.78
 34.04491 -118.46862    5167.56
 34.04491 -118.46535    5167.56
 34.04491 -118.46207    4612.00
 34.04491 -118.45879    4334.22
 34.04491 -118.45552    4445.56
 34.04491 -118.45224    4889.78
 34.04491 -118.44897    5222.67
 34.04491 -118.44569    5277.78
 34.04491 -118.44241    4998.33
 34.04491 -118.43914    4997.78
 34.04491 -118.43586    4997.78
 34.04491 -118.43259    4999.44
 34.04491 -118.42931    5000.00
 34.04491 -118.42603    5000.00
 34.04491 -118.42276    4981.78
 34.04491 -118.41948    4963.56
 34.04491 -118.41621    4927.11
 34.04491 -118.41293    4890.67
 34.04491 -118.40965    4854.22
 34.04491 -118.40638    4836.00
 34.04491 -118.40311    4836.00
 34.04491 -118.39983    4836.00
 34.04491 -118.39655    4836.00
 34.04491 -118.39327    4836.00
 34.04491 -118.39000    4836.00
 34.04209 -118.58000    9722.22
 34.04209 -118.57673    9444.44
 34.04209 -118.57345    8888.89
 34.04209 -118.57018    8611.11
 34.04209 -118.56689    8055.56
 34.04209 -118.56362    7777.78
 34.04209 -118.56035    8055.56
 34.04209 -118.55707    8333.33
 34.04209 -118.55379    8611.11
 34.04209 -118.55052    8055.56
 34.04209 -118.54724    8333.33
 34.04209 -118.54397    8611.11
 34.04209 -118.54069    9166.67
 34.04209 -118.53741    9166.67
 34.04209 -118.53414    8611.11
 34.04209 -118.53086    8055.56
 34.04209 -118.52759    7777.78
 34.04209 -118.52431    8611.11
 34.04209 -118.52103    8888.89
 34.04209 -118.51776    8611.11
 34.04209 -118.51448    8055.56
 34.04209 -118.51121    8055.56
 34.04209 -118.50793    8055.56
 34.04209 -118.50465    7474.00
 34.04209 -118.50138    6892.44
 34.04209 -118.49811    6448.22
 34.04209 -118.49483    6307.78
 34.04209 -118.49155    5611.78
 34.04209 -118.48827    5056.22
 34.04209 -118.48500    4778.44
 34.04209 -118.48173    4445.56
 34.04209 -118.47845    4112.67
 34.04209 -118.47517    3668.44
 34.04209 -118.47189    4112.67
 34.04209 -118.46862    4112.67
 34.04209 -118.46535    4112.67
 34.04209 -118.46207    3834.89
 34.04209 -118.45879    3834.89
 34.04209 -118.45552    3668.44
 34.04209 -118.45224    4001.33
 34.04209 -118.44897    4500.67
 34.04209 -118.44569    5000.00
 34.04209 -118.44241    4998.33
 34.04209 -118.43914    4997.22
 34.04209 -118.43586    4996.67
 34.04209 -118.43259    4998.33
 34.04209 -118.42931    4999.44
 34.04209 -118.42603    5000.00
 34.04209 -118.42276    5000.00
 34.04209 -118.41948    5000.00
 34.04209 -118.41621    4981.78
 34.04209 -118.41293    4945.33
 34.04209 -118.40965    4890.67
 34.04209 -118.40638    4854.22
 34.04209 -118.40311    4836.00
 34.04209 -118.39983    4836.00
 34.04209 -118.39655    4836.00
 34.04209 -118.39327    4836.00
 34.04209 -118.39000    4836.00
 34.03927 -118.58000    7977.56
 34.03927 -118.57673    7699.78
 34.03927 -118.57345    7170.22
 34.03927 -118.57018    6918.44
 34.03927 -118.56689    6944.44
 34.03927 -118.56362    7222.22
 34.03927 -118.56035    7474.00
 34.03927 -118.55707    7196.22
 34.03927 -118.55379    6918.44
 34.03927 -118.55052    6666.67
 34.03927 -118.54724    6918.44
 34.03927 -118.54397    7474.00
 34.03927 -118.54069    8029.56
 34.03927 -118.53741    8055.56
 34.03927 -118.53414    7777.78
 34.03927 -118.53086    7500.00
 34.03927 -118.52759    7500.00
 34.03927 -118.52431    7777.78
 34.03927 -118.52103    7500.00
 34.03927 -118.51776    7196.22
 34.03927 -118.51448    6614.67
 34.03927 -118.51121    6588.67
 34.03927 -118.50793    6614.67
 34.03927 -118.50465    6310.89
 34.03927 -118.50138    6007.11
 34.03927 -118.49811    5396.44
 34.03927 -118.49483    5115.56
 34.03927 -118.49155    4556.89
 34.03927 -118.48827    4279.11
 34.03927 -118.48500    4001.33
 34.03927 -118.48173    3834.89
 34.03927 -118.47845    3668.44
 34.03927 -118.47517    3502.00
 34.03927 -118.47189    3502.00
 34.03927 -118.46862    3502.00
 34.03927 -118.46535    3502.00
 34.03927 -118.46207    3502.00
 34.03927 -118.45879    3502.00
 34.03927 -118.45552    3502.00
 34.03927 -118.45224    3834.89
 34.03927 -118.44897    4334.22
 34.03927 -118.44569    4833.56
 34.03927 -118.44241    4998.33
 34.03927 -118.43914    4996.67
 34.03927 -118.43586    4995.56
 34.03927 -118.43259    4996.67
 34.03927 -118.42931    4998.33
 34.03927 -118.42603    4999.44
 34.03927 -118.42276    5000.00
 34.03927 -118.41948    5000.00
 34.03927 -118.41621    5000.00
 34.03927 -118.41293    4981.78
 34.03927 -118.40965    4945.33
 34.03927 -118.40638    4890.67
 34.03927 -118.40311    4854.22
 34.03927 -118.39983    4836.00
 34.03927 -118.39655    4836.00
 34.03927 -118.39327    4836.00
 34.03927 -118.39000    4836.00
 34.03645 -118.58000    6232.89
 34.03645 -118.57673    5955.11
 34.03645 -118.57345    5703.33
 34.03645 -118.57018    5755.33
 34.03645 -118.56689    6085.11
 34.03645 -118.56362    6666.67
 34.03645 -118.56035    6614.67
 34.03645 -118.55707    6310.89
 34.03645 -118.55379    5755.33
 34.03645 -118.55052    5807.33
 34.03645 -118.54724    5781.33
 34.03645 -118.54397    6033.11
 34.03645 -118.54069    6310.89
 34.03645 -118.53741    6362.89
 34.03645 -118.53414    6388.89
 34.03645 -118.53086    6362.89
 34.03645 -118.52759    6614.67
 34.03645 -118.52431    6614.67
 34.03645 -118.52103    6362.89
 34.03645 -118.51776    6059.11
 34.03645 -118.51448    5729.33
 34.03645 -118.51121    5677.33
 34.03645 -118.50793    5729.33
 34.03645 -118.50465    5425.56
 34.03645 -118.50138    5121.78
 34.03645 -118.49811    4344.67
 34.03645 -118.49483    3923.33
 34.03645 -118.49155    3502.00
 34.03645 -118.48827    3502.00
 34.03645 -118.48500    3502.00
 34.03645 -118.48173    3502.00
 34.03645 -118.47845    3502.00
 34.03645 -118.47517    3502.00
 34.03645 -118.47189    3502.00
 34.03645 -118.46862    3502.00
 34.03645 -118.46535    3502.00
 34.03645 -118.46207    3502.00
 34.03645 -118.45879    3502.00
 34.03645 -118.45552    3502.00
 34.03645 -118.45224    3668.44
 34.03645 -118.44897    4167.78
 34.03645 -118.44569    4667.11
 34.03645 -118.44241    4998.33
 34.03645 -118.43914    4996.67
 34.03645 -118.43586    4995.00
 34.03645 -118.43259    4995.56
 34.03645 -118.42931    4997.22
 34.03645 -118.42603    4998.89
 34.03645 -118.42276    5000.00
 34.03645 -118.41948    5000.00
 34.03645 -118.41621    5000.00
 34.03645 -118.41293    5000.00
 34.03645 -118.40965    4981.78
 34.03645 -118.40638    4945.33
 34.03645 -118.40311    4890.67
 34.03645 -118.39983    4854.22
 34.03645 -118.39655    4836.00
 34.03645 -118.39327    4836.00
 34.03645 -118.39000    4836.00
 34.03364 -118.58000    4766.00
 34.03364 -118.57673    4766.00
 34.03364 -118.57345    4792.00
 34.03364 -118.57018    4870.00
 34.03364 -118.56689    5225.78
 34.03364 -118.56362    5807.33
 34.03364 -118.56035    5729.33
 34.03364 -118.55707    5399.56
 34.03364 -118.55379    4870.00
 34.03364 -118.55052    4948.00
 34.03364 -118.54724    4922.00
 34.03364 -118.54397    5147.78
 34.03364 -118.54069    5399.56
 34.03364 -118.53741    5477.56
 34.03364 -118.53414    5503.56
 34.03364 -118.53086    5477.56
 34.03364 -118.52759    5703.33
 34.03364 -118.52431    5425.56
 34.03364 -118.52103    5173.78
 34.03364 -118.51776    4870.00
 34.03364 -118.51448    4818.00
 34.03364 -118.51121    4766.00
 34.03364 -118.50793    4818.00
 34.03364 -118.50465    4818.00
 34.03364 -118.50138    4818.00
 34.03364 -118.49811    4344.67
 34.03364 -118.49483    3923.33
 34.03364 -118.49155    3502.00
 34.03364 -118.48827    3502.00
 34.03364 -118.48500    3502.00
 34.03364 -118.48173    3502.00
 34.03364 -118.47845    3502.00
 34.03364 -118.47517    3502.00
 34.03364 -118.47189    3502.00
 34.03364 -118.46862    3502.00
 34.03364 -118.46535    3502.00
 34.03364 -118.46207    3502.00
 34.03364 -118.45879    3502.00
 34.03364 -118.45552    3502.00
 34.03364 -118.45224    3502.00
 34.03364 -118.44897    4001.33
 34.03364 -118.44569    4500.67
 34.03364 -118.44241    4998.33
 34.03364 -118.43914    4996.67
 34.03364 -118.43586    4995.00
 34.03364 -118.43259    4995.00
 34.03364 -118.42931    4996.11
 34.03364 -118.42603    4997.22
 34.03364 -118.42276    4998.89
 34.03364 -118.41948    4999.44
 34.03364 -118.41621    5000.00
 34.03364 -118.41293    5000.00
 34.03364 -118.40965    5000.00
 34.03364 -118.40638    4981.78
 34.03364 -118.40311    4945.33
 34.03364 -118.39983    4890.67
 34.03364 -118.39655    4854.22
 34.03364 -118.39327    4836.00
 34.03364 -118.39000    4836.00
 34.03082 -118.58000    4766.00
 34.03082 -118.57673    4766.00
 34.03082 -118.57345    4766.00
 34.03082 -118.57018    4818.00
 34.03082 -118.56689    4896.00
 34.03082 -118.56362    5199.78
 34.03082 -118.56035    5147.78
 34.03082 -118.55707    5069.78
 34.03082 -118.55379    4818.00
 34.03082 -118.55052    4896.00
 34.03082 -118.54724    4896.00
 34.03082 -118.54397    4844.00
 34.03082 -118.54069    4792.00
 34.03082 -118.53741    4870.00
 34.03082 -118.53414    4896.00
 34.03082 -118.53086    4870.00
 34.03082 -118.52759    4792.00
 34.03082 -118.52431    4792.00
 34.03082 -118.52103    4818.00
 34.03082 -118.51776    4818.00
 34.03082 -118.51448    4792.00
 34.03082 -118.51121    4766.00
 34.03082 -118.50793    4792.00
 34.03082 -118.50465    4792.00
 34.03082 -118.50138    4792.00
 34.03082 -118.49811    4344.67
 34.03082 -118.49483    3923.33
 34.03082 -118.49155    3502.00
 34.03082 -118.48827    3502.00
 34.03082 -118.48500    3502.00
 34.03082 -118.48173    3502.00
 34.03082 -118.47845    3502.00
 34.03082 -118.47517    3502.00
 34.03082 -118.47189    3502.00
 34.03082 -118.46862    3502.00
 34.03082 -118.46535    3502.00
 34.03082 -118.46207    3502.00
 34.03082 -118.45879    3502.00
 34.03082 -118.45552    3502.00
 34.03082 -118.45224    3502.00
 34.03082 -118.44897    3834.89
 34.03082 -118.44569    4167.78
 34.03082 -118.44241    4499.56
 34.03082 -118.43914    4664.33
 34.03082 -118.43586    4829.11
 34.03082 -118.43259    4995.00
 34.03082 -118.42931    4995.56
 34.03082 -118.42603    4996.11
 34.03082 -118.42276    4997.22
 34.03082 -118.41948    4998.33
 34.03082 -118.41621    4999.44
 34.03082 -118.41293    5000.00
 34.03082 -118.40965    5000.00
 34.03082 -118.40638    5000.00
 34.03082 -118.40311    4981.78
 34.03082 -118.39983    4945.33
 34.03082 -118.39655    4890.67
 34.03082 -118.39327    4854.22
 34.03082 -118.39000    4836.00
 34.02800 -118.58000    4766.00
 34.02800 -118.57673    4766.00
 34.02800 -118.57345    4766.00
 34.02800 -118.57018    4792.00
 34.02800 -118.56689    4870.00
 34.02800 -118.56362    4870.00
 34.02800 -118.56035    4844.00
 34.02800 -118.55707    4766.00
 34.02800 -118.55379    4792.00
 34.02800 -118.55052    4870.00
 34.02800 -118.54724    4870.00
 34.02800 -118.54397    4844.00
 34.02800 -118.54069    4766.00
 34.02800 -118.53741    4844.00
 34.02800 -118.53414    4844.00
 34.02800 -118.53086    4844.00
 34.02800 -118.52759    4766.00
 34.02800 -118.52431    4766.00
 34.02800 -118.52103    4766.00
 34.02800 -118.51776    4766.00
 34.02800 -118.51448    4766.00
 34.02800 -118.51121    4766.00
 34.02800 -118.50793    4766.00
 34.02800 -118.50465    4766.00
 34.02800 -118.50138    4766.00
 34.02800 -118.49811    4344.67
 34.02800 -118.49483    3923.33
 34.02800 -118.49155    3502.00
 34.02800 -118.48827    3502.00
 34.02800 -118.48500    3502.00
 34.02800 -118.48173    3502.00
 34.02800 -118.47845    3502.00
 34.02800 -118.47517    3502.00
 34.02800 -118.47189    3502.00
 34.02800 -118.46862    3502.00
 34.02800 -118.46535    3502.00
 34.02800 -118.46207    3502.00
 34.02800 -118.45879    3502.00
 34.02800 -118.45552    3502.00
 34.02800 -118.45224    3502.00
 34.02800 -118.44897    3668.44
 34.02800 -118.44569    3834.89
 34.02800 -118.44241    4000.78
 34.02800 -118.43914    4332.00
 34.02800 -118.43586    4663.22
 34.02800 -118.43259    4995.00
 34.02800 -118.42931    4995.00
 34.02800 -118.42603    4995.00
 34.02800 -118.42276    4995.56
 34.02800 -118.41948    4997.22
 34.02800 -118.41621    4998.89
 34.02800 -118.41293    5000.00
 34.02800 -118.40965    5000.00
 34.02800 -118.40638    5000.00
 34.02800 -118.40311    5000.00
 34.02800 -118.39983    4981.78
 34.02800 -118.39655    4927.11
 34.02800 -118.39327    4872.44
 34.02800 -118.39000    4836.00
