 34.09600 -118.58000       0.00
 34.09600 -118.57673       0.00
 34.09600 -118.57345       0.00
 34.09600 -118.57018       0.00
 34.09600 -118.56689       0.00
 34.09600 -118.56362       0.00
 34.09600 -118.56035       0.00
 34.09600 -118.55707       0.00
 34.09600 -118.55379       0.00
 34.09600 -118.55052       0.00
 34.09600 -118.54724       0.00
 34.09600 -118.54397       0.00
 34.09600 -118.54069       0.00
 34.09600 -118.53741       0.00
 34.09600 -118.53414       0.00
 34.09600 -118.53086       0.00
 34.09600 -118.52759       0.00
 34.09600 -118.52431       0.00
 34.09600 -118.52103       0.00
 34.09600 -118.51776       0.00
 34.09600 -118.51448       0.00
 34.09600 -118.51121       0.00
 34.09600 -118.50793       0.00
 34.09600 -118.50465       0.00
 34.09600 -118.50138       0.00
 34.09600 -118.49811       0.00
 34.09600 -118.49483       0.00
 34.09600 -118.49155       0.00
 34.09600 -118.48827       0.00
 34.09600 -118.48500       0.00
 34.09600 -118.48173       0.00
 34.09600 -118.47845       0.00
 34.09600 -118.47517       0.00
 34.09600 -118.47189       0.00
 34.09600 -118.46862       0.00
 34.09600 -118.46535       0.00
 34.09600 -118.46207       0.00
 34.09600 -118.45879       0.00
 34.09600 -118.45552       0.00
 34.09600 -118.45224       0.00
 34.09600 -118.44897       0.00
 34.09600 -118.44569       0.00
 34.09600 -118.44241       0.00
 34.09600 -118.43914       0.00
 34.09600 -118.43586       0.00
 34.09600 -118.43259       0.00
 34.09600 -118.42931       0.00
 34.09600 -118.42603       0.00
 34.09600 -118.42276       0.00
 34.09600 -118.41948       0.00
 34.09600 -118.41621       0.00
 34.09600 -118.41293       0.00
 34.09600 -118.40965       0.00
 34.09600 -118.40638       0.00
 34.09600 -118.40311       0.00
 34.09600 -118.39983       0.00
 34.09600 -118.39655       0.00
 34.09600 -118.39327     355.56
 34.09600 -118.39000     711.11
 34.09317 -118.58000       0.00
 34.09317 -118.57673       0.00
 34.09317 -118.57345       0.00
 34.09317 -118.57018       0.00
 34.09317 -118.56689       0.00
 34.09317 -118.56362       0.00
 34.09317 -118.56035       0.00
 34.09317 -118.55707       0.00
 34.09317 -118.55379       0.00
 34.09317 -118.55052       0.00
 34.09317 -118.54724       0.00
 34.09317 -118.54397       0.00
 34.09317 -118.54069       0.00
 34.09317 -118.53741       0.00
 34.09317 -118.53414       0.00
 34.09317 -118.53086       0.00
 34.09317 -118.52759       0.00
 34.09317 -118.52431       0.00
 34.09317 -118.52103       0.00
 34.09317 -118.51776       0.00
 34.09317 -118.51448       0.00
 34.09317 -118.51121       0.00
 34.09317 -118.50793       0.00
 34.09317 -118.50465       0.00
 34.09317 -118.50138       0.00
 34.09317 -118.49811       0.00
 34.09317 -118.49483       0.00
 34.09317 -118.49155       0.00
 34.09317 -118.48827       0.00
 34.09317 -118.48500       0.00
 34.09317 -118.48173       0.00
 34.09317 -118.47845       0.00
 34.09317 -118.47517       0.00
 34.09317 -118.47189       0.00
 34.09317 -118.46862       0.00
 34.09317 -118.46535       0.00
 34.09317 -118.46207       0.00
 34.09317 -118.45879       0.00
 34.09317 -118.45552       0.00
 34.09317 -118.45224       0.00
 34.09317 -118.44897       0.00
 34.09317 -118.44569       0.00
 34.09317 -118.44241      22.22
 34.09317 -118.43914      44.44
 34.09317 -118.43586      66.67
 34.09317 -118.43259      44.44
 34.09317 -118.42931      22.22
 34.09317 -118.42603       0.00
 34.09317 -118.42276       0.00
 34.09317 -118.41948     133.33
 34.09317 -118.41621     133.33
 34.09317 -118.41293     133.33
 34.09317 -118.40965       0.00
 34.09317 -118.40638     133.33
 34.09317 -118.40311     266.67
 34.09317 -118.39983     400.00
 34.09317 -118.39655     622.22
 34.09317 -118.39327    1200.00
 34.09317 -118.39000    1777.78
 34.09033 -118.58000       0.00
 34.09033 -118.57673       0.00
 34.09033 -118.57345       0.00
 34.09033 -118.57018       0.00
 34.09033 -118.56689       0.00
 34.09033 -118.56362       0.00
 34.09033 -118.56035       0.00
 34.09033 -118.55707       0.00
 34.09033 -118.55379       0.00
 34.09033 -118.55052       0.00
 34.09033 -118.54724       0.00
 34.09033 -118.54397       0.00
 34.09033 -118.54069       0.00
 34.09033 -118.53741       0.00
 34.09033 -118.53414       0.00
 34.09033 -118.53086       0.00
 34.09033 -118.52759       0.00
 34.09033 -118.52431       0.00
 34.09033 -118.52103       0.00
 34.09033 -118.51776       0.00
 34.09033 -118.51448       0.00
 34.09033 -118.51121       0.00
 34.09033 -118.50793       0.00
 34.09033 -118.50465       0.00
 34.09033 -118.50138       0.00
 34.09033 -118.49811       0.00
 34.09033 -118.49483       0.00
 34.09033 -118.49155       0.00
 34.09033 -118.48827       0.00
 34.09033 -118.48500       0.00
 34.09033 -118.48173       0.00
 34.09033 -118.47845       0.00
 34.09033 -118.47517       0.00
 34.09033 -118.47189       0.00
 34.09033 -118.46862       0.00
 34.09033 -118.46535       0.00
 34.09033 -118.46207       0.00
 34.09033 -118.45879       0.00
 34.09033 -118.45552       0.00
 34.09033 -118.45224       0.00
 34.09033 -118.44897      22.22
 34.09033 -118.44569      44.44
 34.09033 -118.44241      88.89
 34.09033 -118.43914     111.11
 34.09033 -118.43586     133.33
 34.09033 -118.43259     222.22
 34.09033 -118.42931     177.78
 34.09033 -118.42603     133.33
 34.09033 -118.42276     133.33
 34.09033 -118.41948     400.00
 34.09033 -118.41621     533.33
 34.09033 -118.41293     533.33
 34.09033 -118.40965     400.00
 34.09033 -118.40638     533.33
 34.09033 -118.40311     666.67
 34.09033 -118.39983     911.11
 34.09033 -118.39655    1355.56
 34.09033 -118.39327    2155.56
 34.09033 -118.39000    2844.44
 34.08750 -118.58000       0.00
 34.08750 -118.57673       0.00
 34.08750 -118.57345       0.00
 34.08750 -118.57018       0.00
 34.08750 -118.56689       0.00
 34.08750 -118.56362       0.00
 34.08750 -118.56035       0.00
 34.08750 -118.55707       0.00
 34.08750 -118.55379       0.00
 34.08750 -118.55052       0.00
 34.08750 -118.54724       0.00
 34.08750 -118.54397       0.00
 34.08750 -118.54069       0.00
 34.08750 -118.53741       0.00
 34.08750 -118.53414       0.00
 34.08750 -118.53086       0.00
 34.08750 -118.52759       0.00
 34.08750 -118.52431       0.00
 34.08750 -118.52103       0.00
 34.08750 -118.51776       0.00
 34.08750 -118.51448       0.00
 34.08750 -118.51121       0.00
 34.08750 -118.50793       0.00
 34.08750 -118.50465       0.00
 34.08750 -118.50138       0.00
 34.08750 -118.49811       0.00
 34.08750 -118.49483       0.00
 34.08750 -118.49155       0.00
 34.08750 -118.48827       0.00
 34.08750 -118.48500       0.00
 34.08750 -118.48173       0.00
 34.08750 -118.47845       0.00
 34.08750 -118.47517       0.00
 34.08750 -118.47189       0.00
 34.08750 -118.46862       0.00
 34.08750 -118.46535      22.22
 34.08750 -118.46207      22.22
 34.08750 -118.45879      22.22
 34.08750 -118.45552       0.00
 34.08750 -118.45224      22.22
 34.08750 -118.44897      66.67
 34.08750 -118.44569     111.11
 34.08750 -118.44241     155.56
 34.08750 -118.43914     177.78
 34.08750 -118.43586     252.78
 34.08750 -118.43259     452.78
 34.08750 -118.42931     519.44
 34.08750 -118.42603     533.33
 34.08750 -118.42276     533.33
 34.08750 -118.41948     800.00
 34.08750 -118.41621     933.33
 34.08750 -118.41293     933.33
 34.08750 -118.40965     800.00
 34.08750 -118.40638     933.33
 34.08750 -118.40311    1177.78
 34.08750 -118.39983    1533.33
 34.08750 -118.39655    2200.00
 34.08750 -118.39327    2755.56
 34.08750 -118.39000    3200.00
 34.08467 -118.58000       0.00
 34.08467 -118.57673       0.00
 34.08467 -118.57345       0.00
 34.08467 -118.57018       0.00
 34.08467 -118.56689       0.00
 34.08467 -118.56362       0.00
 34.08467 -118.56035       0.00
 34.08467 -118.55707       0.00
 34.08467 -118.55379       0.00
 34.08467 -118.55052       0.00
 34.08467 -118.54724       0.00
 34.08467 -118.54397       0.00
 34.08467 -118.54069       0.00
 34.08467 -118.53741       0.00
 34.08467 -118.53414       0.00
 34.08467 -118.53086       0.00
 34.08467 -118.52759       0.00
 34.08467 -118.52431       0.00
 34.08467 -118.52103       0.00
 34.08467 -118.51776       0.00
 34.08467 -118.51448       0.00
 34.08467 -118.51121       0.00
 34.08467 -118.50793       0.00
 34.08467 -118.50465       0.00
 34.08467 -118.50138       0.00
 34.08467 -118.49811       0.00
 34.08467 -118.49483       0.00
 34.08467 -118.49155       0.00
 34.08467 -118.48827       0.00
 34.08467 -118.48500       0.00
 34.08467 -118.48173      22.22
 34.08467 -118.47845      44.44
 34.08467 -118.47517      66.67
 34.08467 -118.47189      66.67
 34.08467 -118.46862      89.56
 34.08467 -118.46535     111.78
 34.08467 -118.46207     111.78
 34.08467 -118.45879      88.89
 34.08467 -118.45552      66.67
 34.08467 -118.45224      88.89
 34.08467 -118.44897     133.33
 34.08467 -118.44569     177.78
 34.08467 -118.44241     200.00
 34.08467 -118.43914     311.11
 34.08467 -118.43586     416.67
 34.08467 -118.43259     750.00
 34.08467 -118.42931     838.89
 34.08467 -118.42603    1044.44
 34.08467 -118.42276    1044.44
 34.08467 -118.41948    1177.78
 34.08467 -118.41621    1311.11
 34.08467 -118.41293    1422.22
 34.08467 -118.40965    1533.33
 34.08467 -118.40638    1644.44
 34.08467 -118.40311    1977.78
 34.08467 -118.39983    2311.11
 34.08467 -118.39655    2755.56
 34.08467 -118.39327    2977.78
 34.08467 -118.39000    3200.00
 34.08183 -118.58000       0.00
 34.08183 -118.57673       0.00
 34.08183 -118.57345       0.00
 34.08183 -118.57018       0.00
 34.08183 -118.56689       0.00
 34.08183 -118.56362       0.00
 34.08183 -118.56035       0.00
 34.08183 -118.55707       0.00
 34.08183 -118.55379       0.00
 34.08183 -118.55052       0.00
 34.08183 -118.54724       0.00
 34.08183 -118.54397       0.00
 34.08183 -118.54069       0.00
 34.08183 -118.53741       0.00
 34.08183 -118.53414       0.00
 34.08183 -118.53086       0.00
 34.08183 -118.52759       0.00
 34.08183 -118.52431       0.00
 34.08183 -118.52103       0.00
 34.08183 -118.51776       0.00
 34.08183 -118.51448       0.00
 34.08183 -118.51121       0.00
 34.08183 -118.50793       0.00
 34.08183 -118.50465       0.00
 34.08183 -118.50138       0.00
 34.08183 -118.49811       0.00
 34.08183 -118.49483       0.00
 34.08183 -118.49155       0.00
 34.08183 -118.48827       0.00
 34.08183 -118.48500       0.00
 34.08183 -118.48173      44.44
 34.08183 -118.47845      88.89
 34.08183 -118.47517     133.33
 34.08183 -118.47189     156.22
 34.08183 -118.46862     202.00
 34.08183 -118.46535     224.22
 34.08183 -118.46207     201.33
 34.08183 -118.45879     155.56
 34.08183 -118.45552     133.33
 34.08183 -118.45224     155.56
 34.08183 -118.44897     177.78
 34.08183 -118.44569     200.00
 34.08183 -118.44241     200.00
 34.08183 -118.43914     422.22
 34.08183 -118.43586     580.56
 34.08183 -118.43259     940.22
 34.08183 -118.42931    1273.56
 34.08183 -118.42603    1670.78
 34.08183 -118.42276    1755.56
 34.08183 -118.41948    1755.56
 34.08183 -118.41621    1866.67
 34.08183 -118.41293    1977.78
 34.08183 -118.40965    2088.89
 34.08183 -118.40638    2200.00
 34.08183 -118.40311    2755.56
 34.08183 -118.39983    2977.78
 34.08183 -118.39655    3200.00
 34.08183 -118.39327    3088.89
 34.08183 -118.39000    3200.00
 34.07900 -118.58000       0.00
 34.07900 -118.57673       0.00
 34.07900 -118.57345       0.00
 34.07900 -118.57018       0.00
 34.07900 -118.56689       0.00
 34.07900 -118.56362       0.00
 34.07900 -118.56035       0.00
 34.07900 -118.55707       0.00
 34.07900 -118.55379       0.00
 34.07900 -118.55052       0.00
 34.07900 -118.54724       0.00
 34.07900 -118.54397       0.00
 34.07900 -118.54069       0.00
 34.07900 -118.53741       0.00
 34.07900 -118.53414       0.00
 34.07900 -118.53086       0.00
 34.07900 -118.52759       0.00
 34.07900 -118.52431       0.00
 34.07900 -118.52103       0.00
 34.07900 -118.51776       0.00
 34.07900 -118.51448       0.00
 34.07900 -118.51121       0.00
 34.07900 -118.50793       0.00
 34.07900 -118.50465       0.00
 34.07900 -118.50138       0.00
 34.07900 -118.49811       0.00
 34.07900 -118.49483       0.00
 34.07900 -118.49155       0.00
 34.07900 -118.48827       0.00
 34.07900 -118.48500      35.56
 34.07900 -118.48173     102.22
 34.07900 -118.47845     168.89
 34.07900 -118.47517     200.00
 34.07900 -118.47189     222.89
 34.07900 -118.46862     268.67
 34.07900 -118.46535     268.67
 34.07900 -118.46207     245.78
 34.07900 -118.45879     200.00
 34.07900 -118.45552     311.11
 34.07900 -118.45224     311.11
 34.07900 -118.44897     311.11
 34.07900 -118.44569     311.11
 34.07900 -118.44241     644.44
 34.07900 -118.43914     977.78
 34.07900 -118.43586    1194.44
 34.07900 -118.43259    1247.11
 34.07900 -118.42931    1691.56
 34.07900 -118.42603    2030.44
 34.07900 -118.42276    2311.11
 34.07900 -118.41948    2311.11
 34.07900 -118.41621    2644.44
 34.07900 -118.41293    2977.78
 34.07900 -118.40965    3200.00
 34.07900 -118.40638    3311.11
 34.07900 -118.40311    3644.44
 34.07900 -118.39983    3755.56
 34.07900 -118.39655    3644.44
 34.07900 -118.39327    3311.11
 34.07900 -118.39000    3200.00
 34.07617 -118.58000       0.00
 34.07617 -118.57673       0.00
 34.07617 -118.57345       0.00
 34.07617 -118.57018       0.00
 34.07617 -118.56689       0.00
 34.07617 -118.56362       0.00
 34.07617 -118.56035       0.00
 34.07617 -118.55707       0.00
 34.07617 -118.55379       0.00
 34.07617 -118.55052       0.00
 34.07617 -118.54724       0.00
 34.07617 -118.54397       0.00
 34.07617 -118.54069       0.00
 34.07617 -118.53741       0.00
 34.07617 -118.53414       0.00
 34.07617 -118.53086       0.00
 34.07617 -118.52759       0.00
 34.07617 -118.52431       0.00
 34.07617 -118.52103       0.00
 34.07617 -118.51776       0.00
 34.07617 -118.51448       0.00
 34.07617 -118.51121       0.00
 34.07617 -118.50793       0.00
 34.07617 -118.50465       0.00
 34.07617 -118.50138       0.00
 34.07617 -118.49811       0.00
 34.07617 -118.49483      22.22
 34.07617 -118.49155      44.44
 34.07617 -118.48827      80.00
 34.07617 -118.48500     128.89
 34.07617 -118.48173     173.33
 34.07617 -118.47845     204.44
 34.07617 -118.47517     200.00
 34.07617 -118.47189     222.89
 34.07617 -118.46862     245.78
 34.07617 -118.46535     245.78
 34.07617 -118.46207     398.67
 34.07617 -118.45879     598.00
 34.07617 -118.45552     820.22
 34.07617 -118.45224     977.78
 34.07617 -118.44897    1088.89
 34.07617 -118.44569    1088.89
 34.07617 -118.44241    1422.22
 34.07617 -118.43914    1644.44
 34.07617 -118.43586    2030.56
 34.07617 -118.43259    1972.11
 34.07617 -118.42931    2416.56
 34.07617 -118.42603    2560.89
 34.07617 -118.42276    2994.00
 34.07617 -118.41948    2994.00
 34.07617 -118.41621    3463.56
 34.07617 -118.41293    3755.56
 34.07617 -118.40965    4088.89
 34.07617 -118.40638    4088.89
 34.07617 -118.40311    4088.89
 34.07617 -118.39983    3977.78
 34.07617 -118.39655    3866.67
 34.07617 -118.39327    3533.33
 34.07617 -118.39000    3311.11
 34.07333 -118.58000       0.00
 34.07333 -118.57673       0.00
 34.07333 -118.57345       0.00
 34.07333 -118.57018       0.00
 34.07333 -118.56689       0.00
 34.07333 -118.56362       0.00
 34.07333 -118.56035       0.00
 34.07333 -118.55707       0.00
 34.07333 -118.55379       0.00
 34.07333 -118.55052       0.00
 34.07333 -118.54724       0.00
 34.07333 -118.54397       0.00
 34.07333 -118.54069       0.00
 34.07333 -118.53741       0.00
 34.07333 -118.53414       0.00
 34.07333 -118.53086       0.00
 34.07333 -118.52759       0.00
 34.07333 -118.52431       0.00
 34.07333 -118.52103       0.00
 34.07333 -118.51776       0.00
 34.07333 -118.51448       0.00
 34.07333 -118.51121       0.00
 34.07333 -118.50793       0.00
 34.07333 -118.50465      22.22
 34.07333 -118.50138      44.44
 34.07333 -118.49811      44.44
 34.07333 -118.49483      66.67
 34.07333 -118.49155      88.89
 34.07333 -118.48827     208.78
 34.07333 -118.48500     319.78
 34.07333 -118.48173     342.00
 34.07333 -118.47845     288.78
 34.07333 -118.47517     200.00
 34.07333 -118.47189     311.11
 34.07333 -118.46862     422.22
 34.07333 -118.46535     533.33
 34.07333 -118.46207     773.78
 34.07333 -118.45879    1218.22
 34.07333 -118.45552    1666.44
 34.07333 -118.45224    1981.56
 34.07333 -118.44897    2092.67
 34.07333 -118.44569    2088.89
 34.07333 -118.44241    2422.22
 34.07333 -118.43914    2533.33
 34.07333 -118.43586    2866.67
 34.07333 -118.43259    2670.78
 34.07333 -118.42931    3004.11
 34.07333 -118.42603    3090.11
 34.07333 -118.42276    3590.89
 34.07333 -118.41948    3632.22
 34.07333 -118.41621    4101.78
 34.07333 -118.41293    4463.56
 34.07333 -118.40965    4866.67
 34.07333 -118.40638    4755.56
 34.07333 -118.40311    4422.22
 34.07333 -118.39983    4200.00
 34.07333 -118.39655    4088.89
 34.07333 -118.39327    3866.67
 34.07333 -118.39000    3644.44
 34.07050 -118.58000       0.00
 34.07050 -118.57673       0.00
 34.07050 -118.57345       0.00
 34.07050 -118.57018       0.00
 34.07050 -118.56689       0.00
 34.07050 -118.56362       0.00
 34.07050 -118.56035       0.00
 34.07050 -118.55707       0.00
 34.07050 -118.55379       0.00
 34.07050 -118.55052       0.00
 34.07050 -118.54724       0.00
 34.07050 -118.54397       0.00
 34.07050 -118.54069       0.00
 34.07050 -118.53741       0.00
 34.07050 -118.53414       0.00
 34.07050 -118.53086       0.00
 34.07050 -118.52759       0.00
 34.07050 -118.52431       0.00
 34.07050 -118.52103       0.00
 34.07050 -118.51776       0.00
 34.07050 -118.51448       0.00
 34.07050 -118.51121       0.00
 34.07050 -118.50793       0.00
 34.07050 -118.50465      44.44
 34.07050 -118.50138      88.89
 34.07050 -118.49811     111.11
 34.07050 -118.49483     133.33
 34.07050 -118.49155     155.56
 34.07050 -118.48827     275.44
 34.07050 -118.48500     427.33
 34.07050 -118.48173     427.33
 34.07050 -118.47845     351.89
 34.07050 -118.47517     200.00
 34.07050 -118.47189     422.22
 34.07050 -118.46862     644.44
 34.07050 -118.46535     866.67
 34.07050 -118.46207    1218.22
 34.07050 -118.45879    1884.89
 34.07050 -118.45552    2448.00
 34.07050 -118.45224    2905.56
 34.07050 -118.44897    3048.00
 34.07050 -118.44569    3082.67
 34.07050 -118.44241    3051.33
 34.07050 -118.43914    3131.11
 34.07050 -118.43586    3422.22
 34.07050 -118.43259    3533.33
 34.07050 -118.42931    3755.56
 34.07050 -118.42603    3841.56
 34.07050 -118.42276    4257.56
 34.07050 -118.41948    4298.89
 34.07050 -118.41621    4657.33
 34.07050 -118.41293    4796.89
 34.07050 -118.40965    5088.89
 34.07050 -118.40638    4866.67
 34.07050 -118.40311    4533.33
 34.07050 -118.39983    4200.00
 34.07050 -118.39655    4200.00
 34.07050 -118.39327    4088.89
 34.07050 -118.39000    3977.78
 34.06767 -118.58000       0.00
 34.06767 -118.57673       0.00
 34.06767 -118.57345       0.00
 34.06767 -118.57018       0.00
 34.06767 -118.56689       0.00
 34.06767 -118.56362       0.00
 34.06767 -118.56035       0.00
 34.06767 -118.55707       0.00
 34.06767 -118.55379       0.00
 34.06767 -118.55052       0.00
 34.06767 -118.54724       0.00
 34.06767 -118.54397       0.00
 34.06767 -118.54069       0.00
 34.06767 -118.53741       0.00
 34.06767 -118.53414       0.00
 34.06767 -118.53086       0.00
 34.06767 -118.52759       0.00
 34.06767 -118.52431       0.00
 34.06767 -118.52103       0.00
 34.06767 -118.51776       0.00
 34.06767 -118.51448       0.00
 34.06767 -118.51121       0.00
 34.06767 -118.50793       0.00
 34.06767 -118.50465      66.67
 34.06767 -118.50138     133.33
 34.06767 -118.49811     177.78
 34.06767 -118.49483     177.78
 34.06767 -118.49155     177.78
 34.06767 -118.48827     262.11
 34.06767 -118.48500     477.11
 34.06767 -118.48173     477.11
 34.06767 -118.47845     415.00
 34.06767 -118.47517     311.11
 34.06767 -118.47189     644.44
 34.06767 -118.46862     977.78
 34.06767 -118.46535    1311.11
 34.06767 -118.46207    1598.00
 34.06767 -118.45879    2264.67
 34.06767 -118.45552    2831.56
 34.06767 -118.45224    3274.00
 34.06767 -118.44897    3347.56
 34.06767 -118.44569    3420.67
 34.06767 -118.44241    3469.11
 34.06767 -118.43914    3617.78
 34.06767 -118.43586    3755.56
 34.06767 -118.43259    3866.67
 34.06767 -118.42931    4200.00
 34.06767 -118.42603    4422.22
 34.06767 -118.42276    4796.89
 34.06767 -118.41948    4838.22
 34.06767 -118.41621    5060.44
 34.06767 -118.41293    5130.22
 34.06767 -118.40965    5200.00
 34.06767 -118.40638    4977.78
 34.06767 -118.40311    4644.44
 34.06767 -118.39983    4311.11
 34.06767 -118.39655    4200.00
 34.06767 -118.39327    4200.00
 34.06767 -118.39000    4200.00
 34.06483 -118.58000       0.00
 34.06483 -118.57673       0.00
 34.06483 -118.57345       0.00
 34.06483 -118.57018       0.00
 34.06483 -118.56689       0.00
 34.06483 -118.56362       0.00
 34.06483 -118.56035       0.00
 34.06483 -118.55707       0.00
 34.06483 -118.55379       0.00
 34.06483 -118.55052       0.00
 34.06483 -118.54724       0.00
 34.06483 -118.54397       0.00
 34.06483 -118.54069       0.00
 34.06483 -118.53741       0.00
 34.06483 -118.53414       0.00
 34.06483 -118.53086       0.00
 34.06483 -118.52759       0.00
 34.06483 -118.52431       0.00
 34.06483 -118.52103       0.00
 34.06483 -118.51776       0.00
 34.06483 -118.51448       0.00
 34.06483 -118.51121       0.00
 34.06483 -118.50793       0.00
 34.06483 -118.50465      66.67
 34.06483 -118.50138     133.33
 34.06483 -118.49811     200.00
 34.06483 -118.49483     200.00
 34.06483 -118.49155     200.00
 34.06483 -118.48827     200.00
 34.06483 -118.48500     443.89
 34.06483 -118.48173     534.89
 34.06483 -118.47845     625.89
 34.06483 -118.47517     604.22
 34.06483 -118.47189     846.56
 34.06483 -118.46862    1088.89
 34.06483 -118.46535    1422.22
 34.06483 -118.46207    1755.56
 34.06483 -118.45879    2422.22
 34.06483 -118.45552    2905.56
 34.06483 -118.45224    3332.89
 34.06483 -118.44897    3448.67
 34.06483 -118.44569    3536.44
 34.06483 -118.44241    3664.67
 34.06483 -118.43914    3882.22
 34.06483 -118.43586    4088.89
 34.06483 -118.43259    4200.00
 34.06483 -118.42931    4533.33
 34.06483 -118.42603    4755.56
 34.06483 -118.42276    5088.89
 34.06483 -118.41948    5088.89
 34.06483 -118.41621    5200.00
 34.06483 -118.41293    5200.00
 34.06483 -118.40965    5200.00
 34.06483 -118.40638    5088.89
 34.06483 -118.40311    4755.56
 34.06483 -118.39983    4422.22
 34.06483 -118.39655    4200.00
 34.06483 -118.39327    4200.00
 34.06483 -118.39000    4200.00
 34.06200 -118.58000       0.00
 34.06200 -118.57673       0.00
 34.06200 -118.57345       0.00
 34.06200 -118.57018       0.00
 34.06200 -118.56689       0.00
 34.06200 -118.56362       0.00
 34.06200 -118.56035       0.00
 34.06200 -118.55707       0.00
 34.06200 -118.55379       0.00
 34.06200 -118.55052       0.00
 34.06200 -118.54724       0.00
 34.06200 -118.54397       0.00
 34.06200 -118.54069       0.00
 34.06200 -118.53741       0.00
 34.06200 -118.53414       0.00
 34.06200 -118.53086       0.00
 34.06200 -118.52759       0.00
 34.06200 -118.52431       0.00
 34.06200 -118.52103       0.00
 34.06200 -118.51776       0.00
 34.06200 -118.51448       0.00
 34.06200 -118.51121       0.00
 34.06200 -118.50793       0.00
 34.06200 -118.50465      44.44
 34.06200 -118.50138     111.11
 34.06200 -118.49811     288.89
 34.06200 -118.49483     422.22
 34.06200 -118.49155     533.33
 34.06200 -118.48827     533.33
 34.06200 -118.48500     700.78
 34.06200 -118.48173     813.44
 34.06200 -118.47845     904.44
 34.06200 -118.47517     959.22
 34.06200 -118.47189    1068.78
 34.06200 -118.46862    1311.11
 34.06200 -118.46535    1644.44
 34.06200 -118.46207    2088.89
 34.06200 -118.45879    2644.44
 34.06200 -118.45552    3124.00
 34.06200 -118.45224    3465.56
 34.06200 -118.44897    3606.67
 34.06200 -118.44569    3767.11
 34.06200 -118.44241    3981.11
 34.06200 -118.43914    4284.44
 34.06200 -118.43586    4422.22
 34.06200 -118.43259    4533.33
 34.06200 -118.42931    4755.56
 34.06200 -118.42603    4977.78
 34.06200 -118.42276    5200.00
 34.06200 -118.41948    5200.00
 34.06200 -118.41621    5200.00
 34.06200 -118.41293    5200.00
 34.06200 -118.40965    5200.00
 34.06200 -118.40638    5200.00
 34.06200 -118.40311    4977.78
 34.06200 -118.39983    4644.44
 34.06200 -118.39655    4311.11
 34.06200 -118.39327    4200.00
 34.06200 -118.39000    4200.00
 34.05917 -118.58000       0.00
 34.05917 -118.57673       0.00
 34.05917 -118.57345       0.00
 34.05917 -118.57018       0.00
 34.05917 -118.56689       0.00
 34.05917 -118.56362       0.00
 34.05917 -118.56035       0.00
 34.05917 -118.55707       0.00
 34.05917 -118.55379       0.00
 34.05917 -118.55052       0.00
 34.05917 -118.54724       0.00
 34.05917 -118.54397       0.00
 34.05917 -118.54069       0.00
 34.05917 -118.53741       0.00
 34.05917 -118.53414       0.00
 34.05917 -118.53086       0.00
 34.05917 -118.52759       0.00
 34.05917 -118.52431     104.44
 34.05917 -118.52103     104.44
 34.05917 -118.51776     104.44
 34.05917 -118.51448       0.00
 34.05917 -118.51121       0.00
 34.05917 -118.50793       0.00
 34.05917 -118.50465      22.22
 34.05917 -118.50138      66.67
 34.05917 -118.49811     355.56
 34.05917 -118.49483     622.22
 34.05917 -118.49155     866.67
 34.05917 -118.48827     866.67
 34.05917 -118.48500     979.33
 34.05917 -118.48173    1113.67
 34.05917 -118.47845    1226.33
 34.05917 -118.47517    1224.78
 34.05917 -118.47189    1312.67
 34.05917 -118.46862    1533.33
 34.05917 -118.46535    1977.78
 34.05917 -118.46207    2422.22
 34.05917 -118.45879    2866.67
 34.05917 -118.45552    3342.44
 34.05917 -118.45224    3652.67
 34.05917 -118.44897    3808.22
 34.05917 -118.44569    4041.33
 34.05917 -118.44241    4175.56
 34.05917 -118.43914    4686.67
 34.05917 -118.43586    4866.67
 34.05917 -118.43259    5200.00
 34.05917 -118.42931    5311.11
 34.05917 -118.42603    5311.11
 34.05917 -118.42276    5311.11
 34.05917 -118.41948    5200.00
 34.05917 -118.41621    5200.00
 34.05917 -118.41293    5200.00
 34.05917 -118.40965    5200.00
 34.05917 -118.40638    5200.00
 34.05917 -118.40311    5088.89
 34.05917 -118.39983    4866.67
 34.05917 -118.39655    4644.44
 34.05917 -118.39327    4533.33
 34.05917 -118.39000    4533.33
 34.05634 -118.58000       0.00
 34.05634 -118.57673       0.00
 34.05634 -118.57345       0.00
 34.05634 -118.57018       0.00
 34.05634 -118.56689       0.00
 34.05634 -118.56362       0.00
 34.05634 -118.56035       0.00
 34.05634 -118.55707       0.00
 34.05634 -118.55379       0.00
 34.05634 -118.55052       0.00
 34.05634 -118.54724       0.00
 34.05634 -118.54397       0.00
 34.05634 -118.54069     133.33
 34.05634 -118.53741     133.33
 34.05634 -118.53414     133.33
 34.05634 -118.53086       0.00
 34.05634 -118.52759       0.00
 34.05634 -118.52431     208.89
 34.05634 -118.52103     313.33
 34.05634 -118.51776     313.33
 34.05634 -118.51448     237.78
 34.05634 -118.51121     133.33
 34.05634 -118.50793     266.67
 34.05634 -118.50465     266.67
 34.05634 -118.50138     422.22
 34.05634 -118.49811     688.89
 34.05634 -118.49483     955.56
 34.05634 -118.49155    1311.11
 34.05634 -118.48827    1422.22
 34.05634 -118.48500    1525.44
 34.05634 -118.48173    1539.22
 34.05634 -118.47845    1560.89
 34.05634 -118.47517    1568.78
 34.05634 -118.47189    1666.11
 34.05634 -118.46862    1866.67
 34.05634 -118.46535    2311.11
 34.05634 -118.46207    2755.56
 34.05634 -118.45879    3200.00
 34.05634 -118.45552    3644.44
 34.05634 -118.45224    3923.33
 34.05634 -118.44897    4036.67
 34.05634 -118.44569    4370.00
 34.05634 -118.44241    4646.67
 34.05634 -118.43914    5311.11
 34.05634 -118.43586    5533.33
 34.05634 -118.43259    5866.67
 34.05634 -118.42931    5866.67
 34.05634 -118.42603    5755.56
 34.05634 -118.42276    5533.33
 34.05634 -118.41948    5311.11
 34.05634 -118.41621    5200.00
 34.05634 -118.41293    5200.00
 34.05634 -118.40965    5200.00
 34.05634 -118.40638    5200.00
 34.05634 -118.40311    5200.00
 34.05634 -118.39983    5088.89
 34.05634 -118.39655    4977.78
 34.05634 -118.39327    4866.67
 34.05634 -118.39000    4866.67
 34.05350 -118.58000       0.00
 34.05350 -118.57673       0.00
 34.05350 -118.57345       0.00
 34.05350 -118.57018       0.00
 34.05350 -118.56689       0.00
 34.05350 -118.56362       0.00
 34.05350 -118.56035       0.00
 34.05350 -118.55707       0.00
 34.05350 -118.55379       0.00
 34.05350 -118.55052       0.00
 34.05350 -118.54724       0.00
 34.05350 -118.54397     133.33
 34.05350 -118.54069     400.00
 34.05350 -118.53741     400.00
 34.05350 -118.53414     266.67
 34.05350 -118.53086     133.33
 34.05350 -118.52759     266.67
 34.05350 -118.52431     608.89
 34.05350 -118.52103     684.44
 34.05350 -118.51776     551.11
 34.05350 -118.51448     475.56
 34.05350 -118.51121     400.00
 34.05350 -118.50793     666.67
 34.05350 -118.50465     666.67
 34.05350 -118.50138     800.00
 34.05350 -118.49811     933.33
 34.05350 -118.49483    1177.78
 34.05350 -118.49155    1533.33
 34.05350 -118.48827    1755.56
 34.05350 -118.48500    1853.44
 34.05350 -118.48173    1840.22
 34.05350 -118.47845    1861.89
 34.05350 -118.47517    1875.11
 34.05350 -118.47189    1999.44
 34.05350 -118.46862    2088.89
 34.05350 -118.46535    2533.33
 34.05350 -118.46207    2977.78
 34.05350 -118.45879    3533.33
 34.05350 -118.45552    3977.78
 34.05350 -118.45224    4311.11
 34.05350 -118.44897    4590.00
 34.05350 -118.44569    4923.33
 34.05350 -118.44241    5256.67
 34.05350 -118.43914    5755.56
 34.05350 -118.43586    5977.78
 34.05350 -118.43259    6200.00
 34.05350 -118.42931    6200.00
 34.05350 -118.42603    6088.89
 34.05350 -118.42276    5866.67
 34.05350 -118.41948    5644.44
 34.05350 -118.41621    5422.22
 34.05350 -118.41293    5311.11
 34.05350 -118.40965    5200.00
 34.05350 -118.40638    5200.00
 34.05350 -118.40311    5200.00
 34.05350 -118.39983    5200.00
 34.05350 -118.39655    5200.00
 34.05350 -118.39327    5200.00
 34.05350 -118.39000    5200.00
 34.05067 -118.58000       0.00
 34.05067 -118.57673       0.00
 34.05067 -118.57345       0.00
 34.05067 -118.57018       0.00
 34.05067 -118.56689       0.00
 34.05067 -118.56362       0.00
 34.05067 -118.56035       0.00
 34.05067 -118.55707       0.00
 34.05067 -118.55379       0.00
 34.05067 -118.55052       0.00
 34.05067 -118.54724       0.00
 34.05067 -118.54397     266.67
 34.05067 -118.54069     666.67
 34.05067 -118.53741     800.00
 34.05067 -118.53414     533.33
 34.05067 -118.53086     400.00
 34.05067 -118.52759     644.44
 34.05067 -118.52431    1015.56
 34.05067 -118.52103    1062.22
 34.05067 -118.51776     909.33
 34.05067 -118.51448     938.22
 34.05067 -118.51121     891.56
 34.05067 -118.50793    1177.78
 34.05067 -118.50465    1288.89
 34.05067 -118.50138    1533.33
 34.05067 -118.49811    1644.44
 34.05067 -118.49483    1755.56
 34.05067 -118.49155    1977.78
 34.05067 -118.48827    2088.89
 34.05067 -118.48500    2276.22
 34.05067 -118.48173    2250.44
 34.05067 -118.47845    2250.44
 34.05067 -118.47517    2285.33
 34.05067 -118.47189    2422.22
 34.05067 -118.46862    2533.33
 34.05067 -118.46535    2866.67
 34.05067 -118.46207    3311.11
 34.05067 -118.45879    3866.67
 34.05067 -118.45552    4311.11
 34.05067 -118.45224    4644.44
 34.05067 -118.44897    5088.89
 34.05067 -118.44569    5422.22
 34.05067 -118.44241    5854.78
 34.05067 -118.43914    5965.89
 34.05067 -118.43586    5965.89
 34.05067 -118.43259    5977.78
 34.05067 -118.42931    6088.89
 34.05067 -118.42603    6200.00
 34.05067 -118.42276    6088.89
 34.05067 -118.41948    5977.78
 34.05067 -118.41621    5755.56
 34.05067 -118.41293    5533.33
 34.05067 -118.40965    5311.11
 34.05067 -118.40638    5200.00
 34.05067 -118.40311    5200.00
 34.05067 -118.39983    5200.00
 34.05067 -118.39655    5200.00
 34.05067 -118.39327    5200.00
 34.05067 -118.39000    5200.00
 34.04783 -118.58000       0.00
 34.04783 -118.57673       0.00
 34.04783 -118.57345       0.00
 34.04783 -118.57018       0.00
 34.04783 -118.56689       0.00
 34.04783 -118.56362       0.00
 34.04783 -118.56035     133.33
 34.04783 -118.55707     266.67
 34.04783 -118.55379     400.00
 34.04783 -118.55052     400.00
 34.04783 -118.54724     400.00
 34.04783 -118.54397     777.78
 34.04783 -118.54069    1155.56
 34.04783 -118.53741    1400.00
 34.04783 -118.53414    1022.22
 34.04783 -118.53086     911.11
 34.04783 -118.52759    1155.56
 34.04783 -118.52431    1422.22
 34.04783 -118.52103    1475.56
 34.04783 -118.51776    1322.67
 34.04783 -118.51448    1433.78
 34.04783 -118.51121    1713.78
 34.04783 -118.50793    2088.89
 34.04783 -118.50465    2200.00
 34.04783 -118.50138    2088.89
 34.04783 -118.49811    2088.89
 34.04783 -118.49483    2311.11
 34.04783 -118.49155    2422.22
 34.04783 -118.48827    2422.22
 34.04783 -118.48500    2528.00
 34.04783 -118.48173    2545.33
 34.04783 -118.47845    2545.33
 34.04783 -118.47517    2550.67
 34.04783 -118.47189    2755.56
 34.04783 -118.46862    2866.67
 34.04783 -118.46535    3200.00
 34.04783 -118.46207    3644.44
 34.04783 -118.45879    4088.89
 34.04783 -118.45552    4533.33
 34.04783 -118.45224    4866.67
 34.04783 -118.44897    5422.22
 34.04783 -118.44569    5644.44
 34.04783 -118.44241    5912.00
 34.04783 -118.43914    5800.89
 34.04783 -118.43586    5689.78
 34.04783 -118.43259    5644.44
 34.04783 -118.42931    5755.56
 34.04783 -118.42603    5977.78
 34.04783 -118.42276    6088.89
 34.04783 -118.41948    6200.00
 34.04783 -118.41621    6088.89
 34.04783 -118.41293    5755.56
 34.04783 -118.40965    5422.22
 34.04783 -118.40638    5200.00
 34.04783 -118.40311    5200.00
 34.04783 -118.39983    5200.00
 34.04783 -118.39655    5200.00
 34.04783 -118.39327    5200.00
 34.04783 -118.39000    5200.00
 34.04500 -118.58000       0.00
 34.04500 -118.57673       0.00
 34.04500 -118.57345       0.00
 34.04500 -118.57018       0.00
 34.04500 -118.56689       0.00
 34.04500 -118.56362     133.33
 34.04500 -118.56035     400.00
 34.04500 -118.55707     666.67
 34.04500 -118.55379     800.00
 34.04500 -118.55052     800.00
 34.04500 -118.54724     800.00
 34.04500 -118.54397    1155.56
 34.04500 -118.54069    1511.11
 34.04500 -118.53741    1866.67
 34.04500 -118.53414    1733.33
 34.04500 -118.53086    1733.33
 34.04500 -118.52759    1955.56
 34.04500 -118.52431    2200.00
 34.04500 -118.52103    2282.22
 34.04500 -118.51776    2262.67
 34.04500 -118.51448    2262.67
 34.04500 -118.51121    2736.00
 34.04500 -118.50793    3088.89
 34.04500 -118.50465    3311.11
 34.04500 -118.50138    2977.78
 34.04500 -118.49811    2866.67
 34.04500 -118.49483    2866.67
 34.04500 -118.49155    2866.67
 34.04500 -118.48827    2755.56
 34.04500 -118.48500    2866.67
 34.04500 -118.48173    2889.33
 34.04500 -118.47845    2945.11
 34.04500 -118.47517    2945.11
 34.04500 -118.47189    3144.67
 34.04500 -118.46862    3200.00
 34.04500 -118.46535    3533.33
 34.04500 -118.46207    3866.67
 34.04500 -118.45879    4200.00
 34.04500 -118.45552    4422.22
 34.04500 -118.45224    4644.44
 34.04500 -118.44897    4977.78
 34.04500 -118.44569    5200.00
 34.04500 -118.44241    5524.78
 34.04500 -118.43914    5524.78
 34.04500 -118.43586    5413.67
 34.04500 -118.43259    5311.11
 34.04500 -118.42931    5422.22
 34.04500 -118.42603    5644.44
 34.04500 -118.42276    5755.56
 34.04500 -118.41948    5866.67
 34.04500 -118.41621    5977.78
 34.04500 -118.41293    5866.67
 34.04500 -118.40965    5644.44
 34.04500 -118.40638    5311.11
 34.04500 -118.40311    5200.00
 34.04500 -118.39983    5200.00
 34.04500 -118.39655    5200.00
 34.04500 -118.39327    5200.00
 34.04500 -118.39000    5200.00
 34.04217 -118.58000       0.00
 34.04217 -118.57673       0.00
 34.04217 -118.57345       0.00
 34.04217 -118.57018       0.00
 34.04217 -118.56689     133.33
 34.04217 -118.56362     400.00
 34.04217 -118.56035     800.00
 34.04217 -118.55707    1066.67
 34.04217 -118.55379    1200.00
 34.04217 -118.55052    1200.00
 34.04217 -118.54724    1200.00
 34.04217 -118.54397    1533.33
 34.04217 -118.54069    1866.67
 34.04217 -118.53741    2311.11
 34.04217 -118.53414    2422.22
 34.04217 -118.53086    2644.44
 34.04217 -118.52759    2866.67
 34.04217 -118.52431    3088.89
 34.04217 -118.52103    3311.11
 34.04217 -118.51776    3422.22
 34.04217 -118.51448    3533.33
 34.04217 -118.51121    3977.78
 34.04217 -118.50793    4200.00
 34.04217 -118.50465    4200.00
 34.04217 -118.50138    3533.33
 34.04217 -118.49811    3200.00
 34.04217 -118.49483    3088.89
 34.04217 -118.49155    3200.00
 34.04217 -118.48827    3200.00
 34.04217 -118.48500    3200.00
 34.04217 -118.48173    3102.44
 34.04217 -118.47845    3214.00
 34.04217 -118.47517    3214.00
 34.04217 -118.47189    3311.56
 34.04217 -118.46862    3200.00
 34.04217 -118.46535    3422.22
 34.04217 -118.46207    3644.44
 34.04217 -118.45879    3977.78
 34.04217 -118.45552    4200.00
 34.04217 -118.45224    4422.22
 34.04217 -118.44897    4533.33
 34.04217 -118.44569    4644.44
 34.04217 -118.44241    4870.00
 34.04217 -118.43914    5092.22
 34.04217 -118.43586    5203.33
 34.04217 -118.43259    5200.00
 34.04217 -118.42931    5200.00
 34.04217 -118.42603    5311.11
 34.04217 -118.42276    5422.22
 34.04217 -118.41948    5533.33
 34.04217 -118.41621    5755.56
 34.04217 -118.41293    5866.67
 34.04217 -118.40965    5866.67
 34.04217 -118.40638    5533.33
 34.04217 -118.40311    5311.11
 34.04217 -118.39983    5200.00
 34.04217 -118.39655    5200.00
 34.04217 -118.39327    5200.00
 34.04217 -118.39000    5200.00
 34.03933 -118.58000       0.00
 34.03933 -118.57673       0.00
 34.03933 -118.57345       0.00
 34.03933 -118.57018     133.33
 34.03933 -118.56689     400.00
 34.03933 -118.56362     800.00
 34.03933 -118.56035    1066.67
 34.03933 -118.55707    1200.00
 34.03933 -118.55379    1200.00
 34.03933 -118.55052    1200.00
 34.03933 -118.54724    1200.00
 34.03933 -118.54397    1533.33
 34.03933 -118.54069    1866.67
 34.03933 -118.53741    2422.22
 34.03933 -118.53414    2755.56
 34.03933 -118.53086    3311.11
 34.03933 -118.52759    3644.44
 34.03933 -118.52431    3977.78
 34.03933 -118.52103    4200.00
 34.03933 -118.51776    4422.22
 34.03933 -118.51448    4533.33
 34.03933 -118.51121    4755.56
 34.03933 -118.50793    4755.56
 34.03933 -118.50465    4644.44
 34.03933 -118.50138    3977.78
 34.03933 -118.49811    3533.33
 34.03933 -118.49483    3311.11
 34.03933 -118.49155    3533.33
 34.03933 -118.48827    3533.33
 34.03933 -118.48500    3422.22
 34.03933 -118.48173    3200.00
 34.03933 -118.47845    3367.33
 34.03933 -118.47517    3367.33
 34.03933 -118.47189    3367.33
 34.03933 -118.46862    3200.00
 34.03933 -118.46535    3311.11
 34.03933 -118.46207    3422.22
 34.03933 -118.45879    3755.56
 34.03933 -118.45552    3977.78
 34.03933 -118.45224    4200.00
 34.03933 -118.44897    4200.00
 34.03933 -118.44569    4311.11
 34.03933 -118.44241    4479.44
 34.03933 -118.43914    4701.67
 34.03933 -118.43586    4923.89
 34.03933 -118.43259    5088.89
 34.03933 -118.42931    5200.00
 34.03933 -118.42603    5200.00
 34.03933 -118.42276    5200.00
 34.03933 -118.41948    5200.00
 34.03933 -118.41621    5533.33
 34.03933 -118.41293    5866.67
 34.03933 -118.40965    6088.89
 34.03933 -118.40638    5866.67
 34.03933 -118.40311    5533.33
 34.03933 -118.39983    5311.11
 34.03933 -118.39655    5200.00
 34.03933 -118.39327    5200.00
 34.03933 -118.39000    5200.00
 34.03650 -118.58000       0.00
 34.03650 -118.57673       0.00
 34.03650 -118.57345     133.33
 34.03650 -118.57018     400.00
 34.03650 -118.56689     800.00
 34.03650 -118.56362    1066.67
 34.03650 -118.56035    1200.00
 34.03650 -118.55707    1200.00
 34.03650 -118.55379    1200.00
 34.03650 -118.55052    1200.00
 34.03650 -118.54724    1200.00
 34.03650 -118.54397    1533.33
 34.03650 -118.54069    1866.67
 34.03650 -118.53741    2533.33
 34.03650 -118.53414    2977.78
 34.03650 -118.53086    3644.44
 34.03650 -118.52759    3977.78
 34.03650 -118.52431    4311.11
 34.03650 -118.52103    4644.44
 34.03650 -118.51776    4977.78
 34.03650 -118.51448    5174.00
 34.03650 -118.51121    5174.00
 34.03650 -118.50793    5062.89
 34.03650 -118.50465    4866.67
 34.03650 -118.50138    4200.00
 34.03650 -118.49811    3755.56
 34.03650 -118.49483    3533.33
 34.03650 -118.49155    3866.67
 34.03650 -118.48827    3866.67
 34.03650 -118.48500    3644.44
 34.03650 -118.48173    3311.11
 34.03650 -118.47845    3367.33
 34.03650 -118.47517    3367.33
 34.03650 -118.47189    3367.33
 34.03650 -118.46862    3200.00
 34.03650 -118.46535    3200.00
 34.03650 -118.46207    3200.00
 34.03650 -118.45879    3533.33
 34.03650 -118.45552    3866.67
 34.03650 -118.45224    4200.00
 34.03650 -118.44897    4200.00
 34.03650 -118.44569    4200.00
 34.03650 -118.44241    4200.00
 34.03650 -118.43914    4311.11
 34.03650 -118.43586    4533.33
 34.03650 -118.43259    4866.67
 34.03650 -118.42931    5088.89
 34.03650 -118.42603    5200.00
 34.03650 -118.42276    5200.00
 34.03650 -118.41948    5200.00
 34.03650 -118.41621    5533.33
 34.03650 -118.41293    5866.67
 34.03650 -118.40965    6200.00
 34.03650 -118.40638    6088.89
 34.03650 -118.40311    5866.67
 34.03650 -118.39983    5533.33
 34.03650 -118.39655    5311.11
 34.03650 -118.39327    5200.00
 34.03650 -118.39000    5200.00
 34.03367 -118.58000       0.00
 34.03367 -118.57673     133.33
 34.03367 -118.57345     400.00
 34.03367 -118.57018     800.00
 34.03367 -118.56689    1066.67
 34.03367 -118.56362    1200.00
 34.03367 -118.56035    1200.00
 34.03367 -118.55707    1200.00
 34.03367 -118.55379    1200.00
 34.03367 -118.55052    1200.00
 34.03367 -118.54724    1200.00
 34.03367 -118.54397    1533.33
 34.03367 -118.54069    1977.78
 34.03367 -118.53741    2755.56
 34.03367 -118.53414    3311.11
 34.03367 -118.53086    3866.67
 34.03367 -118.52759    4088.89
 34.03367 -118.52431    4422.22
 34.03367 -118.52103    4755.56
 34.03367 -118.51776    5062.89
 34.03367 -118.51448    5122.00
 34.03367 -118.51121    5096.00
 34.03367 -118.50793    5122.00
 34.03367 -118.50465    5062.89
 34.03367 -118.50138    4644.44
 34.03367 -118.49811    4200.00
 34.03367 -118.49483    3977.78
 34.03367 -118.49155    4088.89
 34.03367 -118.48827    4088.89
 34.03367 -118.48500    3866.67
 34.03367 -118.48173    3533.33
 34.03367 -118.47845    3478.44
 34.03367 -118.47517    3367.33
 34.03367 -118.47189    3367.33
 34.03367 -118.46862    3200.00
 34.03367 -118.46535    3200.00
 34.03367 -118.46207    3200.00
 34.03367 -118.45879    3422.22
 34.03367 -118.45552    3755.56
 34.03367 -118.45224    4088.89
 34.03367 -118.44897    4200.00
 34.03367 -118.44569    4200.00
 34.03367 -118.44241    4200.00
 34.03367 -118.43914    4200.00
 34.03367 -118.43586    4311.11
 34.03367 -118.43259    4644.44
 34.03367 -118.42931    4977.78
 34.03367 -118.42603    5200.00
 34.03367 -118.42276    5200.00
 34.03367 -118.41948    5200.00
 34.03367 -118.41621    5422.22
 34.03367 -118.41293    5755.56
 34.03367 -118.40965    6088.89
 34.03367 -118.40638    6200.00
 34.03367 -118.40311    6088.89
 34.03367 -118.39983    5866.67
 34.03367 -118.39655    5533.33
 34.03367 -118.39327    5311.11
 34.03367 -118.39000    5200.00
 34.03083 -118.58000     133.33
 34.03083 -118.57673     400.00
 34.03083 -118.57345     800.00
 34.03083 -118.57018    1066.67
 34.03083 -118.56689    1200.00
 34.03083 -118.56362    1200.00
 34.03083 -118.56035    1200.00
 34.03083 -118.55707    1200.00
 34.03083 -118.55379    1200.00
 34.03083 -118.55052    1200.00
 34.03083 -118.54724    1200.00
 34.03083 -118.54397    1533.33
 34.03083 -118.54069    2200.00
 34.03083 -118.53741    3088.89
 34.03083 -118.53414    3755.56
 34.03083 -118.53086    4088.89
 34.03083 -118.52759    4200.00
 34.03083 -118.52431    4533.33
 34.03083 -118.52103    4866.67
 34.03083 -118.51776    5148.00
 34.03083 -118.51448    5070.00
 34.03083 -118.51121    5018.00
 34.03083 -118.50793    5044.00
 34.03083 -118.50465    5122.00
 34.03083 -118.50138    4951.78
 34.03083 -118.49811    4644.44
 34.03083 -118.49483    4311.11
 34.03083 -118.49155    4200.00
 34.03083 -118.48827    4200.00
 34.03083 -118.48500    4088.89
 34.03083 -118.48173    3866.67
 34.03083 -118.47845    3700.67
 34.03083 -118.47517    3478.44
 34.03083 -118.47189    3367.33
 34.03083 -118.46862    3200.00
 34.03083 -118.46535    3200.00
 34.03083 -118.46207    3200.00
 34.03083 -118.45879    3311.11
 34.03083 -118.45552    3644.44
 34.03083 -118.45224    3977.78
 34.03083 -118.44897    4200.00
 34.03083 -118.44569    4200.00
 34.03083 -118.44241    4200.00
 34.03083 -118.43914    4200.00
 34.03083 -118.43586    4200.00
 34.03083 -118.43259    4422.22
 34.03083 -118.42931    4755.56
 34.03083 -118.42603    5088.89
 34.03083 -118.42276    5200.00
 34.03083 -118.41948    5200.00
 34.03083 -118.41621    5311.11
 34.03083 -118.41293    5533.33
 34.03083 -118.40965    5866.67
 34.03083 -118.40638    6088.89
 34.03083 -118.40311    6200.00
 34.03083 -118.39983    6088.89
 34.03083 -118.39655    5866.67
 34.03083 -118.39327    5533.33
 34.03083 -118.39000    5311.11
 34.02800 -118.58000     266.67
 34.02800 -118.57673     666.67
 34.02800 -118.57345    1066.67
 34.02800 -118.57018    1200.00
 34.02800 -118.56689    1200.00
 34.02800 -118.56362    1200.00
 34.02800 -118.56035    1200.00
 34.02800 -118.55707    1200.00
 34.02800 -118.55379    1200.00
 34.02800 -118.55052    1200.00
 34.02800 -118.54724    1200.00
 34.02800 -118.54397    1533.33
 34.02800 -118.54069    2422.22
 34.02800 -118.53741    3422.22
 34.02800 -118.53414    4088.89
 34.02800 -118.53086    4200.00
 34.02800 -118.52759    4200.00
 34.02800 -118.52431    4533.33
 34.02800 -118.52103    4866.67
 34.02800 -118.51776    5122.00
 34.02800 -118.51448    5044.00
 34.02800 -118.51121    4966.00
 34.02800 -118.50793    4992.00
 34.02800 -118.50465    5070.00
 34.02800 -118.50138    5148.00
 34.02800 -118.49811    4866.67
 34.02800 -118.49483    4533.33
 34.02800 -118.49155    4200.00
 34.02800 -118.48827    4200.00
 34.02800 -118.48500    4200.00
 34.02800 -118.48173    4088.89
 34.02800 -118.47845    3922.89
 34.02800 -118.47517    3589.56
 34.02800 -118.47189    3367.33
 34.02800 -118.46862    3200.00
 34.02800 -118.46535    3200.00
 34.02800 -118.46207    3200.00
 34.02800 -118.45879    3200.00
 34.02800 -118.45552    3533.33
 34.02800 -118.45224    3866.67
 34.02800 -118.44897    4200.00
 34.02800 -118.44569    4200.00
 34.02800 -118.44241    4200.00
 34.02800 -118.43914    4200.00
 34.02800 -118.43586    4200.00
 34.02800 -118.43259    4311.11
 34.02800 -118.42931    4644.44
 34.02800 -118.42603    4977.78
 34.02800 -118.42276    5200.00
 34.02800 -118.41948    5200.00
 34.02800 -118.41621    5200.00
 34.02800 -118.41293    5311.11
 34.02800 -118.40965    5644.44
 34.02800 -118.40638    5977.78
 34.02800 -118.40311    6200.00
 34.02800 -118.39983    6200.00
 34.02800 -118.39655    6088.89
 34.02800 -118.39327    5755.56
 34.02800 -118.39000    5422.22
