   -118.496    34.0442
   -118.495    34.0475
   -118.493    34.0499
   -118.490    34.0510
   -118.481    34.0512
   -118.468    34.0512
   -118.457    34.0515
   -118.446    34.0519
   -118.438    34.0522
   -118.431    34.0546
   -118.423    34.0610
   -118.417    34.0671
   -118.412    34.0717
   -118.407    34.0770
   -118.403    34.0790
   -118.400    34.0754
   -118.397    34.0712
   -118.397    34.0695
   -118.402    34.0641
   -118.408    34.0582
   -118.414    34.0538
   -118.421    34.0487
   -118.431    34.0428
   -118.435    34.0415
   -118.442    34.0405
   -118.454    34.0394
   -118.463    34.0398
   -118.475    34.0391
   -118.486    34.0388
   -118.492    34.0396
   -118.495    34.0420
