   -119.200    34.0623
   -119.214    34.0655
   -119.240    34.0672
   -119.264    34.0674
   -119.284    34.0693
   -119.294    34.0691
   -119.306    34.0744
   -119.320    34.0771
   -119.333    34.0858
   -119.339    34.0999
   -119.345    34.1187
   -119.346    34.1435
   -119.347    34.1655
   -119.347    34.1834
   -119.347    34.1997
   -119.349    34.2100
   -119.349    34.2145
   -119.332    34.2170
   -119.312    34.2220
   -119.289    34.2250
   -119.274    34.2297
   -119.255    34.2333
   -119.234    34.2365
   -119.214    34.2403
   -119.199    34.2510
   -119.183    34.2590
   -119.170    34.2679
   -119.157    34.2750
   -119.137    34.2884
   -119.119    34.3023
   -119.100    34.3141
   -119.082    34.3228
   -119.064    34.3318
   -119.049    34.3378
   -119.035    34.3455
   -119.026    34.3531
   -119.009    34.3556
   -118.981    34.3577
   -118.953    34.3611
   -118.933    34.3648
   -118.912    34.3678
   -118.897    34.3715
   -118.881    34.3756
   -118.867    34.3785
   -118.855    34.3801
   -118.837    34.3774
   -118.807    34.3690
   -118.783    34.3630
   -118.758    34.3567
   -118.740    34.3504
   -118.727    34.3481
   -118.714    34.3481
   -118.698    34.3487
   -118.677    34.3495
   -118.663    34.3525
   -118.651    34.3537
   -118.639    34.3521
   -118.613    34.3390
   -118.584    34.3239
   -118.580    34.3191
   -118.571    34.3131
   -118.562    34.3110
   -118.556    34.3057
   -118.551    34.3009
   -118.548    34.2982
   -118.544    34.2978
   -118.540    34.2956
   -118.538    34.2926
   -118.542    34.2897
   -118.547    34.2898
   -118.551    34.2889
   -118.554    34.2887
   -118.577    34.2901
   -118.582    34.2892
   -118.587    34.2891
   -118.595    34.2907
   -118.604    34.2966
   -118.614    34.2999
   -118.622    34.3036
   -118.629    34.3047
   -118.635    34.3075
   -118.640    34.3101
   -118.650    34.3114
   -118.656    34.3119
   -118.661    34.3119
   -118.665    34.3098
   -118.665    34.3027
   -118.667    34.2952
   -118.671    34.2896
   -118.677    34.2795
   -118.688    34.2701
   -118.703    34.2602
   -118.715    34.2538
   -118.720    34.2490
   -118.731    34.2468
   -118.737    34.2408
   -118.739    34.2384
   -118.746    34.2353
   -118.750    34.2356
   -118.768    34.2318
   -118.790    34.2256
   -118.807    34.2227
   -118.823    34.2227
   -118.841    34.2212
   -118.859    34.2180
   -118.872    34.2141
   -118.884    34.2057
   -118.900    34.1920
   -118.911    34.1793
   -118.918    34.1657
   -118.927    34.1484
   -118.934    34.1263
   -118.940    34.1093
   -118.949    34.0926
   -118.960    34.0769
   -118.973    34.0677
   -118.988    34.0625
   -119.024    34.0594
   -119.062    34.0602
   -119.095    34.0579
   -119.112    34.0605
   -119.135    34.0615
   -119.156    34.0615
   -119.177    34.0610
   -119.193    34.0625
