   -119.192    34.5308
   -119.202    34.5299
   -119.212    34.5278
   -119.221    34.5239
   -119.228    34.5180
   -119.235    34.5134
   -119.249    34.5122
   -119.263    34.5130
   -119.270    34.5139
   -119.278    34.5117
   -119.282    34.5118
   -119.292    34.5144
   -119.300    34.5222
   -119.302    34.5364
   -119.299    34.5507
   -119.297    34.5657
   -119.290    34.5862
   -119.285    34.5977
   -119.280    34.6119
   -119.277    34.6176
   -119.275    34.6226
   -119.267    34.6238
   -119.252    34.6205
   -119.238    34.6167
   -119.220    34.6152
   -119.202    34.6167
   -119.185    34.6160
   -119.167    34.6161
   -119.148    34.6164
   -119.130    34.6179
   -119.109    34.6180
   -119.091    34.6180
   -119.081    34.6180
   -119.072    34.6185
   -119.057    34.6124
   -119.047    34.6066
   -119.028    34.6008
   -119.014    34.5957
   -118.996    34.5903
   -118.986    34.5868
   -118.978    34.5853
   -118.976    34.5811
   -118.971    34.5773
   -118.963    34.5758
   -118.953    34.5751
   -118.948    34.5741
   -118.945    34.5745
   -118.942    34.5711
   -118.941    34.5670
   -118.943    34.5644
   -118.949    34.5603
   -118.959    34.5555
   -118.966    34.5512
   -118.975    34.5479
   -118.985    34.5442
   -119.000    34.5396
   -119.012    34.5353
   -119.027    34.5311
   -119.042    34.5270
   -119.057    34.5235
   -119.071    34.5206
   -119.082    34.5155
   -119.088    34.5149
   -119.101    34.5131
   -119.112    34.5142
   -119.123    34.5184
   -119.136    34.5217
   -119.144    34.5251
   -119.152    34.5274
   -119.161    34.5290
   -119.168    34.5299
   -119.177    34.5303
   -119.182    34.5307
