   -118.586    34.3226
   -118.591    34.3256
   -118.597    34.3278
   -118.602    34.3302
   -118.606    34.3332
   -118.607    34.3374
   -118.607    34.3398
   -118.603    34.3421
   -118.597    34.3437
   -118.593    34.3435
   -118.589    34.3428
   -118.583    34.3393
   -118.577    34.3364
   -118.572    34.3324
   -118.566    34.3281
   -118.560    34.3238
   -118.556    34.3195
   -118.554    34.3161
   -118.555    34.3136
   -118.557    34.3121
   -118.559    34.3103
   -118.564    34.3123
   -118.572    34.3154
   -118.578    34.3192
   -118.583    34.3213
