   -119.211    34.4767
   -119.220    34.4780
   -119.227    34.4795
   -119.237    34.4808
   -119.245    34.4843
   -119.253    34.4877
   -119.261    34.4935
   -119.266    34.4979
   -119.268    34.5046
   -119.263    34.5115
   -119.257    34.5143
   -119.249    34.5154
   -119.237    34.5154
   -119.225    34.5133
   -119.209    34.5111
   -119.193    34.5094
   -119.182    34.5072
   -119.166    34.5046
   -119.152    34.5017
   -119.144    34.5007
   -119.133    34.4989
   -119.119    34.4966
   -119.108    34.4941
   -119.098    34.4919
   -119.089    34.4887
   -119.082    34.4870
   -119.073    34.4837
   -119.068    34.4798
   -119.067    34.4761
   -119.067    34.4721
   -119.070    34.4698
   -119.073    34.4690
   -119.081    34.4697
   -119.089    34.4707
   -119.102    34.4719
   -119.115    34.4718
   -119.128    34.4722
   -119.145    34.4720
   -119.158    34.4727
   -119.171    34.4735
   -119.186    34.4749
   -119.198    34.4758
   -119.206    34.4766
