   -119.322    34.6196
   -119.330    34.6222
   -119.338    34.6273
   -119.349    34.6348
   -119.357    34.6425
   -119.367    34.6484
   -119.374    34.6523
   -119.382    34.6562
   -119.389    34.6600
   -119.395    34.6630
   -119.398    34.6652
   -119.392    34.6652
   -119.388    34.6650
   -119.379    34.6663
   -119.370    34.6674
   -119.358    34.6703
   -119.350    34.6719
   -119.338    34.6737
   -119.328    34.6765
   -119.314    34.6816
   -119.302    34.6863
   -119.288    34.6939
   -119.280    34.6990
   -119.277    34.7017
   -119.267    34.7063
   -119.248    34.7135
   -119.234    34.7180
   -119.223    34.7227
   -119.213    34.7265
   -119.203    34.7308
   -119.199    34.7257
   -119.194    34.7207
   -119.188    34.7225
   -119.182    34.7231
   -119.171    34.7231
   -119.157    34.7224
   -119.145    34.7199
   -119.131    34.7117
   -119.119    34.7037
   -119.109    34.6945
   -119.098    34.6857
   -119.089    34.6800
   -119.079    34.6712
   -119.071    34.6628
   -119.065    34.6554
   -119.060    34.6496
   -119.055    34.6450
   -119.043    34.6391
   -119.038    34.6365
   -119.032    34.6290
   -119.028    34.6211
   -119.026    34.6160
   -119.017    34.6080
   -119.007    34.5989
   -118.999    34.5935
   -118.989    34.5890
   -118.978    34.5853
   -118.968    34.5856
   -118.961    34.5867
   -118.956    34.5873
   -118.956    34.5855
   -118.960    34.5828
   -118.966    34.5804
   -118.969    34.5792
   -118.971    34.5775
   -118.977    34.5768
   -118.983    34.5760
   -118.996    34.5768
   -119.014    34.5769
   -119.030    34.5767
   -119.046    34.5772
   -119.054    34.5785
   -119.069    34.5813
   -119.085    34.5838
   -119.099    34.5842
   -119.117    34.5843
   -119.129    34.5840
   -119.141    34.5844
   -119.151    34.5843
   -119.157    34.5867
   -119.163    34.5896
   -119.178    34.5918
   -119.192    34.5951
   -119.208    34.5975
   -119.219    34.6002
   -119.235    34.6021
   -119.252    34.6043
   -119.263    34.6079
   -119.267    34.6092
   -119.276    34.6100
   -119.287    34.6128
   -119.298    34.6152
   -119.309    34.6159
   -119.317    34.6181
