 34.45260 -118.83400    -384.97
 34.45260 -118.83067    -357.70
 34.45260 -118.82733    -288.09
 34.45260 -118.82400    -150.20
 34.45260 -118.82066      73.17
 34.45260 -118.81733     390.40
 34.45260 -118.81400     784.13
 34.45260 -118.81067    1231.53
 34.45260 -118.80733    1689.98
 34.45260 -118.80400    2119.56
 34.45260 -118.80067    2471.74
 34.45260 -118.79733    2722.89
 34.45260 -118.79400    2870.97
 34.45260 -118.79066    2944.59
 34.45260 -118.78733    2975.92
 34.45260 -118.78400    2991.39
 34.45260 -118.78067    3003.77
 34.45260 -118.77734    3016.47
 34.45260 -118.77400    3027.69
 34.45260 -118.77067    3032.35
 34.45260 -118.76733    3028.89
 34.45260 -118.76400    3019.33
 34.45260 -118.76067    3009.15
 34.45260 -118.75733    2998.20
 34.45260 -118.75400    2972.60
 34.45260 -118.75066    2894.68
 34.45260 -118.74734    2706.35
 34.45260 -118.74400    2357.72
 34.45260 -118.74067    1851.95
 34.45260 -118.73734    1268.93
 34.45260 -118.73400     732.38
 34.45260 -118.73067     340.24
 34.45260 -118.72733     116.03
 34.45260 -118.72400      17.51
 34.45260 -118.72066     -15.68
 34.45260 -118.71733     -25.84
 34.45260 -118.71400     -29.74
 34.45260 -118.71067     -31.15
 34.45260 -118.70734     -30.11
 34.45260 -118.70400     -26.77
 34.45260 -118.70067     -21.42
 34.45260 -118.69733     -14.97
 34.45260 -118.69400      -8.81
 34.45260 -118.69067      -4.20
 34.45260 -118.68733      -1.41
 34.45260 -118.68400       4.32
 34.45260 -118.68067      26.42
 34.45260 -118.67734      89.98
 34.45260 -118.67400     215.21
 34.45260 -118.67067     397.11
 34.45260 -118.66734     586.17
 34.45260 -118.66400     709.04
 34.44975 -118.83400    -377.95
 34.44975 -118.83067    -350.47
 34.44975 -118.82733    -281.61
 34.44975 -118.82400    -147.49
 34.44975 -118.82066      68.06
 34.44975 -118.81733     373.43
 34.44975 -118.81400     753.89
 34.44975 -118.81067    1188.57
 34.44975 -118.80733    1636.90
 34.44975 -118.80400    2058.41
 34.44975 -118.80067    2405.54
 34.44975 -118.79733    2655.44
 34.44975 -118.79400    2808.11
 34.44975 -118.79066    2891.06
 34.44975 -118.78733    2934.09
 34.44975 -118.78400    2960.17
 34.44975 -118.78067    2980.87
 34.44975 -118.77734    2999.61
 34.44975 -118.77400    3015.37
 34.44975 -118.77067    3023.36
 34.44975 -118.76733    3022.34
 34.44975 -118.76400    3014.43
 34.44975 -118.76067    3004.70
 34.44975 -118.75733    2991.73
 34.44975 -118.75400    2959.90
 34.44975 -118.75066    2871.46
 34.44975 -118.74734    2671.53
 34.44975 -118.74400    2315.97
 34.44975 -118.74067    1812.12
 34.44975 -118.73734    1238.94
 34.44975 -118.73400     714.94
 34.44975 -118.73067     332.71
 34.44975 -118.72733     113.83
 34.44975 -118.72400      17.15
 34.44975 -118.72066     -15.68
 34.44975 -118.71733     -25.82
 34.44975 -118.71400     -29.65
 34.44975 -118.71067     -30.86
 34.44975 -118.70734     -29.49
 34.44975 -118.70400     -25.77
 34.44975 -118.70067     -20.17
 34.44975 -118.69733     -13.73
 34.44975 -118.69400      -7.86
 34.44975 -118.69067      -3.64
 34.44975 -118.68733      -0.93
 34.44975 -118.68400       5.58
 34.44975 -118.68067      29.98
 34.44975 -118.67734      97.09
 34.44975 -118.67400     225.88
 34.44975 -118.67067     409.44
 34.44975 -118.66734     598.03
 34.44975 -118.66400     719.71
 34.44689 -118.83400    -362.90
 34.44689 -118.83067    -334.87
 34.44689 -118.82733    -267.43
 34.44689 -118.82400    -141.04
 34.44689 -118.82066      58.31
 34.44689 -118.81733     339.14
 34.44689 -118.81400     691.89
 34.44689 -118.81067    1099.49
 34.44689 -118.80733    1524.84
 34.44689 -118.80400    1926.67
 34.44689 -118.80067    2259.75
 34.44689 -118.79733    2503.55
 34.44689 -118.79400    2661.91
 34.44689 -118.79066    2760.31
 34.44689 -118.78733    2824.20
 34.44689 -118.78400    2870.64
 34.44689 -118.78067    2909.15
 34.44689 -118.77734    2942.49
 34.44689 -118.77400    2970.19
 34.44689 -118.77067    2987.40
 34.44689 -118.76733    2993.37
 34.44689 -118.76400    2990.50
 34.44689 -118.76067    2983.17
 34.44689 -118.75733    2967.63
 34.44689 -118.75400    2925.64
 34.44689 -118.75066    2820.22
 34.44689 -118.74734    2602.82
 34.44689 -118.74400    2239.06
 34.44689 -118.74067    1742.16
 34.44689 -118.73734    1188.22
 34.44689 -118.73400     686.39
 34.44689 -118.73067     320.76
 34.44689 -118.72733     110.46
 34.44689 -118.72400      16.65
 34.44689 -118.72066     -15.64
 34.44689 -118.71733     -25.73
 34.44689 -118.71400     -29.41
 34.44689 -118.71067     -30.27
 34.44689 -118.70734     -28.33
 34.44689 -118.70400     -23.99
 34.44689 -118.70067     -18.03
 34.44689 -118.69733     -11.69
 34.44689 -118.69400      -6.34
 34.44689 -118.69067      -2.76
 34.44689 -118.68733      -0.05
 34.44689 -118.68400       8.23
 34.44689 -118.68067      37.62
 34.44689 -118.67734     112.33
 34.44689 -118.67400     248.74
 34.44689 -118.67067     435.86
 34.44689 -118.66734     623.43
 34.44689 -118.66400     742.57
 34.44404 -118.83400    -340.25
 34.44404 -118.83067    -311.12
 34.44404 -118.82733    -245.05
 34.44404 -118.82400    -128.78
 34.44404 -118.82066      48.31
 34.44404 -118.81733     294.76
 34.44404 -118.81400     607.67
 34.44404 -118.81067     974.76
 34.44404 -118.80733    1362.82
 34.44404 -118.80400    1730.05
 34.44404 -118.80067    2035.12
 34.44404 -118.79733    2262.14
 34.44404 -118.79400    2420.14
 34.44404 -118.79066    2532.42
 34.44404 -118.78733    2619.10
 34.44404 -118.78400    2690.62
 34.44404 -118.78067    2753.88
 34.44404 -118.77734    2809.79
 34.44404 -118.77400    2857.34
 34.44404 -118.77067    2890.75
 34.44404 -118.76733    2909.73
 34.44404 -118.76400    2916.95
 34.44404 -118.76067    2915.78
 34.44404 -118.75733    2899.80
 34.44404 -118.75400    2848.54
 34.44404 -118.75066    2727.48
 34.44404 -118.74734    2496.72
 34.44404 -118.74400    2132.52
 34.44404 -118.74067    1652.64
 34.44404 -118.73734    1127.24
 34.44404 -118.73400     653.87
 34.44404 -118.73067     307.84
 34.44404 -118.72733     107.04
 34.44404 -118.72400      16.26
 34.44404 -118.72066     -15.47
 34.44404 -118.71733     -25.45
 34.44404 -118.71400     -28.87
 34.44404 -118.71067     -29.23
 34.44404 -118.70734     -26.62
 34.44404 -118.70400     -21.67
 34.44404 -118.70067     -15.46
 34.44404 -118.69733      -9.41
 34.44404 -118.69400      -4.73
 34.44404 -118.69067      -1.86
 34.44404 -118.68733       1.16
 34.44404 -118.68400      12.39
 34.44404 -118.68067      49.57
 34.44404 -118.67734     135.95
 34.44404 -118.67400     283.90
 34.44404 -118.67067     476.25
 34.44404 -118.66734     662.06
 34.44404 -118.66400     777.20
 34.44118 -118.83400    -314.43
 34.44118 -118.83067    -283.25
 34.44118 -118.82733    -216.56
 34.44118 -118.82400    -107.68
 34.44118 -118.82066      49.54
 34.44118 -118.81733     262.13
 34.44118 -118.81400     532.41
 34.44118 -118.81067     852.27
 34.44118 -118.80733    1192.31
 34.44118 -118.80400    1511.25
 34.44118 -118.80067    1772.70
 34.44118 -118.79733    1967.03
 34.44118 -118.79400    2109.22
 34.44118 -118.79066    2221.77
 34.44118 -118.78733    2320.78
 34.44118 -118.78400    2411.17
 34.44118 -118.78067    2497.03
 34.44118 -118.77734    2576.30
 34.44118 -118.77400    2646.26
 34.44118 -118.77067    2699.34
 34.44118 -118.76733    2735.26
 34.44118 -118.76400    2756.46
 34.44118 -118.76067    2765.22
 34.44118 -118.75733    2752.84
 34.44118 -118.75400    2698.03
 34.44118 -118.75066    2570.26
 34.44118 -118.74734    2339.33
 34.44118 -118.74400    1990.69
 34.44118 -118.74067    1543.51
 34.44118 -118.73734    1058.40
 34.44118 -118.73400     620.14
 34.44118 -118.73067     296.12
 34.44118 -118.72733     105.08
 34.44118 -118.72400      16.93
 34.44118 -118.72066     -14.54
 34.44118 -118.71733     -24.48
 34.44118 -118.71400     -27.55
 34.44118 -118.71067     -27.34
 34.44118 -118.70734     -24.12
 34.44118 -118.70400     -18.81
 34.44118 -118.70067     -12.71
 34.44118 -118.69733      -7.22
 34.44118 -118.69400      -3.33
 34.44118 -118.69067      -1.08
 34.44118 -118.68733       2.70
 34.44118 -118.68400      18.04
 34.44118 -118.68067      65.08
 34.44118 -118.67734     165.68
 34.44118 -118.67400     327.08
 34.44118 -118.67067     524.97
 34.44118 -118.66734     707.87
 34.44118 -118.66400     817.76
 34.43833 -118.83400    -291.37
 34.43833 -118.83067    -256.96
 34.43833 -118.82733    -185.63
 34.43833 -118.82400     -75.50
 34.43833 -118.82066      74.84
 34.43833 -118.81733     267.95
 34.43833 -118.81400     506.93
 34.43833 -118.81067     785.20
 34.43833 -118.80733    1076.57
 34.43833 -118.80400    1341.89
 34.43833 -118.80067    1550.05
 34.43833 -118.79733    1697.81
 34.43833 -118.79400    1805.85
 34.43833 -118.79066    1897.78
 34.43833 -118.78733    1988.05
 34.43833 -118.78400    2078.10
 34.43833 -118.78067    2169.85
 34.43833 -118.77734    2258.90
 34.43833 -118.77400    2341.67
 34.43833 -118.77067    2409.02
 34.43833 -118.76733    2459.31
 34.43833 -118.76400    2493.25
 34.43833 -118.76067    2511.86
 34.43833 -118.75733    2505.87
 34.43833 -118.75400    2455.23
 34.43833 -118.75066    2334.28
 34.43833 -118.74734    2121.63
 34.43833 -118.74400    1808.84
 34.43833 -118.74067    1413.15
 34.43833 -118.73734     982.66
 34.43833 -118.73400     588.53
 34.43833 -118.73067     290.58
 34.43833 -118.72733     109.95
 34.43833 -118.72400      23.27
 34.43833 -118.72066      -9.45
 34.43833 -118.71733     -20.54
 34.43833 -118.71400     -23.98
 34.43833 -118.71067     -23.70
 34.43833 -118.70734     -20.38
 34.43833 -118.70400     -15.28
 34.43833 -118.70067      -9.82
 34.43833 -118.69733      -5.25
 34.43833 -118.69400      -2.22
 34.43833 -118.69067      -0.26
 34.43833 -118.68733       5.14
 34.43833 -118.68400      26.20
 34.43833 -118.68067      84.90
 34.43833 -118.67734     200.83
 34.43833 -118.67400     375.10
 34.43833 -118.67067     576.54
 34.43833 -118.66734     754.10
 34.43833 -118.66400     857.24
 34.43548 -118.83400    -275.57
 34.43548 -118.83067    -236.89
 34.43548 -118.82733    -156.23
 34.43548 -118.82400     -33.17
 34.43548 -118.82066     129.76
 34.43548 -118.81733     327.44
 34.43548 -118.81400     557.79
 34.43548 -118.81067     811.56
 34.43548 -118.80733    1065.09
 34.43548 -118.80400    1282.93
 34.43548 -118.80067    1439.47
 34.43548 -118.79733    1536.25
 34.43548 -118.79400    1598.23
 34.43548 -118.79066    1651.03
 34.43548 -118.78733    1709.82
 34.43548 -118.78400    1774.83
 34.43548 -118.78067    1847.48
 34.43548 -118.77734    1923.41
 34.43548 -118.77400    2000.52
 34.43548 -118.77067    2069.10
 34.43548 -118.76733    2124.36
 34.43548 -118.76400    2163.47
 34.43548 -118.76067    2186.00
 34.43548 -118.75733    2184.20
 34.43548 -118.75400    2141.21
 34.43548 -118.75066    2036.63
 34.43548 -118.74734    1856.32
 34.43548 -118.74400    1595.79
 34.43548 -118.74067    1268.40
 34.43548 -118.73734     907.86
 34.43548 -118.73400     569.72
 34.43548 -118.73067     304.41
 34.43548 -118.72733     135.40
 34.43548 -118.72400      47.65
 34.43548 -118.72066       9.85
 34.43548 -118.71733      -5.96
 34.43548 -118.71400     -12.70
 34.43548 -118.71067     -14.82
 34.43548 -118.70734     -13.48
 34.43548 -118.70400     -10.25
 34.43548 -118.70067      -6.51
 34.43548 -118.69733      -3.36
 34.43548 -118.69400      -1.18
 34.43548 -118.69067       1.23
 34.43548 -118.68733      10.04
 34.43548 -118.68400      39.68
 34.43548 -118.68067     112.43
 34.43548 -118.67734     244.02
 34.43548 -118.67400     428.19
 34.43548 -118.67067     628.61
 34.43548 -118.66734     796.61
 34.43548 -118.66400     890.79
 34.43262 -118.83400    -267.18
 34.43262 -118.83067    -223.96
 34.43262 -118.82733    -131.31
 34.43262 -118.82400      12.98
 34.43262 -118.82066     204.40
 34.43262 -118.81733     429.03
 34.43262 -118.81400     675.15
 34.43262 -118.81067     926.43
 34.43262 -118.80733    1160.03
 34.43262 -118.80400    1345.27
 34.43262 -118.80067    1462.94
 34.43262 -118.79733    1518.06
 34.43262 -118.79400    1537.52
 34.43262 -118.79066    1547.47
 34.43262 -118.78733    1564.03
 34.43262 -118.78400    1587.71
 34.43262 -118.78067    1621.32
 34.43262 -118.77734    1663.71
 34.43262 -118.77400    1716.77
 34.43262 -118.77067    1772.00
 34.43262 -118.76733    1820.54
 34.43262 -118.76400    1854.81
 34.43262 -118.76067    1872.14
 34.43262 -118.75733    1867.48
 34.43262 -118.75400    1828.30
 34.43262 -118.75066    1739.83
 34.43262 -118.74734    1594.07
 34.43262 -118.74400    1389.98
 34.43262 -118.74067    1137.23
 34.43262 -118.73734     855.47
 34.43262 -118.73400     582.76
 34.43262 -118.73067     357.01
 34.43262 -118.72733     201.59
 34.43262 -118.72400     110.03
 34.43262 -118.72066      61.76
 34.43262 -118.71733      35.01
 34.43262 -118.71400      18.94
 34.43262 -118.71067       8.80
 34.43262 -118.70734       3.31
 34.43262 -118.70400       0.89
 34.43262 -118.70067       0.47
 34.43262 -118.69733       1.05
 34.43262 -118.69400       2.58
 34.43262 -118.69067       7.21
 34.43262 -118.68733      22.98
 34.43262 -118.68400      65.96
 34.43262 -118.68067     156.38
 34.43262 -118.67734     303.54
 34.43262 -118.67400     492.81
 34.43262 -118.67067     685.11
 34.43262 -118.66734     837.19
 34.43262 -118.66400     919.07
 34.42978 -118.83400    -263.92
 34.42978 -118.83067    -216.81
 34.42978 -118.82733    -112.70
 34.42978 -118.82400      54.37
 34.42978 -118.82066     280.45
 34.42978 -118.81733     544.19
 34.42978 -118.81400     822.79
 34.42978 -118.81067    1089.35
 34.42978 -118.80733    1319.51
 34.42978 -118.80400    1487.53
 34.42978 -118.80067    1582.26
 34.42978 -118.79733    1612.23
 34.42978 -118.79400    1604.27
 34.42978 -118.79066    1582.74
 34.42978 -118.78733    1563.61
 34.42978 -118.78400    1548.51
 34.42978 -118.78067    1542.12
 34.42978 -118.77734    1547.28
 34.42978 -118.77400    1569.73
 34.42978 -118.77067    1603.61
 34.42978 -118.76733    1637.41
 34.42978 -118.76400    1659.96
 34.42978 -118.76067    1665.66
 34.42978 -118.75733    1650.94
 34.42978 -118.75400    1606.51
 34.42978 -118.75066    1523.04
 34.42978 -118.74734    1398.97
 34.42978 -118.74400    1238.84
 34.42978 -118.74067    1051.52
 34.42978 -118.73734     845.60
 34.42978 -118.73400     641.11
 34.42978 -118.73067     460.35
 34.42978 -118.72733     322.54
 34.42978 -118.72400     227.79
 34.42978 -118.72066     166.26
 34.42978 -118.71733     123.35
 34.42978 -118.71400      91.18
 34.42978 -118.71067      65.36
 34.42978 -118.70734      45.45
 34.42978 -118.70400      30.84
 34.42978 -118.70067      21.62
 34.42978 -118.69733      17.34
 34.42978 -118.69400      18.50
 34.42978 -118.69067      28.26
 34.42978 -118.68733      55.86
 34.42978 -118.68400     117.11
 34.42978 -118.68067     227.10
 34.42978 -118.67734     386.54
 34.42978 -118.67400     572.93
 34.42978 -118.67067     747.94
 34.42978 -118.66734     877.17
 34.42978 -118.66400     943.45
 34.42692 -118.83400    -262.91
 34.42692 -118.83067    -213.23
 34.42692 -118.82733    -100.80
 34.42692 -118.82400      84.53
 34.42692 -118.82066     341.46
 34.42692 -118.81733     644.25
 34.42692 -118.81400     960.08
 34.42692 -118.81067    1249.93
 34.42692 -118.80733    1485.58
 34.42692 -118.80400    1645.87
 34.42692 -118.80067    1729.50
 34.42692 -118.79733    1749.94
 34.42692 -118.79400    1733.35
 34.42692 -118.79066    1700.53
 34.42692 -118.78733    1665.52
 34.42692 -118.78400    1630.64
 34.42692 -118.78067    1601.05
 34.42692 -118.77734    1581.58
 34.42692 -118.77400    1579.55
 34.42692 -118.77067    1592.65
 34.42692 -118.76733    1610.12
 34.42692 -118.76400    1620.23
 34.42692 -118.76067    1614.41
 34.42692 -118.75733    1587.64
 34.42692 -118.75400    1531.13
 34.42692 -118.75066    1439.31
 34.42692 -118.74734    1317.02
 34.42692 -118.74400    1176.60
 34.42692 -118.74067    1030.69
 34.42692 -118.73734     882.88
 34.42692 -118.73400     738.64
 34.42692 -118.73067     604.45
 34.42692 -118.72733     491.08
 34.42692 -118.72400     400.66
 34.42692 -118.72066     330.58
 34.42692 -118.71733     272.44
 34.42692 -118.71400     221.57
 34.42692 -118.71067     175.02
 34.42692 -118.70734     134.27
 34.42692 -118.70400     100.87
 34.42692 -118.70067      77.37
 34.42692 -118.69733      65.20
 34.42692 -118.69400      66.23
 34.42692 -118.69067      84.21
 34.42692 -118.68733     127.52
 34.42692 -118.68400     208.30
 34.42692 -118.68067     333.79
 34.42692 -118.67734     495.86
 34.42692 -118.67400     667.43
 34.42692 -118.67067     815.12
 34.42692 -118.66734     915.87
 34.42692 -118.66400     964.54
 34.42407 -118.83400    -262.65
 34.42407 -118.83067    -211.62
 34.42407 -118.82733     -94.20
 34.42407 -118.82400     103.50
 34.42407 -118.82066     383.62
 34.42407 -118.81733     718.32
 34.42407 -118.81400    1066.67
 34.42407 -118.81067    1378.04
 34.42407 -118.80733    1619.50
 34.42407 -118.80400    1774.14
 34.42407 -118.80067    1850.97
 34.42407 -118.79733    1869.77
 34.42407 -118.79400    1856.53
 34.42407 -118.79066    1828.65
 34.42407 -118.78733    1797.44
 34.42407 -118.78400    1765.16
 34.42407 -118.78067    1735.17
 34.42407 -118.77734    1710.82
 34.42407 -118.77400    1697.70
 34.42407 -118.77067    1696.42
 34.42407 -118.76733    1700.36
 34.42407 -118.76400    1700.84
 34.42407 -118.76067    1688.12
 34.42407 -118.75733    1653.68
 34.42407 -118.75400    1586.16
 34.42407 -118.75066    1480.31
 34.42407 -118.74734    1345.14
 34.42407 -118.74400    1200.77
 34.42407 -118.74067    1067.53
 34.42407 -118.73734     951.34
 34.42407 -118.73400     850.33
 34.42407 -118.73067     758.78
 34.42407 -118.72733     676.95
 34.42407 -118.72400     603.78
 34.42407 -118.72066     538.16
 34.42407 -118.71733     474.64
 34.42407 -118.71400     410.62
 34.42407 -118.71067     345.28
 34.42407 -118.70734     282.94
 34.42407 -118.70400     228.49
 34.42407 -118.70067     188.10
 34.42407 -118.69733     166.37
 34.42407 -118.69400     167.27
 34.42407 -118.69067     194.22
 34.42407 -118.68733     251.99
 34.42407 -118.68400     345.73
 34.42407 -118.68067     474.01
 34.42407 -118.67734     622.72
 34.42407 -118.67400     765.74
 34.42407 -118.67067     878.37
 34.42407 -118.66734     948.89
 34.42407 -118.66400     980.64
 34.42122 -118.83400    -262.57
 34.42122 -118.83067    -210.86
 34.42122 -118.82733     -90.39
 34.42122 -118.82400     115.86
 34.42122 -118.82066     412.91
 34.42122 -118.81733     771.41
 34.42122 -118.81400    1143.30
 34.42122 -118.81067    1468.46
 34.42122 -118.80733    1710.36
 34.42122 -118.80400    1856.85
 34.42122 -118.80067    1926.50
 34.42122 -118.79733    1945.37
 34.42122 -118.79400    1939.70
 34.42122 -118.79066    1924.30
 34.42122 -118.78733    1907.68
 34.42122 -118.78400    1891.24
 34.42122 -118.78067    1875.24
 34.42122 -118.77734    1859.55
 34.42122 -118.77400    1846.25
 34.42122 -118.77067    1837.57
 34.42122 -118.76733    1832.16
 34.42122 -118.76400    1826.33
 34.42122 -118.76067    1811.73
 34.42122 -118.75733    1776.93
 34.42122 -118.75400    1707.04
 34.42122 -118.75066    1593.34
 34.42122 -118.74734    1444.02
 34.42122 -118.74400    1283.10
 34.42122 -118.74067    1139.53
 34.42122 -118.73734    1028.14
 34.42122 -118.73400     948.97
 34.42122 -118.73067     890.70
 34.42122 -118.72733     843.76
 34.42122 -118.72400     799.75
 34.42122 -118.72066     753.25
 34.42122 -118.71733     697.98
 34.42122 -118.71400     631.92
 34.42122 -118.71067     556.95
 34.42122 -118.70734     480.48
 34.42122 -118.70400     410.88
 34.42122 -118.70067     357.47
 34.42122 -118.69733     328.12
 34.42122 -118.69400     328.71
 34.42122 -118.69067     361.38
 34.42122 -118.68733     425.49
 34.42122 -118.68400     518.21
 34.42122 -118.68067     631.61
 34.42122 -118.67734     750.50
 34.42122 -118.67400     854.90
 34.42122 -118.67067     930.19
 34.42122 -118.66734     973.28
 34.42122 -118.66400     991.16
 34.41836 -118.83400    -262.55
 34.41836 -118.83067    -210.25
 34.41836 -118.82733     -86.98
 34.41836 -118.82400     127.12
 34.41836 -118.82066     438.59
 34.41836 -118.81733     815.56
 34.41836 -118.81400    1202.67
 34.41836 -118.81067    1532.92
 34.41836 -118.80733    1768.53
 34.41836 -118.80400    1903.44
 34.41836 -118.80067    1964.11
 34.41836 -118.79733    1981.45
 34.41836 -118.79400    1981.45
 34.41836 -118.79066    1977.12
 34.41836 -118.78733    1974.80
 34.41836 -118.78400    1975.00
 34.41836 -118.78067    1975.27
 34.41836 -118.77734    1971.99
 34.41836 -118.77400    1963.67
 34.41836 -118.77067    1952.43
 34.41836 -118.76733    1940.99
 34.41836 -118.76400    1930.54
 34.41836 -118.76067    1916.38
 34.41836 -118.75733    1886.89
 34.41836 -118.75400    1824.87
 34.41836 -118.75066    1715.85
 34.41836 -118.74734    1561.96
 34.41836 -118.74400    1385.24
 34.41836 -118.74067    1221.25
 34.41836 -118.73734    1096.91
 34.41836 -118.73400    1021.54
 34.41836 -118.73067     984.62
 34.41836 -118.72733     969.51
 34.41836 -118.72400     958.82
 34.41836 -118.72066     939.43
 34.41836 -118.71733     901.65
 34.41836 -118.71400     843.05
 34.41836 -118.71067     768.67
 34.41836 -118.70734     689.16
 34.41836 -118.70400     615.82
 34.41836 -118.70067     559.07
 34.41836 -118.69733     527.80
 34.41836 -118.69400     527.87
 34.41836 -118.69067     559.55
 34.41836 -118.68733     617.66
 34.41836 -118.68400     693.95
 34.41836 -118.68067     778.18
 34.41836 -118.67734     858.46
 34.41836 -118.67400     923.08
 34.41836 -118.67067     965.86
 34.41836 -118.66734     988.20
 34.41836 -118.66400     996.66
 34.41551 -118.83400    -262.55
 34.41551 -118.83067    -209.50
 34.41551 -118.82733     -83.00
 34.41551 -118.82400     139.66
 34.41551 -118.82066     465.17
 34.41551 -118.81733     857.98
 34.41551 -118.81400    1254.73
 34.41551 -118.81067    1583.65
 34.41551 -118.80733    1808.01
 34.41551 -118.80400    1929.18
 34.41551 -118.80067    1980.05
 34.41551 -118.79733    1994.55
 34.41551 -118.79400    1997.30
 34.41551 -118.79066    1999.65
 34.41551 -118.78733    2006.32
 34.41551 -118.78400    2017.20
 34.41551 -118.78067    2028.35
 34.41551 -118.77734    2034.00
 34.41551 -118.77400    2030.34
 34.41551 -118.77067    2018.66
 34.41551 -118.76733    2003.71
 34.41551 -118.76400    1989.97
 34.41551 -118.76067    1976.76
 34.41551 -118.75733    1954.63
 34.41551 -118.75400    1906.11
 34.41551 -118.75066    1811.09
 34.41551 -118.74734    1663.06
 34.41551 -118.74400    1477.78
 34.41551 -118.74067    1294.19
 34.41551 -118.73734    1150.94
 34.41551 -118.73400    1069.61
 34.41551 -118.73067    1044.08
 34.41551 -118.72733    1053.18
 34.41551 -118.72400    1070.86
 34.41551 -118.72066    1075.98
 34.41551 -118.71733    1055.28
 34.41551 -118.71400    1006.47
 34.41551 -118.71067     938.31
 34.41551 -118.70734     864.57
 34.41551 -118.70400     798.24
 34.41551 -118.70067     748.25
 34.41551 -118.69733     721.27
 34.41551 -118.69400     720.77
 34.41551 -118.69067     745.26
 34.41551 -118.68733     787.68
 34.41551 -118.68400     838.74
 34.41551 -118.68067     889.80
 34.41551 -118.67734     934.00
 34.41551 -118.67400     966.62
 34.41551 -118.67067     986.43
 34.41551 -118.66734     995.83
 34.41551 -118.66400     999.03
 34.41265 -118.83400    -262.55
 34.41265 -118.83067    -208.72
 34.41265 -118.82733     -79.02
 34.41265 -118.82400     151.78
 34.41265 -118.82066     489.90
 34.41265 -118.81733     895.83
 34.41265 -118.81400    1298.80
 34.41265 -118.81067    1623.87
 34.41265 -118.80733    1836.31
 34.41265 -118.80400    1944.76
 34.41265 -118.80067    1986.91
 34.41265 -118.79733    1998.27
 34.41265 -118.79400    2001.52
 34.41265 -118.79066    2006.47
 34.41265 -118.78733    2016.81
 34.41265 -118.78400    2032.24
 34.41265 -118.78067    2048.28
 34.41265 -118.77734    2058.28
 34.41265 -118.77400    2057.28
 34.41265 -118.77067    2045.73
 34.41265 -118.76733    2028.94
 34.41265 -118.76400    2013.08
 34.41265 -118.76067    2000.50
 34.41265 -118.75733    1984.48
 34.41265 -118.75400    1948.55
 34.41265 -118.75066    1868.69
 34.41265 -118.74734    1730.73
 34.41265 -118.74400    1543.54
 34.41265 -118.74067    1347.05
 34.41265 -118.73734    1188.41
 34.41265 -118.73400    1099.74
 34.41265 -118.73067    1079.51
 34.41265 -118.72733    1103.82
 34.41265 -118.72400    1139.90
 34.41265 -118.72066    1160.63
 34.41265 -118.71733    1150.41
 34.41265 -118.71400    1107.89
 34.41265 -118.71067    1045.44
 34.41265 -118.70734     979.66
 34.41265 -118.70400     924.35
 34.41265 -118.70067     885.63
 34.41265 -118.69733     865.97
 34.41265 -118.69400     865.04
 34.41265 -118.69067     880.07
 34.41265 -118.68733     904.79
 34.41265 -118.68400     932.14
 34.41265 -118.68067     956.76
 34.41265 -118.67734     975.90
 34.41265 -118.67400     988.72
 34.41265 -118.67067     995.83
 34.41265 -118.66734     998.88
 34.41265 -118.66400     999.80
 34.40980 -118.83400    -262.55
 34.40980 -118.83067    -208.22
 34.40980 -118.82733     -76.47
 34.40980 -118.82400     159.49
 34.40980 -118.82066     505.40
 34.40980 -118.81733     919.20
 34.40980 -118.81400    1325.47
 34.40980 -118.81067    1647.60
 34.40980 -118.80733    1852.31
 34.40980 -118.80400    1952.90
 34.40980 -118.80067    1989.79
 34.40980 -118.79733    1999.15
 34.40980 -118.79400    2002.25
 34.40980 -118.79066    2007.91
 34.40980 -118.78733    2019.26
 34.40980 -118.78400    2035.94
 34.40980 -118.78067    2053.38
 34.40980 -118.77734    2064.70
 34.40980 -118.77400    2064.59
 34.40980 -118.77067    2053.11
 34.40980 -118.76733    2035.64
 34.40980 -118.76400    2018.93
 34.40980 -118.76067    2006.75
 34.40980 -118.75733    1994.04
 34.40980 -118.75400    1965.26
 34.40980 -118.75066    1894.53
 34.40980 -118.74734    1763.50
 34.40980 -118.74400    1576.80
 34.40980 -118.74067    1374.39
 34.40980 -118.73734    1207.76
 34.40980 -118.73400    1114.89
 34.40980 -118.73067    1096.84
 34.40980 -118.72733    1128.29
 34.40980 -118.72400    1172.76
 34.40980 -118.72066    1200.04
 34.40980 -118.71733    1193.64
 34.40980 -118.71400    1153.29
 34.40980 -118.71067    1093.64
 34.40980 -118.70734    1033.00
 34.40980 -118.70400     985.42
 34.40980 -118.70067     954.85
 34.40980 -118.69733     940.54
 34.40980 -118.69400     939.41
 34.40980 -118.69067     948.03
 34.40980 -118.68733     961.49
 34.40980 -118.68400     975.04
 34.40980 -118.68067     985.72
 34.40980 -118.67734     992.85
 34.40980 -118.67400     997.00
 34.40980 -118.67067     999.03
 34.40980 -118.66734     999.80
 34.40980 -118.66400     999.98
