   -119.156    34.0600
   -119.173    34.0606
   -119.199    34.0626
   -119.222    34.0655
   -119.251    34.0668
   -119.274    34.0686
   -119.304    34.0722
   -119.324    34.0786
   -119.336    34.0922
   -119.342    34.1098
   -119.345    34.1304
   -119.347    34.1514
   -119.346    34.1714
   -119.346    34.1920
   -119.348    34.2054
   -119.349    34.2142
   -119.332    34.2165
   -119.310    34.2201
   -119.289    34.2231
   -119.272    34.2275
   -119.254    34.2321
   -119.238    34.2381
   -119.220    34.2438
   -119.209    34.2475
   -119.195    34.2551
   -119.181    34.2646
   -119.167    34.2743
   -119.153    34.2824
   -119.129    34.2966
   -119.109    34.3111
   -119.090    34.3235
   -119.074    34.3331
   -119.056    34.3424
   -119.041    34.3532
   -119.030    34.3598
   -119.021    34.3630
   -119.004    34.3611
   -118.988    34.3595
   -118.971    34.3616
   -118.951    34.3658
   -118.930    34.3714
   -118.910    34.3780
   -118.903    34.3815
   -118.884    34.3867
   -118.864    34.3908
   -118.851    34.3901
   -118.831    34.3895
   -118.815    34.3873
   -118.799    34.3849
   -118.780    34.3825
   -118.761    34.3784
   -118.742    34.3739
   -118.717    34.3684
   -118.697    34.3629
   -118.674    34.3588
   -118.659    34.3569
   -118.649    34.3551
   -118.644    34.3498
   -118.645    34.3435
   -118.650    34.3379
   -118.655    34.3308
   -118.658    34.3271
   -118.659    34.3238
   -118.670    34.3214
   -118.685    34.3172
   -118.694    34.3159
   -118.703    34.3129
   -118.710    34.3069
   -118.718    34.3004
   -118.722    34.2905
   -118.726    34.2802
   -118.734    34.2662
   -118.743    34.2570
   -118.754    34.2504
   -118.769    34.2468
   -118.791    34.2409
   -118.808    34.2357
   -118.823    34.2309
   -118.826    34.2293
   -118.829    34.2289
   -118.835    34.2324
   -118.838    34.2360
   -118.843    34.2366
   -118.847    34.2362
   -118.857    34.2316
   -118.864    34.2229
   -118.878    34.2084
   -118.892    34.1965
   -118.899    34.1923
   -118.903    34.1888
   -118.906    34.1809
   -118.914    34.1700
   -118.918    34.1651
   -118.921    34.1569
   -118.927    34.1441
   -118.933    34.1296
   -118.941    34.1114
   -118.948    34.0955
   -118.957    34.0807
   -118.965    34.0726
   -118.974    34.0663
   -118.980    34.0622
   -118.992    34.0578
   -119.004    34.0573
   -119.026    34.0569
   -119.047    34.0581
   -119.065    34.0580
   -119.089    34.0581
   -119.110    34.0588
   -119.124    34.0595
   -119.141    34.0602
