   -119.238    34.5617
   -119.245    34.5609
   -119.249    34.5592
   -119.253    34.5584
   -119.256    34.5603
   -119.251    34.5633
   -119.243    34.5672
   -119.235    34.5729
   -119.232    34.5789
   -119.237    34.5866
   -119.240    34.5909
   -119.248    34.5937
   -119.259    34.5961
   -119.270    34.5973
   -119.283    34.5981
   -119.304    34.6002
   -119.322    34.6025
   -119.344    34.6064
   -119.360    34.6103
   -119.369    34.6133
   -119.377    34.6186
   -119.388    34.6242
   -119.395    34.6283
   -119.409    34.6300
   -119.422    34.6322
   -119.429    34.6338
   -119.431    34.6365
   -119.426    34.6396
   -119.422    34.6422
   -119.419    34.6441
   -119.418    34.6474
   -119.422    34.6496
   -119.426    34.6517
   -119.428    34.6531
   -119.427    34.6554
   -119.416    34.6536
   -119.405    34.6520
   -119.399    34.6506
   -119.388    34.6504
   -119.382    34.6501
   -119.379    34.6510
   -119.372    34.6504
   -119.367    34.6493
   -119.362    34.6472
   -119.355    34.6394
   -119.340    34.6304
   -119.329    34.6238
   -119.320    34.6213
   -119.303    34.6182
   -119.286    34.6158
   -119.265    34.6122
   -119.245    34.6104
   -119.232    34.6083
   -119.217    34.6043
   -119.204    34.6000
   -119.192    34.5975
   -119.189    34.5951
   -119.178    34.5927
   -119.168    34.5913
   -119.156    34.5892
   -119.146    34.5854
   -119.136    34.5808
   -119.123    34.5759
   -119.108    34.5743
   -119.087    34.5743
   -119.070    34.5744
   -119.053    34.5752
   -119.039    34.5769
   -119.022    34.5773
   -119.004    34.5770
   -118.988    34.5779
   -118.974    34.5781
   -118.964    34.5824
   -118.955    34.5817
   -118.951    34.5802
   -118.945    34.5814
   -118.942    34.5846
   -118.929    34.5866
   -118.918    34.5871
   -118.907    34.5881
   -118.898    34.5877
   -118.892    34.5854
   -118.889    34.5834
   -118.889    34.5798
   -118.893    34.5797
   -118.903    34.5804
   -118.911    34.5813
   -118.918    34.5808
   -118.923    34.5808
   -118.927    34.5782
   -118.931    34.5772
   -118.942    34.5760
   -118.955    34.5732
   -118.967    34.5688
   -118.976    34.5676
   -118.984    34.5655
   -118.993    34.5650
   -119.000    34.5655
   -119.004    34.5668
   -119.013    34.5651
   -119.027    34.5614
   -119.044    34.5584
   -119.058    34.5558
   -119.072    34.5536
   -119.081    34.5547
   -119.091    34.5543
   -119.096    34.5544
   -119.098    34.5558
   -119.110    34.5583
   -119.124    34.5581
   -119.141    34.5593
   -119.148    34.5585
   -119.154    34.5587
   -119.156    34.5600
   -119.163    34.5619
   -119.169    34.5603
   -119.176    34.5605
   -119.183    34.5610
   -119.187    34.5629
   -119.193    34.5640
   -119.198    34.5649
   -119.203    34.5654
   -119.204    34.5678
   -119.206    34.5688
   -119.210    34.5683
   -119.215    34.5670
   -119.222    34.5656
   -119.228    34.5646
   -119.232    34.5629
