   -118.521    34.3402
   -118.529    34.3421
   -118.540    34.3472
   -118.557    34.3566
   -118.568    34.3650
   -118.579    34.3748
   -118.587    34.3804
   -118.590    34.3854
   -118.588    34.3912
   -118.586    34.3969
   -118.584    34.4037
   -118.581    34.4089
   -118.574    34.4141
   -118.566    34.4176
   -118.559    34.4193
   -118.556    34.4189
   -118.552    34.4159
   -118.545    34.4125
   -118.537    34.4049
   -118.531    34.3976
   -118.525    34.3888
   -118.521    34.3810
   -118.516    34.3721
   -118.512    34.3646
   -118.509    34.3592
   -118.506    34.3531
   -118.509    34.3470
   -118.511    34.3431
   -118.516    34.3394
